2815
3357
3598
3347
3345
3439
3475
3367
3435
2725
3599
3427
2551
3345
3417
3335
3463
3348
3468
2556
3438
3415
3460
3413
3301
3311
3451
3369
3354
3460
3426
2607
3481
3549
3145
3583
3377
3481
3565
3069
3069
2167
2195
2799
2399
2477
2440
2333
2111
2384
2293
2227
2389
2555
2652
2633
2391
2895
2947
2519
3451
3546
3498
2713
3606
3535
3645
3639
3633
3527
3659
3581
2999
2897
2789
2709
2552
2463
2285
1919
1662
2225
2157
2165
2260
2515
2625
2639
1871
2447
2441
3173
3337
3553
3644
3505
3607
3604
3505
3641
3635
3607
3509
2789
3412
3061
2931
2794
2063
2519
2147
2003
1700
2205
2119
2119
2157
1791
2444
2572
2645
2500
2385
2119
2975
3339
3546
2911
3459
3538
3556
3171
3056
3627
2950
3575
3525
3303
3051
2949
2585
2612
2352
2346
2273
2137
2157
2094
2128
2247
2271
1927
2637
1984
2427
2420
3013
3125
3667
3525
2943
3298
3575
3753
3741
3547
3561
3635
3501
3373
3195
3013
2829
2557
2471
2325
2339
2215
1774
2134
2189
2157
2283
2549
2485
2599
2387
2748
2900
3335
3461
3471
3372
3508
3631
3660
3543
3564
3573
3275
2871
3417
2487
3100
2873
2737
2594
2511
2309
2277
2205
2212
2181
2105
2231
2500
2071
2593
2575
2372
2863
3177
3475
3461
3437
3527
3540
3563
3461
3457
3554
3573
3461
3515
2885
2396
3023
2263
2491
2538
2436
2285
1900
2193
1799
2111
1955
2405
2631
2677
2787
2939
2865
3133
3532
3403
3295
3497
3479
3366
3493
3401
3317
3563
3503
2997
3261
3178
3085
2893
2802
2601
2485
2409
2359
1693
2294
2301
1939
2253
2512
2668
2709
2693
2603
2375
3207
3399
3256
3349
3483
3445
3399
3484
3501
3517
2644
3517
3210
3274
3151
3011
2635
2685
2623
2427
2444
2441
2381
2361
2337
2325
2239
2685
2735
2326
2529
2499
3005
3399
2567
3375
3429
3455
3333
2753
3524
3507
3487
3521
3439
3123
3253
3039
2871
2777
2567
2243
2253
2427
2449
2409
2359
2439
2067
1820
2716
2801
2391
2690
2756
3349
3265
3347
3231
3409
3415
3429
3463
2756
3508
3003
3437
2693
3337
3212
3066
2817
2737
2653
2517
2517
2473
2581
2465
2463
2485
2544
2359
2581
2361
2523
2999
2987
3357
3341
3331
3397
3301
3283
2587
3324
3421
3331
3381
3472
3183
3255
3122
2949
2803
2127
2591
2641
2623
2594
2583
2613
2716
2537
2494
2360
2287
2251
2581
2368
2583
2798
3293
3367
3335
3309
3375
2899
3402
3231
3440
3423
3217
3505
3221
3061
2901
2371
2655
2661
2609
2087
2511
2131
2533
2615
1927
2513
2150
2431
2436
2454
2626
3415
3311
3271
3369
3349
3099
3305
3364
3335
3144
3283
2628
2967
3309
2973
3095
2969
2805
2711
2631
2531
2601
2567
2669
2563
2617
2559
2605
2621
2392
2476
2883
2284
3429
3351
3367
3346
3315
3347
3325
2536
3237
3341
2684
3245
3365
3292
3229
3050
2841
2705
2679
2653
2605
2567
2527
2227
2559
2647
2545
2589
2469
2375
2572
2231
2894
3180
3127
3219
3147
3420
3222
3279
3241
2964
3334
3112
3317
3338
3281
3167
2973
2885
2796
2625
2628
2678
2655
2069
2601
2613
2530
2614
2498
2303
2437
2703
2381
3257
3173
3239
3266
2631
3195
3316
3247
3311
3402
3355
3281
3305
3445
3185
3049
2981
2772
2615
2557
2608
2515
2562
2505
2545
2453
2367
2501
1856
2437
2501
2453
2844
3369
3255
3293
3165
3209
3317
3233
3187
3132
3293
2516
3193
3408
3288
3255
3111
2905
2839
2068
1956
2575
2501
2639
2543
2393
2597
2551
2605
1935
2537
2625
2783
2775
3207
3146
3180
3187
3268
3164
3249
3210
3295
2811
3026
3333
3443
3157
2420
3032
2865
2823
2623
2649
2637
2147
2561
2591
2471
2659
2653
2640
2579
2567
2597
2484
2675
3116
3189
3277
3262
3311
2740
3108
3283
3407
3155
3311
3351
3350
3203
3197
2967
2183
2499
2600
2711
2227
2599
2688
2733
2701
2749
2591
2629
2593
2526
2623
2835
2811
3108
3251
3221
3141
3217
3125
3189
3165
2867
3231
3287
3271
3304
3236
3348
2269
2847
2789
2839
2750
2793
2700
2629
2775
2749
2044
2609
2589
2551
2482
2112
2715
2879
3207
3175
3240
3224
3117
2727
3324
3169
3373
3245
3301
3309
3244
3216
3095
3065
2913
2901
2816
2757
2707
2770
2789
2727
2895
2692
2717
2613
2507
2519
2625
2452
3249
3231
3219
3292
3127
3164
3238
2519
3250
3305
3269
3271
3253
3356
3199
3161
2957
2845
2381
2757
2495
2307
2716
2103
2625
2697
2549
2641
2477
2549
2538
2681
2151
3299
3092
3089
3143
2527
2607
3085
3137
3239
2723
3229
3205
3401
3199
3109
3057
3027
2871
2812
2741
2501
2188
2513
2448
2525
2477
2533
2391
2449
2520
2302
2175
2749
3293
3123
2636
3151
3097
3005
3265
3165
3174
3240
3325
3301
3303
3277
3101
3087
2828
2851
2520
2338
2628
2570
2523
2519
1932
2515
2471
2511
2493
2037
2521
2721
2789
3137
3148
3057
3133
2975
3044
3145
3169
3165
3173
3202
3217
3247
3160
3292
2687
2953
2879
2849
2719
1927
2331
2461
2481
2543
2469
2387
2509
2455
2507
2132
2655
2645
3157
3092
3167
3137
2497
3171
2519
3173
3207
3132
3173
2759
2471
3345
3166
3063
3029
2970
2815
2735
2531
2497
2565
2549
2449
2555
2377
2367
2455
2513
2525
2695
2731
3123
3125
3100
3132
3155
2975
3156
3099
3085
2439
3261
3295
3342
3181
3049
2799
2986
2869
2733
2631
2207
2291
2493
1941
2467
2547
2477
2411
2503
2329
2545
2504
3109
3029
3103
3130
3111
3047
3117
3060
3211
3148
3277
3140
3317
3263
3136
3199
3167
2933
2883
2645
2701
2581
2608
2567
2628
2340
2624
2580
2455
2575
2513
2038
2661
3113
3107
2903
3116
2432
3081
2373
3173
3103
3279
3297
2751
3382
3313
3135
3090
3089
2579
2853
2106
2655
2628
2525
2567
2739
2937
2511
2833
2084
2645
2624
2514
2573
2543
2431
2487
2540
2451
2489
2029
2764
3097
2487
2415
3039
3025
3159
3057
3237
3199
3279
3119
3333
3401
2455
3189
3059
3031
2935
2823
2713
2717
2216
2551
2195
2481
2532
2409
2508
2439
2496
1999
2557
2679
3052
3029
3089
3140
2423
3185
3091
3169
3220
3103
3273
3253
3280
3252
2359
3065
3003
2953
2543
2823
2863
2707
2561
2501
2497
2541
2395
2439
2421
2487
2465
2031
2765
2948
2921
2534
2969
3107
3061
3153
3181
3265
2985
2663
3306
3363
3153
2685
3131
2974
2972
2865
2644
2774
2764
2550
2502
2523
2500
2344
2014
2385
2469
2535
2509
2975
2797
3009
3009
3043
3148
3117
3081
3217
3108
3219
3300
3357
3237
3209
3162
3061
2563
2891
2797
2815
2407
2653
2644
2259
2431
2511
1815
2492
2320
2515
2349
2565
2858
2958
2963
2991
2981
3109
3165
2716
3105
3148
3203
3313
3382
3316
3123
3095
3141
2957
2816
2853
2729
2719
2685
2605
2565
2517
2480
2473
2413
2513
2593
2115
2709
