2319
2509
2616
2578
2433
2554
2679
2627
2095
2607
2511
2577
2351
2243
1992
2746
2537
1962
2629
2535
2367
2755
2367
2560
2527
2722
2571
2777
2570
2507
2571
2599
2559
2550
2577
2509
2547
2550
2545
2735
2527
2535
2514
2612
2538
2526
2689
2538
2159
2394
2534
2543
2516
2872
2531
2570
2518
2577
2616
2609
2118
2655
3012
2827
2825
2940
3026
2751
3286
2688
3143
3119
3219
3068
2883
2773
2751
2432
2667
2210
2147
1687
2058
2110
2109
2141
2037
2067
2238
2082
1663
2218
2339
2290
2207
2171
2287
2585
2498
2610
3061
3051
2974
2531
2843
2959
2961
3055
2887
3007
3071
2810
2967
3104
2401
3224
3117
2984
3306
3220
3155
3112
3046
2279
2795
2937
1859
2101
1642
2040
2058
1495
2027
2103
1747
2066
1635
2088
1818
1933
1935
2044
2026
2181
2089
2039
2240
2626
2681
2495
2924
3153
3156
3179
3154
2785
2375
2925
3016
2887
2983
3110
2973
3015
3045
3023
2596
3330
3113
3091
3129
3295
3085
2516
2665
2424
2305
2091
2246
1969
1963
1922
1937
1658
1864
2152
1412
2031
1803
1823
1699
1957
2033
2001
2092
2032
2381
2144
2426
2489
2915
3039
2971
2958
2975
3000
2950
3149
2579
2247
2971
2977
2849
3019
3039
3035
3035
2533
3251
3124
3125
2439
3030
2389
2821
2209
2143
2110
2129
1959
1582
1959
2119
1642
2095
1851
1752
2085
2063
1809
1863
1575
1937
1946
1500
1470
1977
2538
2603
2515
2932
3048
3125
2398
3015
2866
2927
2935
2330
2431
2881
3019
2883
3044
3271
3165
2911
2723
3109
3205
3291
2414
3045
3113
2183
2820
2669
2611
2389
1836
2024
1861
1857
1757
1803
1773
1833
1820
1416
2095
2039
2098
2024
2313
2282
2149
2129
1811
2506
2460
3000
2937
3086
2950
2981
3020
2973
2959
2856
3211
2906
2901
2861
3110
3061
2883
2937
2543
2859
3010
2792
2781
2302
2829
2815
2841
2398
2838
2779
3012
2787
2951
2986
2883
2847
2383
2819
2950
2742
2729
2815
2921
2870
2847
2594
2839
2558
2755
2776
2814
2807
2828
2375
2880
2124
2842
2414
2870
2148
2853
2882
2938
2524
2949
3326
2962
3230
3187
2788
2835
3351
2383
3237
3172
2868
2675
2522
2618
2116
1418
1870
2075
1539
1951
1430
2039
2192
1727
1778
2013
1881
2159
2062
1826
2195
1997
2111
1923
2464
2497
3060
2483
3036
2881
2977
2996
2987
2951
2939
3154
2981
2662
3045
2995
3045
2991
3126
3127
3053
3123
3371
3025
2392
2929
2419
2541
2437
1927
2018
1890
1983
1455
1962
2030
1603
1951
1723
1957
1895
1984
1887
1974
2094
2039
2096
1700
1871
2225
2099
2167
2935
3091
3157
3001
2735
2971
2960
2891
2967
2471
2855
2979
2969
2839
3113
2336
3172
3149
2919
3290
3173
3255
3041
3215
2832
2289
2346
2310
2036
2200
2169
2149
1839
1941
1664
2020
1875
1853
1861
1523
1779
1942
1909
2017
1740
2183
2032
2413
2620
2564
3115
3135
2311
2739
2675
3035
2999
3038
2833
3111
2973
2963
3065
3037
3054
3063
2505
3049
3071
3025
3219
3071
2990
2867
2733
2599
2173
2546
2495
1518
1845
1854
1652
1785
1826
1727
1816
2063
1795
1524
1802
1954
2119
2070
2005
2088
2164
2125
2018
2645
2908
3115
2938
2897
3096
3017
3023
3153
2703
2677
3081
2380
3133
2987
3045
3170
3300
3190
3060
2797
3118
3044
3023
2879
2790
2850
2355
2425
1919
2015
1890
1851
1796
1859
1785
1829
1784
1436
1691
1865
1610
1959
2079
1711
2129
2040
2256
2163
2423
2478
2911
3023
2867
2343
2951
2947
3087
2961
2899
2931
2377
2925
2937
2675
3055
2892
2835
2630
2867
2847
2989
2771
2180
2415
2823
3005
2404
2810
2827
2849
3026
2819
2836
2775
2814
2558
3087
2805
2857
2847
2770
2787
2164
2801
2815
2887
2943
2789
2819
2911
2753
2291
2819
2811
2726
2595
2795
2974
2646
2573
2858
2805
2760
2761
2649
2791
3015
2625
2143
2859
2790
2809
2772
2919
2797
2776
2998
2188
2356
2963
2693
2942
2663
2971
2844
2638
2789
2723
2777
2917
2783
2483
2923
2943
3087
2722
2245
2247
2845
2915
2741
2731
2649
2877
2739
2655
2640
2749
2773
2148
2255
2814
2774
2955
3055
2149
2791
2714
2848
2847
2745
2763
2820
2723
2955
2888
2906
2816
2595
2635
2901
2761
2787
2723
2531
2751
2826
2941
2800
2214
2935
2732
2825
2957
2831
2551
2355
2858
2901
2723
2487
2751
2730
2687
2979
2762
2799
2775
2470
2842
2854
2515
2895
2830
2804
2087
2570
2471
2411
2188
1939
2102
2206
1947
1889
2027
1511
1846
1814
1760
1808
1741
1773
1755
1732
1647
1857
1750
1879
1479
2046
1922
2658
2967
3031
2945
2455
3172
3466
2663
3349
3248
3080
3068
2740
3220
3035
2832
3147
3094
2946
2215
2919
3093
3054
2787
2739
2799
2554
2265
2220
2111
2096
1677
2166
1447
1828
1455
1640
1877
1845
1861
1861
1853
1780
1807
2010
1853
1852
1886
1855
1941
2082
2479
2840
2930
3013
3016
3304
3262
3064
3101
3178
3055
2973
2963
2955
3135
2680
2981
3124
3095
2960
2431
2199
2983
2783
2731
2794
2395
2341
2266
2174
1934
1968
1966
1991
1838
1902
1744
1862
1802
1809
1855
1643
1568
1889
1956
1850
1891
1849
1955
1495
2668
2431
2863
3206
3245
3191
3102
2972
3050
3063
3172
2824
3125
2948
2368
2960
3123
3011
2967
2751
2607
2859
2431
2913
2767
2686
2353
2482
2176
2271
2151
2135
1953
2013
1875
1696
1738
2013
1571
1502
1775
1717
1807
1881
1722
1967
1963
2191
2031
1865
2799
2761
3023
3262
3381
3336
3177
3282
3046
2723
3058
3206
2957
3192
2988
3155
3108
3056
2959
2913
2950
2848
2867
2731
2911
2529
2595
2416
2246
1998
2301
2268
1918
2129
2037
1951
1751
1662
1811
1859
1722
1741
1770
1762
1966
2052
1882
1862
2023
1853
2582
3054
3114
2824
3343
3302
3242
