3390
3432
3371
3327
2535
3295
2703
3261
3397
3403
3301
3395
3305
3257
2539
3403
3380
3401
3335
3395
3241
2850
3316
3319
3300
3295
3393
2626
3333
3419
3415
3401
3397
3379
3396
3457
3189
3305
3300
3387
2479
3397
2527
3273
3419
3301
3149
3415
3421
3405
3231
3535
3404
3351
2851
3545
3336
3605
3607
3663
3516
3373
3009
2713
2653
2437
1732
2221
2171
2296
2192
2161
2140
2185
2407
2508
2333
2464
2629
3244
3205
3475
3475
3519
3539
3607
2927
3389
3557
3115
3583
3351
2807
2955
2696
2127
1923
2023
2185
1661
2173
1647
2015
2127
2271
2385
2301
2389
2519
3063
3189
3318
3501
3415
3563
3407
3551
2863
3507
3548
3423
2628
3277
3015
2845
2685
2580
2339
2316
2162
2147
2096
2161
2101
2212
2005
2389
2313
2515
2855
2987
3455
3357
3379
2671
3472
2599
3500
3263
3541
3543
3011
3333
2415
2999
2733
2597
2367
2431
2253
2247
1767
2300
2183
2117
2389
2535
2063
2513
2495
3028
3445
3379
3428
2867
3355
3433
2589
3406
3487
3525
3184
3487
3317
2739
2839
2709
2625
2500
2415
2241
2329
2337
1790
2261
1728
2355
1847
2394
2537
3011
3005
3261
3333
3415
3335
3442
3354
3327
3416
3388
3365
3536
3057
3219
2983
2815
2609
2563
1871
2446
2385
2184
2325
2390
2325
2415
2361
2423
2496
2683
2164
3393
3221
3335
3397
3273
3401
2572
3319
3401
3428
3483
3256
3227
3231
2943
2263
2591
2315
2509
2399
2453
2397
2389
2381
2451
2335
2539
2012
2591
2623
2832
3407
3118
3284
3293
3359
3349
3383
2598
3396
3442
3411
3371
3289
2397
2309
2807
2620
2551
1831
2473
2431
2477
2128
2437
2501
2457
2475
2455
2545
2917
3025
3309
3293
3335
3173
3335
3341
2665
3366
3315
3327
3520
3463
3223
3071
2869
2624
2736
2593
2460
2471
2423
2470
2363
2426
2436
2411
2455
2445
2571
2843
3535
3285
3346
3269
3191
3319
3263
3239
3484
3325
3399
3358
3379
3246
2965
2775
2416
2679
2434
2519
2441
2451
2497
2451
2578
2450
2403
2423
2443
2840
2975
3291
3308
3349
3069
2569
3249
3267
3209
2904
3301
3293
3398
3316
3337
3017
2815
2630
2573
2131
2493
2421
1895
2503
2575
2455
2389
2449
2268
2022
2729
2579
3243
3197
3315
3303
3267
3281
3287
2468
3363
3295
3323
3389
3284
3060
2924
2819
2694
2577
2463
1844
2003
2452
2513
2517
1866
2375
2473
2460
2484
2775
3203
3281
3289
3231
3311
3187
3255
3217
3228
3199
3249
3261
3411
3239
2961
2167
2719
2598
2481
2497
2373
1863
2340
2471
2435
2417
2208
2604
2506
1991
2760
2685
3229
2939
3257
3157
3175
3053
3265
3173
3290
3283
3285
3113
3229
3215
2839
2549
2319
2475
2469
2412
2397
2449
2421
2440
2357
2455
2407
2423
2583
2743
3233
3228
3283
3229
3254
3284
3229
3273
3165
3296
3315
3269
3322
3183
3013
2757
2599
2642
2483
2361
2391
2389
2347
2389
2316
2306
2430
2449
2477
1863
2767
3217
2703
3221
3150
3121
3167
3131
3069
3235
3261
3271
3295
3285
3252
2953
2833
2661
2516
2598
2373
2335
2276
2291
2414
2329
2345
1879
2461
2389
2689
2767
2645
3180
3045
3209
3099
3120
3069
3123
3089
2911
3305
3295
3243
2954
2916
2740
2641
2485
2479
2413
2375
2277
2383
2379
2268
1964
2485
2423
2477
2703
2023
3099
2913
2969
3183
2295
3151
3191
2995
3239
3069
3224
3280
3397
2934
2878
2641
2735
2613
2533
2326
2303
2415
2285
2228
2289
2415
2569
2414
2454
2528
2661
2989
3087
3159
3179
3143
2767
3196
3185
2455
2992
2868
3263
2965
3023
2768
2956
2629
2583
2452
2327
2257
1711
2303
2303
1879
2065
1821
2464
2492
2711
2545
3079
3057
3011
3061
3155
3059
3101
3239
3175
3159
3221
3290
3313
2903
2805
2655
2565
2535
2368
2239
2279
2259
2279
2001
2297
2231
2477
2604
2458
2513
2641
3280
2621
2765
3096
3051
3095
2685
3197
3225
3099
3371
3377
2959
2860
2800
2711
1950
2526
2358
1751
2277
2257
2269
2225
2255
2353
2453
1859
2493
2647
3005
3060
3055
3101
3117
2999
3292
3191
3180
3239
2595
3361
3269
3097
2879
2800
2707
2610
2431
2411
2300
2361
2177
2209
2228
1719
2527
2451
2391
2557
2529
3115
3063
3115
3113
2360
3043
3100
3061
2374
2876
3289
3263
3535
3005
2267
2348
2761
2353
2131
2385
2333
2212
2289
2173
2221
2079
2441
2509
2493
2535
2597
3045
2953
3012
3097
3118
2271
3139
3109
3189
3165
2564
2647
3241
3071
2943
2757
2719
2634
2093
2404
2275
2275
2265
2227
2221
2279
2468
2547
2566
2437
2663
2999
3059
3008
2311
3095
3167
3194
3173
3039
3199
3399
3241
3221
3071
2891
2831
2660
2260
2189
2325
2313
2111
2253
2033
2167
2357
2617
2463
2559
2148
2979
2919
3029
2719
3003
2853
3133
3159
2939
3287
3221
2471
3283
3045
3045
2769
2741
2359
2385
2373
2111
2217
2215
2154
2149
2089
2565
2540
2533
2599
2581
2215
3079
2999
3117
2765
3055
2863
3156
3243
3348
3349
3428
3412
3021
2876
2824
2696
2477
2452
2325
2412
2224
2240
1943
2151
2239
2465
2541
2557
2093
2773
2997
2961
3084
3091
2964
3159
2768
3166
3245
3223
3253
3422
3377
2959
2967
2836
2669
2438
2271
1955
2247
2210
2177
2147
2149
2295
2555
2527
2303
2895
3016
2965
2965
3133
3117
3212
3179
3156
3248
2527
3239
3314
3295
3340
3005
2865
2666
2577
2515
2336
2297
2310
1620
2217
2147
2213
2453
2667
2643
2609
2879
2206
3152
3127
3239
3169
3103
3207
3229
3322
3310
2880
3323
3397
2371
2903
2789
2713
1799
1791
2373
1692
2265
2213
2012
2196
2263
2591
2417
2557
2687
2898
3133
3143
2975
3055
3127
3179
3275
3284
3245
3295
2511
3301
3271
3236
2932
2755
2693
2511
2399
1690
1722
2213
1743
1973
2165
2448
2655
2147
2601
2800
2865
3180
3223
3123
2573
3049
2399
3397
3295
3265
3263
3405
3419
3219
2950
2423
2725
2063
2396
2337
2175
2183
2167
2133
2024
1829
2289
2379
2693
2621
2753
2960
2500
3101
2744
3143
3195
3286
3291
2755
3472
3396
2797
3454
3095
2957
2119
2643
2513
2399
2257
2231
2181
2221
1543
2197
1875
2557
2633
2629
2627
2885
2519
3213
3262
2595
3249
3305
3253
2757
3136
3404
3387
3281
3389
3057
2845
2775
2613
2410
2476
2263
1629
2079
2160
2062
1668
2379
2727
2621
2610
2759
2215
3228
3071
2444
2492
3267
3308
3237
3249
3385
3364
3295
3371
3287
2968
2775
2559
2567
2462
2373
2221
2213
2183
2076
2037
2293
2296
2678
2577
2648
2679
2875
2220
3067
3188
2525
3045
3258
3287
3431
3405
3456
3439
3381
3308
2371
2812
2655
2431
2401
2303
2456
2209
2064
2141
1907
2275
2483
2669
2583
2611
2725
2951
3043
3060
3127
3247
3299
2803
3357
3397
3296
3393
3007
3324
3173
2753
2263
2617
2501
2421
2313
2147
2177
2075
1487
2103
2491
2497
2165
2481
2589
2927
2981
2975
3130
2643
3285
3429
3311
3325
3397
3301
3333
3498
2479
2964
