2871
2938
2867
2916
2853
3055
2889
2833
2543
2847
3023
3106
3071
2966
2911
3172
2930
2958
2972
3212
2997
2909
3016
2888
3052
3208
2806
2920
3051
2884
3111
2776
2247
2777
3111
2925
2926
2639
2910
2987
3212
2765
2931
2592
2916
3090
2551
3066
3099
2999
2865
2910
2994
2890
2911
2914
2338
2892
2939
3004
3095
2990
3033
3103
3042
3071
2740
2948
3102
2919
2925
2928
2911
2913
3143
2921
3095
2470
3069
2888
2937
2939
2880
2831
2925
2925
2917
2874
2927
3093
3100
2915
2593
2576
3106
2563
2883
2917
2895
2375
2351
2716
3070
2215
3055
2575
2393
3043
2875
3081
2930
2408
2955
3105
2979
3049
2903
2911
2194
3067
2906
2719
2362
2215
2517
2901
2981
2936
3082
3004
2991
3088
3069
2580
2431
2914
2993
3083
2935
2525
3098
2911
3041
3091
2383
3113
2920
2903
2943
2918
2979
2204
3070
2944
2935
2828
2921
2934
2931
2524
2664
3059
2906
2894
2879
2556
2931
2451
3087
3099
2995
3041
2926
2324
2899
2407
2924
3045
2914
2890
2680
2342
2955
2907
3056
2927
3041
2909
2880
2973
2543
2287
2930
3071
2911
3055
3017
3101
2936
2999
2841
3104
2884
2989
2927
3095
2931
2889
3018
2874
2460
2452
2908
3111
3055
3099
2323
3052
2487
3092
3189
3325
3342
3357
3262
3338
3185
3187
3257
2990
2963
2968
2319
2079
1991
1906
1895
1841
1844
1804
1779
1961
1351
1423
1622
1867
1779
1809
1875
1881
2095
2137
1999
2144
2095
2507
2667
2751
3022
2423
3325
3210
3420
3269
3350
3345
3314
3360
3324
3274
3269
3262
3365
3177
3402
2878
3305
3247
2614
3327
2966
2766
2466
2352
2253
2287
1727
1955
1776
1973
1748
1818
1852
1874
1735
1727
1758
1769
1415
1839
1957
1484
1972
2109
2087
1811
2504
2013
2711
3137
3209
3218
3332
3306
3435
2984
2599
3217
2901
3295
3282
2995
2903
3368
3334
3333
3260
3333
2867
3196
3021
2904
2425
2369
2079
2111
1977
1951
1776
2012
1854
1979
1961
1680
1855
1882
1903
1749
1887
1839
1981
1697
1948
1891
1615
2346
2500
2670
2741
2869
3304
3440
3275
2532
3293
2606
3429
3229
3435
3274
3297
3225
3306
3323
3346
3386
3333
3373
3381
3378
2709
2535
3063
2224
1566
2000
1966
1872
1424
1871
2023
2026
1396
1722
1763
1484
1669
1895
1954
1761
1968
1987
1615
1727
1412
1954
2907
2626
2736
2843
3193
3359
3286
3235
3358
3222
3290
3375
3241
3295
3470
2658
3381
3434
3501
3255
3430
2501
3261
3190
3065
2755
2911
2309
1991
2009
2118
1455
1959
1845
1874
1695
1424
1685
1679
1674
1939
1727
1972
1909
1430
1811
1987
2037
1845
1938
2620
2415
2344
2715
3247
3265
3204
2503
3281
3277
2948
3239
3243
3254
3319
3173
3369
3225
2959
3291
3201
3321
2439
3408
2597
3162
3179
3228
3295
3048
3173
3339
3169
3264
2471
3118
3125
3222
3336
2420
3114
3160
3230
3170
3123
3252
3102
3307
3159
2420
2407
3295
3197
3149
3193
2983
3189
3281
3142
3251
3171
2851
3086
3093
2540
3187
3287
2927
2476
3135
3189
3291
2683
3188
3236
3141
3147
3115
3247
3139
3275
2687
3117
2712
2847
3067
3129
3110
3275
3143
3124
3132
2760
3112
3171
3083
3157
3260
3109
3107
3195
3268
3375
3195
2831
2913
3105
3403
3093
3111
3271
3129
3107
3031
2566
1960
2354
2293
2208
2269
2064
2132
1619
1914
2000
2034
1591
1707
1871
1812
1951
1843
1608
1556
1981
1754
1802
1848
1858
1603
2161
2068
2465
3093
3083
3040
2984
3575
3320
3323
3297
2831
2815
3367
3218
3243
3244
2536
2937
3211
3179
3103
3064
2386
2375
2931
2884
2567
1600
2143
1983
1953
1908
2118
1498
1807
1739
1672
1685
1757
1223
1599
1703
1903
1827
1707
1747
1992
1815
1913
1383
1887
2034
2920
2896
3060
3177
3621
3493
3337
2520
3314
3294
3231
3249
3176
2439
3199
3219
3244
2470
3161
3125
3133
3179
3142
2726
2530
2426
2342
2543
1893
2063
2001
1920
1745
2124
1633
1698
1643
1466
1882
1766
1768
1782
1618
1832
1971
2063
1607
2097
1951
2278
3166
2953
3112
2471
3420
3327
3269
3313
3535
3390
3294
3400
3167
3239
3225
2895
3233
2723
3294
3146
3061
3065
3040
2758
2581
2603
2288
2291
2274
2303
2099
2179
1349
1787
1774
1883
1681
1674
1799
1752
1698
2026
1916
2033
1872
1938
1603
2100
2002
2178
2687
3029
2567
3239
3483
3415
2516
3324
3318
3386
2853
3462
2877
3052
3226
2575
3407
3339
3103
3250
2372
2986
2691
2284
2533
2463
2437
1479
2082
1880
1965
1871
1808
1679
1939
1839
1681
1681
1868
1863
1689
2020
1873
1799
1886
1510
1640
2009
1902
2121
2020
3088
3282
3177
3545
2599
3283
3467
3295
2439
3185
3379
3395
3242
3220
3213
2893
3197
3140
3247
3241
3188
3347
3239
3187
3092
3187
3155
3285
3255
2703
2723
3108
3205
3271
3243
3084
3092
3117
3120
3115
3128
3241
3130
3106
2735
3255
3129
2836
3170
3222
3114
3246
3250
3248
2675
3179
3256
3155
3252
3277
3110
3110
3179
2531
3240
3067
3124
3237
3067
2648
3124
3147
2547
2787
3210
3254
3087
2415
2707
3035
3104
3087
3126
3096
2486
3069
3255
3089
3178
2495
3049
3033
3067
3047
3040
3089
3078
3250
3246
3093
3129
3054
3015
2611
2378
3009
2985
3047
3083
2682
2375
3070
3071
3059
3245
3153
3225
3081
3206
3246
3228
3247
3177
3083
3029
2913
3101
2595
3107
3154
3065
2881
3145
3237
3015
2398
3089
2945
3057
2626
2492
3298
3242
2447
3215
2996
2343
3022
3230
2911
3311
2896
3239
3210
3067
3058
3045
3045
3019
3227
2863
2909
3222
3053
2554
3026
3148
2913
3059
3010
3088
3015
3211
3028
3185
2611
2292
2937
3221
