2629
3341
3435
3525
3327
3491
3511
3482
2865
3514
3403
3470
3369
3463
3509
3453
3493
3259
3412
3511
3475
3487
2719
3444
2660
3455
2679
3415
3540
2883
3468
2756
3536
3441
3441
3479
3504
3479
3495
3611
3509
2703
3509
3047
2925
3505
3180
2935
2885
2805
2661
2703
2593
2645
2621
2673
2613
2556
2669
2657
2629
2629
2626
2629
2236
2583
2673
2717
2684
2661
2247
2188
2893
3131
2917
3385
3319
3499
2717
3622
3562
3501
3511
3547
3572
3449
3451
3539
3509
3497
3622
2951
3460
3525
3536
3450
3238
2934
2868
2801
2808
2667
2645
2547
2625
2351
2615
2135
2135
2550
2355
2581
2551
2524
2044
2342
2516
2504
2057
2621
2589
2873
2834
2629
3125
3239
3431
3380
3487
3541
3543
3724
3499
3486
2790
3525
3652
3570
3465
3535
3569
3594
3513
3559
3583
2959
3109
2947
2893
2783
2341
2693
2596
2528
2615
2576
2601
2525
2577
2589
2599
2555
2549
2200
2465
2631
2573
2149
2599
2119
2751
2020
2705
3327
3069
3343
2839
3446
3433
3535
3573
3543
3253
2887
3495
2951
3281
3506
3511
3569
3608
3577
3511
3540
3555
2847
3043
2967
2807
2728
2653
2164
2405
2469
2609
2013
2579
2236
2615
2572
1894
2541
2487
2489
2497
2573
2744
2636
2645
2705
2707
2655
2935
3021
3247
3361
3460
3407
3179
3543
3581
3487
3557
3026
3531
3501
3540
3509
3548
3510
3513
3525
3537
3575
3557
3391
2303
2970
2813
2677
2709
2661
2732
2614
1975
2559
2625
2605
2517
2576
2529
2517
2475
2485
2317
2541
2623
2151
2722
2287
2761
2497
2903
3091
3261
3421
2815
3405
3509
3547
3515
3540
3489
3577
3571
2868
3565
2940
3568
3551
3530
3519
3570
3521
2939
3199
2992
2943
2863
2701
2660
2669
2621
2631
2615
2581
2488
2527
2551
2558
2557
2541
2465
2521
2549
2580
2431
2725
2605
2717
2679
2133
2535
3195
3307
3380
3164
2695
3591
3291
3599
3401
3571
2764
3572
3511
3583
3005
3491
3170
3551
3631
3525
3571
3572
3173
3037
2879
2821
2291
2020
2649
2604
2179
2333
2541
2615
2545
2076
2567
2533
2505
2432
2509
2551
2629
2695
2556
2838
2717
2162
2423
3045
2396
3335
3407
3455
3532
3511
3556
3695
3522
3583
2725
3511
3495
3453
3559
3299
3548
2932
3655
3563
3565
3385
3159
2997
2921
2801
2725
2655
2058
2545
2323
2349
2699
2439
2549
2512
2487
2556
2028
2453
2639
2555
2635
2711
2795
2738
2687
2765
2783
2855
3207
3268
3494
3171
3527
3111
3526
3677
3543
3474
3565
3493
3532
3341
3555
3644
3497
3547
3611
3546
3579
3291
3088
2257
2907
2645
2725
2649
2612
2554
2567
2577
2505
2480
2507
2541
2545
2531
2461
2543
2507
2549
2621
2653
2709
2727
2759
2817
2669
3210
3173
3367
3369
3491
3525
3579
3509
3559
3597
3285
3562
3083
3741
3529
3519
3595
3545
3429
3446
3555
3541
3317
3013
2620
2883
2751
2724
2251
2593
2550
2597
2493
2692
2533
2533
2531
2475
2023
2481
2512
2529
2589
2654
1988
2036
2676
2699
2684
2917
2540
3217
3313
3365
3481
3601
2728
3529
3487
3569
3461
3563
3579
3591
3605
3520
3607
3515
3569
3514
3557
3517
3525
3523
3541
3557
3139
3515
3569
3527
3596
3514
3522
3479
3300
3459
3463
3359
3433
3285
3359
3367
3368
3155
3325
3375
3319
3339
3361
3301
3392
3327
3289
3381
3327
3383
3325
3381
3335
3305
3276
3300
3295
3291
3317
3365
2963
3401
3367
3284
3401
3303
3283
3364
3349
3319
3333
3286
