3460
3461
3431
3437
3399
3455
3486
3412
2727
3515
3397
3483
2641
3478
3475
3333
3441
3409
3359
3483
2664
3425
3479
3485
3407
3472
3521
3357
3369
3621
3569
3525
3521
3557
2969
3461
3629
3551
3613
3220
3167
3053
2991
2803
2953
2479
2925
2889
2543
2868
2823
2815
2867
2865
2525
2860
2805
2801
2769
2780
2916
2815
2885
2785
2863
2981
3153
3199
3280
3370
3347
3465
3503
3604
2759
3551
3609
3619
3027
3538
3539
3639
3606
3515
3531
3571
2887
3591
3556
3529
3169
3158
3031
2207
2917
2853
2833
2861
2769
2791
2825
2891
2767
2821
2821
2783
2791
2154
2735
2791
2811
2901
2916
2833
2899
2903
2969
3223
3085
3159
3477
3415
3573
3616
3393
3573
3540
3519
3523
3575
3555
3549
3496
3571
3629
3541
3548
3539
3530
3353
3261
3141
3039
2513
2881
2176
2829
2852
2815
2276
2719
2741
2159
2796
2821
2069
2665
2697
2711
2741
2831
2815
2705
2864
2703
2897
3036
3140
3269
3383
3459
3391
3530
3579
3550
3559
3573
3556
3511
3519
3565
3574
3504
3627
3583
2903
3532
3183
2839
3605
2905
3089
2985
2979
2913
2841
2623
2781
2823
2769
2635
2800
2764
2744
2495
2691
2417
2691
2713
2696
2775
2793
2725
2711
2803
2924
2819
2597
3211
3370
3373
3327
3557
3630
3556
3534
3509
3591
3521
3579
3561
3578
2823
2781
3517
3526
3091
3722
3577
3521
3085
3157
3037
2957
2909
2847
2803
2823
2825
2717
2765
2591
2709
2750
2685
2699
2687
2645
2783
2719
2781
2741
2763
2804
2912
2995
3119
2407
3316
3365
3331
3535
3599
3595
2823
3557
3507
3512
3507
3619
3545
2727
3501
3613
3555
3607
2943
3533
3553
3573
3235
3093
2977
2924
2854
2847
2801
2803
2757
2757
2779
2403
2705
2677
2643
2631
2647
2647
2734
2559
2765
2725
2765
2747
2610
2919
2973
3203
3316
2705
3384
3469
3581
3523
3541
3595
3562
3538
3515
3543
2911
3607
3435
3581
3617
3647
3531
3563
3559
3245
3191
3116
2989
2852
2431
2775
2801
2785
2741
2757
2687
2743
2385
2647
2693
2671
2696
2708
2655
2663
2773
2724
2747
2809
2791
2901
3005
3277
2889
3412
3428
3443
3505
3652
3395
2911
3495
3561
3599
3538
3580
3505
3481
3580
3625
3554
3513
3507
3548
3400
3285
3079
2929
2929
2834
2835
2769
2697
2661
2763
2737
2733
2647
2649
2175
2437
2569
2647
2675
2663
2824
2813
2717
2089
2783
2947
3071
3201
3307
3357
3415
3532
3604
3490
3500
3489
3548
3559
3579
3583
3437
3517
3540
3553
3575
3579
3539
2919
3597
3325
3239
3053
2629
2852
2399
2769
2501
2884
2199
2523
2735
2757
2610
2649
2669
2690
2407
2581
2685
2792
2428
2704
2781
2809
2780
2987
2687
3103
3367
3380
3399
3541
3541
3569
3557
3513
3485
3446
3660
3603
3487
2743
3596
3539
3514
3307
3105
3541
3565
3217
3223
2739
3009
2885
2830
2768
2808
2789
2759
2435
2675
2172
2621
2481
2593
2645
2175
2661
2723
2749
2863
2369
2709
2731
2797
2820
2549
3343
3347
3331
3437
3541
3561
3547
3533
2845
2852
3495
3604
3599
3636
3597
3464
3445
3564
3531
3423
3574
3523
3392
3685
3572
3549
3475
2935
3529
3620
3527
2757
3545
3090
3403
3461
3521
3469
3537
3493
3429
3423
3533
3443
3487
3505
3420
3572
3566
3497
3453
3453
3391
3439
3272
2967
3433
3487
3445
3447
3399
3439
3419
3405
3447
3437
3466
3533
3451
3500
3430
3439
3511
3409
3459
3414
3459
3503
3459
3391
3370
3477
3423
