2236
2245
2279
2216
2281
2292
2177
2233
1751
2319
2187
2148
1732
2197
2292
2239
2213
2237
2247
2161
2199
2224
2173
2203
2213
2155
2257
2243
2205
2269
2282
2244
2219
2189
2259
2212
2273
2261
2289
2309
1820
2333
2371
2513
2647
2576
2527
2477
2369
2385
2277
2247
2256
2221
2199
2243
2206
1709
2253
2205
2196
2183
1692
2139
2223
1845
2231
2213
2231
2129
2143
2227
2261
2370
2482
2604
2722
2655
2632
2599
2549
2084
2513
2487
2549
2541
2356
2463
2519
2021
2485
2469
2437
2667
2501
2613
2666
2583
2429
2321
2269
2351
2277
2245
2248
2244
2212
2196
1671
2021
2219
1740
1909
2157
2149
2207
2167
2217
2173
1755
2143
2116
2231
2351
2469
2588
2403
2799
2175
2621
2599
2593
2572
2539
2455
2503
2527
2116
2445
2457
2501
2397
2499
2335
2663
2630
2599
2505
2437
2309
2297
1919
2303
2257
2171
2161
2257
2228
2175
2038
2157
2138
2151
2083
2119
1845
2205
2151
2105
2165
2150
1942
2231
2352
1924
2586
2524
2685
2559
2595
2513
2519
2503
2556
2517
2469
2509
2485
2445
2423
2195
2389
2518
2591
2747
2699
2589
2465
2461
2293
2325
2301
2319
2249
2244
2245
2209
2221
2070
2248
2171
2113
2181
2165
2141
2155
2131
2173
2116
2179
2117
2155
2257
2349
2431
2539
2419
2717
2580
2553
2468
2517
2525
2113
2077
2584
2492
2487
2444
2441
2389
2391
2544
2699
2741
2655
2589
2469
2121
1791
2372
2253
2263
2237
2186
2287
2237
2142
2165
2079
1783
2220
2131
2169
2119
2129
2149
1840
2147
2137
2119
2171
2262
2303
2477
2601
2655
2667
2655
2547
2603
2481
2493
2493
2419
2431
2448
2468
2516
2409
2397
2087
2453
2767
2733
2705
2549
2471
2397
2293
2153
2293
2229
2279
1791
2260
2037
2149
2173
2191
2114
2128
2172
2133
1669
2131
2137
2133
2157
2197
2181
2111
2148
2341
2485
2557
2777
2657
2631
2591
2585
2501
2455
2156
2455
2459
2485
2437
2487
2524
2401
2485
2445
2633
2141
2605
2556
2493
2379
2349
2260
2245
2141
2281
2161
1879
2087
2077
2155
2149
2199
2217
2210
2119
2076
2111
2133
2119
2160
2141
2143
1807
2269
2347
2444
2597
2729
2725
2655
2430
2541
2007
2583
2356
2453
2475
2549
2487
2431
2457
2491
2486
2525
2633
2645
2649
2603
2513
2071
2319
2325
1759
2099
1903
2212
1911
1692
2131
2193
2199
2211
2189
2181
1709
2133
2180
1935
2181
2183
1856
2144
2143
2225
2407
2455
2528
2682
2624
2661
2553
2573
2519
2477
2501
2555
2508
2485
2466
2469
2449
2047
2453
2492
2667
2773
2641
2495
2497
2411
2356
2293
2301
2304
2140
1911
2225
2241
2189
2159
2173
2141
2163
1960
2213
2164
2157
2188
2205
2165
2131
2081
2151
2291
2150
2421
2263
2711
2533
2663
2172
2609
2519
2533
1981
2493
2505
2503
2367
2477
2491
2419
2421
2571
2620
2485
2525
2548
2481
2412
2310
2353
2285
2193
1951
2141
2220
2181
2172
2148
2202
2177
2101
2065
2135
2129
2193
2195
2031
2197
2133
2143
2167
2237
2393
1911
2704
2697
2609
2607
2565
2569
2581
2339
2527
2501
2541
2349
2195
2497
2407
2223
2004
2453
2405
2439
2421
2489
2307
2385
2399
1892
2400
2465
2437
2347
2421
2241
2379
2399
2472
2419
2399
2455
2421
2341
2373
2401
2368
2397
2281
2312
2453
2291
2345
2540
2389
2369
2366
2368
2361
2416
2445
2415
2400
2429
2399
2373
2445
2333
2425
2399
2296
2305
2373
2375
2441
2385
2301
1975
2371
