2316
2244
2243
2285
2310
2285
2292
2309
2332
2295
2271
2333
2271
2267
2369
1863
2413
2275
2279
2303
1830
2281
2320
2340
2349
2292
2404
2313
2359
2293
2309
2295
2357
2220
2367
2385
1879
2505
2687
2785
2753
2692
2230
2484
2430
2377
2423
2363
2191
2307
2261
2267
2303
2293
2282
2296
2207
2228
2203
2278
2213
2247
2245
2257
2288
2229
1815
2054
2399
2007
2455
2661
2741
2761
2753
2669
2683
2631
2578
2504
1991
2581
2534
2547
2523
2487
2060
2565
2633
2721
2789
2737
2657
2447
2547
2439
2349
2327
2343
2329
2270
2211
2299
2229
2261
2261
2021
2219
2280
2093
1799
2165
2229
2287
2253
2183
2154
2181
2231
2323
2467
2573
2742
2263
2706
2621
2613
2345
2599
2547
2573
2547
2604
2497
2517
2473
2575
2453
2300
2639
2747
2421
2522
2635
2512
2419
2402
2357
2364
2334
2279
2217
2211
2239
2241
2077
2196
2241
2187
2217
2253
2229
2179
2262
2235
2215
1903
2149
1967
2341
2423
2640
2741
2725
2619
2675
2467
2521
2557
2581
2517
2527
2581
2481
2485
2517
2521
2496
2517
2661
2781
2732
2677
1988
2437
2389
2347
2378
2307
2277
2020
1955
2239
2221
2099
2245
2161
2245
2200
2202
2287
2201
1735
2173
2164
1692
1693
2175
2261
2365
2469
2681
2263
2665
2705
2620
2576
1951
2619
2511
2581
2565
2481
2539
2355
2224
2439
2463
2529
2415
2692
2683
2646
2563
2427
2385
2359
2303
2321
2313
2257
2281
2199
2257
2233
2235
2229
2217
2223
2245
2225
1741
2197
2199
2223
2221
2103
2199
2301
2391
2221
2621
2711
2649
2683
2627
2603
2335
2545
2551
2508
2505
2527
2523
2557
2533
2399
2453
2573
2694
2687
2463
2621
2535
2441
2279
2361
2289
2285
2257
2285
2237
2241
2213
2237
2144
2164
2205
1676
2188
2186
1701
2173
2235
1924
2197
2157
2203
2263
2380
2501
2629
2731
2539
2675
2629
2585
2589
2468
2608
2519
2545
2531
2525
2551
2421
2548
2603
2663
2705
2743
2701
2593
2497
2405
2191
2321
2390
2293
2303
2127
2209
2241
2192
2153
2163
2063
2231
2175
2205
2001
2213
2164
2239
2224
2171
2149
2167
2303
2404
2357
2599
2719
2677
2612
2661
2601
1999
2429
2453
2525
2551
2540
2473
2455
2463
2543
2485
2601
2676
2780
2358
2661
2516
2431
2378
2021
1894
2231
2263
2319
2237
1813
2253
2255
2152
1907
2173
2219
2221
2207
2107
2181
2165
2231
2255
2016
2165
2219
2383
2437
2525
2773
2644
2655
2225
2605
2632
2582
2495
2513
1973
2525
2533
2482
2475
2376
2436
2573
2735
2723
2713
2583
2501
2441
2429
2293
2329
2287
2276
2251
2271
2213
2195
2235
2207
2157
2222
1676
2183
2099
1669
2203
2167
2209
2079
2157
2206
2320
2365
2487
2582
2757
2609
2569
2645
2569
2540
2551
2531
2515
2000
2514
2576
1925
2518
2517
2493
2623
2717
2780
2581
2649
2565
2389
2301
2259
2261
2303
2275
2237
2205
2229
2225
2215
2248
2155
2165
2225
2229
2198
2115
2210
2193
2187
2111
2128
2205
2325
2397
2175
2641
2687
2167
2549
2475
2451
2531
1973
2493
2462
2464
2519
2243
2503
2401
2029
2439
1895
2419
1861
2493
2420
2077
2373
2385
2405
2421
2439
2445
2195
2404
2381
2511
2352
2377
2379
2393
2401
2391
2433
2413
2383
2373
1831
2332
2405
2381
2345
2365
2365
2347
2223
2351
2397
2067
2463
2333
2022
2345
2412
2413
2163
2312
2335
1864
2357
2403
2335
2357
2371
2083
2343
2269
2311
2359
2369
2363
2212
2323
