2295
2295
2227
2260
2303
2301
2229
2227
2223
2069
2267
2255
2311
2205
2261
2283
2233
2213
2215
1749
2164
2268
2295
2251
2315
2263
2219
2263
2087
2235
2342
2357
2341
2320
2418
2421
2416
2445
2441
2641
2709
2595
2493
2365
2372
2356
2116
2258
2263
2133
2175
2215
2228
2143
2189
2064
2204
1716
2163
2157
2205
2149
2187
2177
2217
2188
2205
2202
2325
2023
2497
2631
2675
2643
2703
2523
2613
2493
2589
2517
2459
2295
2516
2548
2409
2439
2483
2453
2519
2555
2625
2615
2188
2484
2405
2383
2253
2093
2271
2227
2238
2251
2255
2175
2217
2157
2183
2171
2141
1912
2147
2129
1971
2167
2139
2159
2167
2183
2245
2077
2462
2604
2741
2625
2628
2519
2477
2576
2485
2581
2484
2439
1975
2495
2437
2487
2359
2409
2517
2303
2730
2628
2549
2534
2389
2373
1879
2076
1919
2266
2284
1703
2143
2237
2129
2111
2156
2143
2171
2113
2037
2097
2215
2141
2103
2103
2129
2135
2202
2261
2437
2497
2679
2719
2693
2119
2196
2605
2195
2227
2508
2453
2479
2555
2485
2438
2489
2395
2451
2620
2652
2717
2533
1957
2399
2324
2292
2259
2284
2128
2199
2205
2129
1671
2133
2131
2137
2197
2060
2020
2092
2151
2167
1857
1859
2140
2121
2089
2179
2317
2413
2639
2132
2669
2591
2421
2613
2021
2037
2088
2477
2489
2455
2501
2468
2513
2399
2183
2547
2615
2669
2621
2573
2516
2179
2383
2268
2231
2261
2248
2175
2161
2210
2157
2157
2229
2180
2224
2093
2103
2101
1929
2185
2139
2119
2180
1628
2085
1781
2297
2461
2585
2766
2633
2701
2640
2551
2515
2449
2380
2556
2481
2533
2023
2468
2158
2493
2507
2495
2620
2719
2589
2585
2421
2421
2335
2282
2265
2269
2260
2211
2233
2217
2217
2149
2189
2111
2113
2173
2121
2119
1791
1856
1943
2164
2111
2149
2067
2181
1985
2423
2499
2705
2466
2671
2549
2536
2533
2519
2497
2449
2545
2525
2452
2531
2451
2386
2399
2502
2644
2703
2585
2532
2356
2388
2373
2265
2205
2277
2215
1938
2229
2157
1894
2210
2217
2212
2181
2151
2236
2141
2151
2101
2206
2152
2127
2111
2091
2245
2359
2479
2523
2667
2753
2653
2545
2549
2501
2132
2484
2472
2033
2505
2509
2469
2419
2427
2391
2460
2565
2661
2478
2623
2465
2421
2031
2351
2289
2233
2199
2169
2226
2199
2161
2129
2117
2178
2109
2199
2159
2120
2191
2157
2153
2161
2085
2101
1991
2245
2359
2409
2541
2701
2655
2610
2549
2519
2521
2532
2463
2463
2487
2323
2364
2395
2485
2399
2495
2501
2555
2591
2175
2527
2501
2248
2320
2277
2269
2227
2173
2221
1695
2157
2207
2214
2181
2197
2175
2093
2177
2165
2117
1935
2189
2079
2127
2077
2085
2319
2383
2405
2651
2663
2685
2621
2547
2481
2509
2423
2505
2525
2509
2227
2519
2399
2437
2429
1943
2500
2591
2031
1991
2524
2512
2429
2359
2332
2300
2221
2264
2161
2149
2037
2180
2143
2133
2176
2143
2149
1709
2123
2141
2095
2102
2133
2072
2128
2133
2299
2321
2367
2589
2741
2085
2570
2071
2545
2525
2569
2473
2463
2439
2480
2471
1863
2509
2404
2493
2417
2390
2433
2433
2425
2480
2381
2421
1973
2429
2374
2331
2364
2373
2219
2039
2381
2385
2397
2348
2422
2365
2023
2357
2456
2381
2375
2437
2443
1966
2332
2428
2448
2439
2125
2373
2355
2389
2323
2365
2387
2123
1831
2445
2404
2321
2367
2289
2357
2388
1856
2375
2317
2349
2421
2356
2320
2421
2429
2317
2407
2343
