2573
2127
2605
2576
2509
2571
2545
2591
2565
2501
2420
2036
2605
2463
2519
2583
2548
2557
2575
2516
2609
2215
2532
2575
2639
2533
2047
2534
2545
2567
2541
2148
2537
2512
2634
2244
2681
2756
2917
2951
2923
2886
2664
2501
2415
2391
2293
2208
2253
2221
2276
2129
2201
2140
2085
1987
2181
2053
2181
2093
2223
2004
2129
2009
2103
2156
2121
2221
2411
2151
2807
2788
2556
3031
2417
2930
2912
2917
2784
2757
2783
2833
2749
2729
2721
2453
2741
2828
2985
2917
2980
2885
2681
2453
2445
1976
2295
2199
2219
2253
2161
2165
2287
2116
2057
2127
2167
2149
2167
2137
1719
2025
2145
1981
2103
2085
2033
2047
2315
2489
2763
2869
2817
3001
2897
2948
2869
2908
2889
2740
2775
2735
2823
2709
2572
2706
2641
2781
2855
2996
3021
2588
2813
2475
2437
2317
2309
2255
2199
2287
2189
2143
2188
2176
2089
2165
2207
2149
2177
2161
2100
2119
2065
1671
2100
1935
2073
2194
2303
2513
2687
2863
2953
3013
2951
2913
2849
2869
2870
2852
2733
2793
2669
2311
2629
2757
2741
2785
2823
2873
2541
2943
2709
2540
2328
2179
2277
2348
2261
2117
2201
1639
2148
2085
2200
1644
2071
2085
2152
2143
2190
2031
1876
2009
1961
1846
2101
2209
2401
2417
2773
2873
2982
2975
2295
2903
2909
2193
2729
2804
2815
2183
2673
2669
2749
2705
2703
2755
2837
3021
2989
2853
2514
2511
2377
2377
2211
2172
2245
2243
1933
2100
2173
2143
2085
2099
2197
2159
2165
2148
2069
2028
2073
2120
2097
2109
2076
2233
2413
2555
2745
2256
3005
3008
2981
2972
2865
2903
2463
2813
2795
2757
2716
2757
2741
2640
2829
2773
2961
2975
2957
2883
2583
2415
2313
2362
2237
2267
2257
2205
2119
2144
2116
2192
2173
2117
2143
2194
1734
2111
2165
2183
1877
2032
2077
2013
1639
2199
2463
2621
2717
2839
3002
3013
2942
2897
2837
2851
2824
2815
2815
2775
2699
2741
2244
2269
2751
2923
2391
3082
2959
2859
2597
2460
2317
2343
2277
2225
2245
2217
2163
2233
2189
2189
2164
2184
2225
2236
2167
2207
2163
2170
2085
2093
2145
2101
2143
1799
2463
2871
2832
2885
2957
2504
2919
2563
2844
2673
2737
2833
2759
2679
2735
2699
2685
2132
2841
2883
2581
3007
2507
2659
2621
2449
2323
2327
2213
2219
2229
2219
2244
2199
1791
2103
2165
2161
2157
2143
2163
2071
2047
2113
2101
2121
2097
2112
2167
2301
2448
2573
2901
3060
2959
2877
2837
2855
2823
2841
2751
2789
2797
2705
2704
2725
2692
2708
2793
2951
3078
3085
2985
2809
2536
2367
2357
2317
2261
2257
2231
2269
2197
1799
2197
2199
2141
2165
2199
2180
2091
1759
2149
1829
1917
2013
2079
2117
2119
2428
2551
2753
2866
2930
3001
2872
2908
2783
2751
2461
2853
2785
2497
2726
2659
2663
2691
2806
2769
2937
3021
3149
2951
2640
2549
2429
2309
2263
2268
2215
2249
2199
2197
2163
2175
2161
2161
2165
2149
2101
2088
2157
2158
2061
2085
2089
2015
2035
2174
2461
2557
2803
2939
2966
2989
2948
2915
2837
2839
2807
2825
2725
2724
2659
2392
2604
2653
2673
2223
2531
2568
2680
2689
2740
2679
2649
2591
2215
2613
2608
2653
2625
2039
2612
2599
2569
2625
2583
2597
2532
2529
2573
2716
2593
2517
2633
2543
2585
2007
2079
2524
2545
2541
2637
2579
2572
2597
2597
2157
2607
2621
2588
2640
2581
2571
2505
2483
2509
2580
2577
2557
2477
2524
2492
2493
2512
2602
2549
2607
2527
2542
2557
