2487
2498
2577
2632
2539
2485
2243
2501
2443
2565
2535
2489
2408
2493
2477
2527
2581
2500
2463
2503
1940
2565
2463
2497
2559
2455
2517
2319
2436
2457
2541
2527
2287
2583
2551
2334
2567
2697
2661
2679
2813
2939
2626
2829
2815
2515
2376
2303
2357
2257
2244
2217
2199
2217
2181
1671
2167
2004
2091
2184
2155
2155
2103
2121
2055
2129
2077
2092
2117
2089
2231
2421
2512
2807
2445
2871
2981
2861
2324
2541
2703
2820
2821
2815
2799
2659
2675
2613
2673
2785
2717
2833
2342
2935
2921
2501
2391
2389
2266
2283
2083
2181
1732
2189
2173
2129
2057
2076
2079
2171
2151
2065
2165
2113
2068
1768
1951
2093
2073
2094
2219
2388
2479
2833
3005
2868
3047
2911
2909
2901
2857
2824
2854
2708
2745
2633
2685
2637
2118
2807
2439
2909
3063
2963
2857
2628
2319
2405
2285
2225
2225
2149
2179
2176
2167
2182
2143
2197
2142
2124
1700
1971
2149
2101
2127
2011
2085
2055
2025
2161
2322
2409
2892
2835
2857
2979
2993
2929
2877
2897
2797
2791
2664
2769
2774
2635
2679
2617
2641
2825
2375
2981
2980
2893
2805
2587
1893
2375
2289
2251
2239
2064
2219
2211
2201
2172
1709
2173
2111
2177
2176
2108
2031
2124
2116
2065
1763
2051
2053
1783
2339
2477
2703
2763
2934
2959
2921
2961
2901
2916
2765
2811
2751
2779
2716
2673
2153
2677
2709
2543
2853
2902
2951
2615
2781
2485
2417
2396
2283
1987
2205
2167
2135
2167
2117
2131
2151
2114
2151
2043
2164
2096
2125
2121
2077
2039
2093
2085
2069
2141
2376
1925
2769
2837
2925
2948
2973
2887
2768
2827
2832
2720
2709
2721
2727
2689
2665
2675
2789
2817
2851
3013
2923
2953
2647
2499
2365
2333
2269
2127
1927
2165
2167
2129
2141
2053
2065
2149
2039
2103
2141
2033
2084
2125
2097
1709
2021
2121
1957
2159
2373
2492
2783
2917
2941
2957
2813
2909
2861
2821
2927
2725
2749
2733
2677
2706
2668
2645
2632
2781
2412
2303
2981
2897
2581
2515
2402
2285
2237
2173
2207
2187
2123
2117
1999
2109
2124
1716
2079
2103
2121
2143
2109
2093
2127
2055
1831
2060
1968
2245
1981
2573
2789
2373
2726
2573
2775
2956
2847
2823
2807
2733
2736
2725
2701
2197
2735
2355
2715
2595
2931
3003
2933
2877
2619
2407
2373
2301
2257
2237
2231
2141
2197
2179
2137
2172
2103
2143
2091
2167
2147
1919
2191
1932
1576
2061
2079
2021
2116
2237
2103
2557
2773
2909
2603
2965
2869
2895
2845
2815
2747
2769
2737
2717
2773
2711
2731
2705
2737
2791
2930
2999
2627
2877
2521
2448
2373
2295
2077
2197
2231
1900
2151
1773
2111
2091
2099
2157
2141
2101
2109
2129
2123
2081
2037
2071
2116
1593
2040
2255
1862
2515
2699
2792
2949
2917
2923
2885
2857
2847
2807
2810
2719
2711
2665
2621
2697
2677
2645
2867
2877
2951
2928
2911
2581
2223
2363
1943
2268
2187
2161
2213
2165
2168
2130
2139
2111
2129
2132
1600
2059
2081
2117
2079
2047
2083
2067
2039
2149
2175
2448
2589
2785
2950
3080
2873
2784
2804
2775
2629
2765
2684
2720
2741
2738
2237
2649
2677
2705
2118
2615
2669
2615
2645
2647
2647
2679
2601
2556
2641
2635
2676
2303
2581
2580
2411
2619
2599
2599
2440
2636
2591
2685
2617
2671
2608
2633
2565
2587
2632
2640
2626
2565
2604
2609
2576
2605
1999
2651
2549
2132
2613
2625
2132
2531
2557
2556
2552
2517
2551
2548
2597
2523
2589
2564
2597
2537
2596
2501
2639
