2260
2517
2173
2547
2513
2573
2533
2289
2538
2032
2517
2508
2543
2503
2525
2537
2569
2512
2480
2541
2565
2525
2572
2487
2167
2519
2533
2597
2552
2553
2223
2256
2619
2787
2876
2671
2966
2910
2885
2589
2037
2369
2343
2317
2189
2279
2246
2184
2282
2188
2199
2181
1861
1660
2197
2125
2165
2165
2004
2041
2101
2037
2085
2167
2221
2216
2581
2852
2932
2979
2799
2987
2841
2871
2868
2839
2797
2287
2779
2765
2741
2709
2729
2537
2745
2836
2844
2999
2837
2859
2567
2453
2433
2369
2212
2276
2159
2231
2243
2219
2187
2111
2081
2188
2129
2003
2157
2151
2167
1765
2093
2101
2155
2071
2151
2357
2568
2859
2855
2959
2343
2947
2885
2957
2870
2837
2855
2805
2765
2749
2745
2663
2743
2431
2901
2933
2811
3024
2927
2661
2577
2473
2015
2335
2007
2245
2161
1828
2247
2192
2133
2185
2193
2181
2128
2107
1776
2130
1939
1687
2109
1641
2173
2117
2255
2423
2567
2773
2911
2989
2878
2325
2893
2917
2863
2832
2216
2861
2498
2711
2775
2722
2537
2701
2868
2877
2877
2883
2943
2661
2523
2523
2341
2303
2221
2251
2145
2237
2117
2287
1815
2165
2153
1687
2217
2197
2180
2097
2133
1608
2015
2135
1871
2219
2309
2565
2805
2960
2599
2943
3015
2767
2828
2844
2691
2797
2807
2778
2751
2775
2741
2759
2709
2855
2967
2967
2922
2913
2649
2397
2373
2397
2131
1831
2283
2223
2207
2171
2246
2175
2211
2143
2149
2181
2197
2161
2099
2043
2135
1935
2143
2128
2141
2289
2449
2609
2873
2961
3013
2917
2893
2873
2891
2813
2911
2773
2547
2783
2783
2727
2753
2791
2565
2845
2716
3039
2998
2965
2597
2533
2373
2363
2287
2239
2245
2068
2201
2212
2183
2215
2179
2153
2163
2181
2087
2209
2183
2132
1655
2123
2116
2129
2175
2250
2509
2708
2785
3081
2967
2637
2901
2877
2716
2845
2515
2800
2749
2833
2717
2164
2782
2805
2771
2967
2767
2997
2916
2933
2629
2517
2421
2354
2321
2299
2220
2063
2189
2162
2179
2189
1764
2177
2197
1691
2186
2197
2149
2045
2089
2121
2167
2167
2181
2295
2545
2955
2891
2973
2311
2993
2942
2597
2431
2784
2801
2827
2709
2751
2693
2705
2696
2774
2829
2911
2380
2463
2889
2881
2550
2399
2345
2340
2287
1735
2207
2207
2229
2176
2205
2172
2052
2185
2097
2183
2207
2175
2164
2125
2065
1916
2109
2143
1935
2373
2489
2821
2943
2995
2941
2964
2967
2865
2941
2737
2593
2180
2759
2681
2759
2833
2741
2731
2831
2893
2911
3029
2928
2629
2621
2383
2303
2348
2293
2197
2193
2257
2151
2191
2165
2109
1669
2079
1685
2133
2218
2183
2071
2153
2045
2037
2180
2147
1872
1849
2567
2836
2909
2957
3028
2923
2929
2852
2277
2815
2755
2479
2773
2690
2805
2673
2749
2804
2849
2841
2925
2951
2903
2692
2582
2467
2381
1933
2285
2189
2269
2251
2255
2245
2121
2119
2224
2199
2231
2189
2206
2165
2183
2119
2005
1992
2103
2153
2239
2407
2084
2769
3025
3039
2341
2989
2989
2886
2835
2713
2828
2717
2661
2683
2709
2637
2645
2660
2609
2735
2193
2677
2231
2679
2581
2676
2628
2551
2621
2645
2623
2581
2643
2669
2677
2609
2661
2597
2679
2597
2627
2668
2599
2533
2577
2596
2653
2583
2617
2407
2515
2515
2649
2577
2599
2608
2594
2549
2071
2615
2036
2597
2671
2525
2604
2657
2571
2569
2419
2567
2641
2535
2585
2596
2585
2577
2557
2551
2629
2635
2571
2527
2551
2551
2472
2609
