2797
2781
2789
2797
2797
2706
2811
2261
2748
2699
2751
2709
2801
2591
2183
2821
2815
2895
2797
2757
2821
2820
2741
2791
2541
2773
2769
2807
2829
2823
2806
2813
2397
2911
2877
2453
3035
3025
3045
3085
3185
3145
3095
2971
2783
2517
2473
2269
2012
2349
2317
2354
2040
2327
2157
2303
2341
2021
2313
2313
2331
2221
2295
1907
2188
1900
2185
2237
1767
2343
2647
2781
3028
3043
3052
3203
2480
3177
3061
2985
3031
3037
2383
3033
2997
2963
2449
2835
2567
2981
3179
3164
3188
3147
3119
2769
2647
2463
2436
1911
2264
2297
2279
2313
2297
2256
2289
2127
2159
2341
2040
2311
2303
2303
2227
1828
2173
2175
2193
2169
2261
2411
2676
2896
2997
3057
2676
3208
2918
3137
3135
3081
3001
3111
3036
3065
2972
2989
2925
2973
3008
3090
3183
3127
3174
3101
2727
2461
2507
2399
1883
2300
2229
2285
2299
2143
2207
2269
2289
1775
1791
2300
1814
2303
1813
2232
2193
2183
2121
2185
2166
2332
2455
2749
2911
3015
3085
3121
3127
3159
2835
2854
3125
3156
3033
3085
3031
2916
2964
2941
2431
2399
3149
3139
3125
3159
3013
2759
2473
2480
2409
2389
2299
2061
2290
2253
2269
2288
2298
2289
2309
2315
2303
2293
2217
2229
2196
2173
2182
2213
2212
2141
2357
2551
2807
2895
2663
3068
2943
2909
2965
3101
3198
2725
2847
2752
3093
3021
3031
2933
2981
3013
2863
3119
3216
3173
3107
2981
2656
2481
2491
2381
2331
2303
2219
2237
2231
2147
2285
2263
2233
1765
2279
1717
1919
2213
2188
2207
2125
2111
2091
1986
2289
2427
2525
2769
3004
2999
3039
3103
3085
3111
3108
3141
3096
3119
3095
2413
3092
2994
2349
3003
2993
3030
2713
3123
3083
3125
2760
2527
2476
2427
1893
2325
2285
2096
2257
2251
2244
2269
2127
1919
2197
2284
1955
2229
2071
2288
2124
2165
2147
2143
2188
2145
2335
2637
2889
2953
2991
3012
3031
3045
3053
3093
2863
2993
3109
3077
3049
3004
2961
2994
3045
3085
3035
3165
3127
2892
2415
2886
2516
2505
2413
2377
2368
2290
2311
2244
2223
2192
2189
2249
2257
2248
2257
2233
2069
2175
2119
2125
1917
2133
2143
2167
2263
2551
2684
2914
2983
2983
2911
3021
3061
3055
3009
3079
3059
3033
2684
3005
3060
2349
2794
3120
3108
3087
3130
3137
2547
2965
2747
2484
2505
2260
2384
2383
2270
2261
2284
1926
2056
2288
2219
2268
2277
2201
2192
2172
1961
2191
2159
2141
2163
2187
2277
2440
2537
2292
2601
3021
2955
2974
3011
3045
3001
3045
3045
2995
3095
2869
2975
3015
3036
2780
2869
3084
3181
3111
3089
3107
2799
2666
2103
2466
2371
2357
2325
2229
2269
1847
2235
2200
2263
2173
2183
2194
2143
2197
2149
2092
2100
1639
2145
2149
2227
2347
2511
2541
2832
2824
2941
2995
3025
2940
3038
3025
2997
3037
3085
3097
3020
3060
3060
3061
2949
3089
3093
3109
3045
3089
3045
2691
2583
2487
2119
2314
2359
2260
2305
2279
2263
2213
1902
2233
2231
2180
1901
2147
2149
2146
2015
2085
2117
2035
2193
2277
2333
2135
2573
2757
2905
2804
2815
2864
2935
2655
2975
2980
3012
3015
3114
3089
2665
3113
2754
3101
3044
3036
3001
3011
2953
2921
2949
2985
2873
2939
2959
2889
2882
2897
2883
2851
2871
2828
2789
2870
2812
2843
2791
2884
2813
2773
2624
2197
2707
2753
2795
2829
2839
2704
2497
2801
2815
2847
2758
2765
2789
2773
2805
2831
2745
2827
2725
2765
2807
2764
2804
2261
2779
2276
