2478
2653
2615
2653
2629
2609
2661
2516
2621
2631
2135
2565
2603
2665
2628
2476
2632
2073
2629
2263
2631
2629
2651
2655
2277
2633
2629
2525
2661
2601
2633
2679
2728
2727
2893
2857
3021
3105
3165
3197
3051
3136
2973
2728
2459
2449
2381
2368
2303
1865
2273
2214
1741
2229
2241
2185
2199
2192
2213
1895
2151
2189
2160
2113
1781
1861
2157
2229
2121
2495
2709
2862
3035
3117
3212
3095
3189
3145
3056
3071
3084
3061
2485
3057
3019
2941
3001
2375
3085
3033
3159
3167
3189
3005
2699
2517
2453
2375
2292
2277
2279
2223
2201
2224
2221
2181
2249
2192
2227
2192
2153
2173
2143
2145
2129
2117
2125
1751
2107
2283
2471
2765
2388
3016
3109
3155
3162
3099
3101
3077
2442
3049
3123
3045
2452
2911
2962
2977
3007
2993
3051
2525
3273
3103
2729
2633
2500
2421
2327
2148
2277
2257
2175
2220
2205
1984
2253
1961
2245
2189
2229
2181
2157
1805
2145
2128
2065
2161
1835
2285
2369
2576
2825
2739
3017
3095
3173
3093
3085
2663
3063
3117
3025
3069
2997
2981
2903
3037
2999
3084
2703
3033
3195
3125
2735
2697
2615
2513
2447
2299
2263
2263
2207
2219
2148
2180
2229
1919
2153
2249
2197
2206
2175
2183
2089
1781
2079
2103
2173
2165
2279
2455
2669
2916
2987
2987
2647
3043
3015
2519
3125
3101
3133
3057
3103
3005
2877
2935
2933
3037
3045
3068
3140
3057
3057
2955
2685
2539
2489
2343
2373
2277
2213
1965
2188
2189
2127
2183
2192
2243
2199
2209
1679
2163
2133
1919
2144
2133
2125
2185
2254
1885
2703
2791
2924
2969
2975
3029
3039
3095
3109
3096
3059
3141
3109
3015
2762
2982
2351
2997
3025
3148
3188
2544
3047
3082
2149
2621
2557
2487
2322
2031
2309
2245
2235
2217
2231
2229
2125
2207
2207
2193
2111
2164
2101
1711
2107
2121
1815
2111
2087
2339
2461
2664
2566
2975
2538
3035
3092
3029
3121
2735
3089
3084
3085
3083
2975
2989
2996
2453
2981
3027
3003
3091
3047
3079
2981
2733
2442
2473
2421
2361
2397
2351
2260
2263
2234
2203
2236
2183
2175
2221
2181
2185
2143
2143
1743
2109
2069
2087
2065
1841
2333
2445
2624
2869
2865
3017
3014
3027
3069
2949
3115
3123
3093
2611
3106
3001
2461
2949
2946
3007
2487
3067
3115
3097
3133
3035
2431
2577
2492
1921
2309
2340
2274
2161
2247
2213
2139
2195
1907
2203
2205
2189
2148
2208
1718
2131
1605
2039
2121
2165
2257
2379
2545
2705
2531
2903
2960
2973
3015
2977
3015
3009
3082
2663
3140
3025
3065
2349
2984
2997
3019
3121
3117
3065
3039
3083
2988
2667
2543
2485
2325
2351
2245
1831
2241
2222
2183
2185
2133
2034
2157
2149
2140
1740
2157
1976
2039
2089
2040
2184
1879
2299
2409
2570
2675
2855
2909
2295
2943
2905
3009
3039
3090
3116
3124
3122
2994
3029
3084
3049
2569
2599
3060
3070
3005
3083
3020
2631
2591
2531
2467
2347
1856
2353
2260
2237
2242
2173
1676
2103
2143
2199
2128
2119
2119
1993
2076
1750
2084
2109
2135
2274
2334
2427
2529
2708
2929
2903
2949
2981
2967
2938
2940
2999
2953
3013
3061
3060
3029
3101
3119
3024
3019
3005
3044
3009
3053
2950
2953
2949
2923
2909
2887
2316
2337
2851
2445
2837
2671
2891
2213
2899
2804
2831
2827
2886
2811
2637
2841
2753
2779
2793
2497
2765
2845
2801
2790
2801
2821
2341
2825
2815
2793
2751
2791
2807
2740
2786
2192
2805
2855
2749
2805
2853
2821
2795
2835
2754
