2285
2775
2189
2800
2733
2791
2759
2651
2781
2773
2863
2674
2797
2720
2779
2845
2789
2778
2819
2751
2641
2781
2853
2792
2733
2453
2777
2843
2181
2777
2821
2727
2815
2781
2787
2747
2823
2729
2806
2735
2740
2452
2721
2799
2757
2773
2655
2725
2757
2823
2607
2717
2780
2828
2791
2773
2236
2819
2881
2907
3008
2907
2557
3067
2445
3137
3120
2861
2685
2469
2377
2341
2295
2257
2209
2269
2203
2241
2164
2199
2197
2196
2207
2213
2177
2204
2199
2111
2103
2113
2117
2135
2173
1897
2429
2583
2877
2871
3079
3093
3121
3107
3097
3139
3061
3060
3049
3047
2941
2725
2919
2909
2957
2437
3037
3069
3251
3029
3129
3101
2705
2509
2473
2433
2301
2231
2199
2269
2188
2163
2167
1717
2260
2196
2211
2183
2177
2194
2189
2157
2108
2133
2108
2164
2244
2343
2445
2733
2373
3085
3091
3103
3135
3179
3065
3101
3125
3007
3053
3043
3046
2915
3023
2933
2991
3020
2730
3154
3165
3123
2954
2657
2473
2421
2342
2263
2224
2239
2197
2057
2165
2197
2197
2213
2227
2197
1923
2229
2183
2160
2069
1987
2033
2117
2101
2175
2391
2664
2764
2981
2927
3065
3089
3059
3141
3127
3039
3167
3047
3149
3100
2963
2971
3081
2971
2941
3011
3141
3167
3127
3081
2768
2559
2240
2282
2347
2203
2172
2213
2167
2151
2210
2195
2199
2214
2235
2173
2196
2213
1765
2131
2037
2092
2127
2129
2196
2231
2413
2711
2805
2568
3061
3053
3069
3141
3109
3157
3053
2990
3028
2939
2996
2971
2994
2933
3019
2967
3006
2725
3066
3143
3066
2625
2555
2551
2393
2355
2269
2205
2213
2157
2185
2188
2181
2229
2197
2163
2117
2205
2144
2165
2141
2082
2023
2121
2124
2139
2277
2519
2734
2869
2993
3068
3024
3105
2607
3124
3119
3111
3069
2961
3053
2951
3013
2901
2965
2993
2996
3063
3171
3219
3079
3095
2674
2502
2453
2353
2359
2293
2217
1751
2149
2203
2085
2213
2244
2193
2237
2199
2143
1837
2141
2117
2113
2067
2065
2129
2254
2437
1991
2677
2855
2375
3042
3015
3067
3103
3156
3131
2813
3071
3048
3067
3017
2911
2893
3011
3011
3013
3179
3173
3012
3057
2669
2613
2481
2373
2368
1871
2209
2199
1721
2143
2167
2197
2199
2187
2203
1781
2172
2133
2109
2122
2103
1607
2025
2085
2157
2359
2491
2741
2764
2911
3013
2838
3058
3061
3093
3099
3024
3021
3137
3083
3117
2981
3069
3021
3029
3047
3015
3057
3157
2988
3051
2687
2629
2501
2397
2391
2235
2247
2213
2204
2215
2191
2137
2197
1988
2197
2185
2188
2189
2147
2055
2087
2081
2097
2137
2192
2321
2503
2707
2869
2913
2987
3044
2966
3045
3029
3092
3087
3081
3065
3071
3015
2948
2950
3004
3025
3069
2831
3159
3159
3045
2964
2197
2503
2469
2405
2321
2333
2221
2261
2201
2193
2193
2161
2135
2149
2151
2143
1919
2123
2121
2085
2089
2035
1869
2189
2263
2412
2533
2324
2839
2982
2933
2909
2991
2835
3044
2885
2979
3131
3114
3065
2999
2787
2929
3019
3013
3034
3060
3148
3141
3012
2661
2452
2513
2451
2321
2361
2309
1876
2205
1897
1735
2091
2100
2152
2171
2111
2066
2063
2139
2093
1664
1693
2061
2137
2192
2380
2494
2729
2843
2849
2869
2521
2905
2993
2997
2675
2943
3117
3027
3103
3093
3061
3137
3059
3047
3081
2647
3051
2963
3060
2613
2997
2993
2943
2853
2867
2841
2927
2645
2806
2605
2797
2903
2842
2801
2860
2759
2885
2821
2773
2823
2684
2789
2805
2757
