3070
2979
3037
2973
3049
2508
3109
3071
3092
2979
2985
3098
2989
2669
3104
3031
2980
2521
2983
3011
3025
3017
3013
3013
3025
3081
3042
3033
2988
3051
3037
3046
3124
3173
3229
3184
3156
3194
3117
3201
3223
3197
2941
2535
2549
2439
2381
2353
2257
2293
1926
2329
2229
2244
2261
2205
2321
2257
2078
2327
2260
2278
2225
2245
2241
2292
2146
2221
2325
2503
2747
2873
3125
3119
3143
3266
3204
3273
3259
3189
3188
3145
3236
3145
3134
3077
2837
3179
3161
3189
3305
3285
3231
2895
2509
2532
2255
2385
2355
2289
2269
2261
2253
2233
2215
2207
2277
2261
2245
2253
2279
2045
2221
2207
2204
2202
2154
1972
2095
2385
2639
2781
2939
3167
3125
2942
3269
3241
3193
3240
3135
3229
3205
3187
3205
3197
3133
2856
3141
3181
3253
3115
3285
3260
2747
2665
2397
2421
1984
2316
2303
2204
2208
2176
2213
2201
2208
2213
1972
2261
2209
2239
2183
2202
2151
2109
2151
2182
2213
2343
2557
2705
2961
2995
2779
3167
3169
2620
3258
3277
3099
3257
3207
3173
2500
3154
3199
3149
3095
3187
3259
3237
3239
3213
2880
2683
1916
2397
2331
2311
1768
2266
2211
2197
2200
2289
2216
2219
2225
2333
2131
2160
2192
2133
2109
2107
2129
2139
2143
2263
2461
2204
2796
2999
3229
3145
3202
2815
3243
3253
3169
3221
3221
3149
3125
3139
3136
3175
3249
3177
3284
3235
3201
3261
3173
2701
2448
2399
2259
2325
2325
2297
2225
1754
2188
2211
2193
2183
2231
2247
2213
2173
2285
2193
2196
2063
2157
2116
2149
2192
2369
2584
2719
2943
3097
3117
3203
2860
3230
3193
3239
3233
3227
3189
3141
3189
3129
3204
3175
3193
2617
3213
3237
3338
3238
2675
2685
2500
2455
2401
2299
2292
2239
2248
2245
2196
2253
2244
2215
2261
2293
2276
2249
2184
2213
2153
2141
2175
2205
2237
2353
2511
2661
2719
3023
3229
3167
3265
3267
3247
3249
3193
3193
3168
2967
3173
3179
3156
3189
3207
3145
2941
3218
3284
2535
2836
2605
2495
2430
2131
2353
2277
2257
2207
2245
1971
2195
2181
2133
2207
2205
2207
2214
2212
2237
1988
2077
2077
2108
2149
1751
2141
2576
2693
2929
3088
3093
3166
3141
3067
2943
3185
3159
3227
3245
3151
3197
3166
3165
3187
3188
3185
3189
3298
3229
3197
2685
2671
2465
2436
2347
2333
2258
1783
2235
2231
2236
2181
2171
2197
2000
1901
2266
1973
1973
2129
2091
2084
2133
2165
2075
2464
2489
2613
2888
2992
2951
3143
3076
3179
3127
3247
3279
3265
3223
3156
3068
3152
3042
3205
3193
3137
3159
3063
3197
3137
2700
2675
2471
2435
2412
2319
2257
2259
2245
2221
2213
2203
2167
2229
2084
1687
2189
2213
2186
2129
1668
2157
2069
2149
2214
2372
2479
2591
2725
2752
2961
3229
3083
3027
3173
3123
3219
3208
3209
3189
3308
3129
3241
3185
2628
3196
2743
3229
3205
3262
3239
2373
2605
2496
2447
2444
2295
2284
2199
2228
1768
2181
2169
2129
2165
2200
2191
2132
2117
2121
2071
2116
2129
2207
2213
2295
2385
2471
2667
2753
2989
3068
2677
3093
3071
3152
2461
3245
3191
2549
3184
3171
3200
3144
3060
3132
3077
2532
3218
3096
3189
3243
3187
3161
3137
3079
3137
3067
3221
3205
2711
3244
3149
2935
3216
2864
2535
3181
3095
3176
3108
3143
3137
3167
3151
3165
3175
3085
3165
3101
3169
3093
3125
2827
3120
2735
3089
3157
3063
3121
3056
3046
3117
3024
3166
3083
3128
3077
3172
3049
2951
3082
3141
2647
