2909
3147
2924
3067
2997
2975
2983
2455
2983
3031
2357
3013
3057
2967
3061
2940
2997
3087
3049
2955
3015
2983
2997
3063
2981
2519
3019
3035
3081
3049
3011
3021
2437
3079
3109
3103
3189
3203
3205
3193
3157
3227
2901
3167
2663
2578
2291
2371
2303
2247
2231
2235
2245
2236
2231
2199
2228
2253
2245
2285
2253
2204
2183
2212
2115
2092
2141
2247
2343
2367
2615
2765
2885
3186
3127
3255
3199
3184
3223
3157
3309
3143
2535
3247
3125
3096
3143
3071
3163
3233
3191
3301
3313
3310
2759
2642
2484
2373
2313
2276
2271
2227
2225
2153
2215
2189
2153
2221
2023
2209
2269
2188
2181
2181
2112
2169
1901
2180
2145
2293
2427
2733
2884
3045
3091
3147
3238
3221
3185
3233
3173
3176
3142
3185
3144
3156
3069
3059
3167
3124
3271
2823
3242
3188
2919
2706
2553
2417
2383
1791
2283
2275
2229
2129
2167
1807
2187
2181
1820
1790
2237
2065
2205
2183
2141
2181
2142
2197
2141
2358
2076
2612
2874
2948
3141
2825
3207
3179
3276
3208
3197
3193
3071
3153
3061
3121
3069
3197
3153
3191
3206
3262
3336
2885
3294
2661
2669
2505
2363
2367
2319
2319
2215
2139
2189
2120
2120
1774
2179
2260
2205
2251
1756
2219
2151
2165
2119
2215
2061
2225
2417
2557
2745
2917
3087
2609
3239
3193
3255
3266
3267
3209
3226
3195
3205
3189
3152
3071
3221
3181
3149
3268
3241
3258
3285
2751
2699
2420
2367
1909
2226
2241
2221
2227
2157
2205
2167
2209
2273
2217
2253
1991
2221
2197
2073
2135
2107
2125
1931
2163
2341
2481
2756
2852
3039
3252
3143
3124
3242
3181
3204
3179
3269
3187
3044
3177
3241
3101
3205
3102
3145
3250
2679
3252
3292
2981
2755
2512
2491
2221
2341
2284
2195
1911
2212
2188
2205
2189
2248
2197
2277
2303
2185
1725
2179
1849
2101
2148
2185
2213
2313
2481
2611
2717
2917
3029
3085
3128
2943
3241
3148
3237
3188
3206
3197
3156
3079
3127
3094
3158
3217
3227
3166
3253
3017
3227
2673
2548
2464
2479
2349
2319
2229
2258
2183
2205
2221
2135
2243
2149
2165
2213
2258
2149
2117
1729
1988
2116
2113
2225
2060
2375
2588
2739
2815
3035
3130
3149
2541
3163
3141
3217
3209
3207
3233
3245
3132
3113
3107
2681
3113
3234
3054
3228
3301
3189
2748
2620
2518
2447
1885
2343
2309
2253
2169
2156
1919
2169
2228
2193
2145
1721
2145
2175
2167
2079
2105
2039
2035
2205
2193
2404
2485
2606
2741
3003
3093
3085
3125
3133
3228
3166
3205
3252
3179
3169
3223
3217
3113
3129
3237
3140
3038
3165
3245
3281
3085
2661
2556
2484
2143
2327
2288
2229
2263
2221
2175
2160
2153
2153
2161
2163
2159
2141
2133
2103
2071
2055
2159
1829
2276
2361
2453
2545
2699
2903
3002
3149
3003
3149
3173
3115
3079
3233
3121
2899
3207
3132
3211
3152
2519
3173
3163
3124
3228
3251
2588
2643
2653
2129
2405
2341
2351
2291
1911
2245
2173
2178
2171
2274
1839
2113
2153
2103
2089
2081
2125
2120
2161
2189
2155
2230
2393
2514
2661
2717
2821
2583
3138
2455
3045
3106
3039
2987
3153
3153
3205
3051
2677
3050
3164
2551
3007
3165
3085
3109
3121
3215
3175
3155
3191
3217
3125
2973
3152
2636
3173
2479
3149
3125
3117
3189
3151
3179
3105
3181
3149
3160
3130
3164
3047
3087
3187
3155
2471
3115
3024
3143
3069
3095
3157
3019
3109
3101
3108
3077
3149
2597
3103
3081
3091
3117
3101
3132
3097
3095
2516
3039
3121
3007
