3045
2949
3015
2965
2977
3063
2737
2989
3070
3004
2969
2963
2985
2983
2407
2981
2931
3001
2983
2933
2997
2940
2906
2965
2597
3013
2987
2765
2983
2933
3113
2981
2995
3061
3067
3183
3181
2972
3169
3291
3141
3138
3211
3161
3089
2885
2085
2485
2384
1941
2271
2249
2273
2252
2245
2282
2325
2309
2295
2323
2399
2273
2351
2303
2239
2199
2167
2219
2165
2225
2210
2411
2540
2807
3025
3143
3231
3123
3261
3103
3280
3275
3254
3163
3159
3143
3175
3177
3183
3145
3207
3293
3264
3223
3245
3258
2773
2629
2471
2304
2337
2301
2285
2303
2279
2244
2293
2251
2123
2341
2415
2333
2295
2259
2277
2261
2181
2293
2224
2213
2292
2325
2617
2677
2900
3123
2686
3050
3340
3240
3144
3251
3167
3197
2834
3212
3201
3186
3045
3034
3217
3202
3103
3243
3257
3277
2875
2727
2450
2377
1947
2274
2150
2277
2019
2269
2201
2229
2193
2223
2204
2297
2237
2253
2235
2173
2236
2173
2145
2111
2182
2301
2407
2669
2811
2518
3205
3129
3175
3181
3231
3245
3229
3271
3210
2601
3191
3205
3127
3234
3213
2541
3268
3313
3297
3297
3318
2519
2609
2481
2353
2349
2321
2266
2269
2165
1879
2197
2213
2237
2247
2193
2333
2269
2029
2231
2137
2173
2256
2173
2157
2256
2400
2661
2727
2961
3161
3199
3215
2631
2815
3244
3091
3187
3189
3209
3237
3161
3147
2671
3171
3181
3208
3203
3255
3243
3239
2865
2782
2529
2469
2375
1959
2263
2263
2209
2189
2195
2265
2175
2234
2205
2316
2061
2037
2244
2165
2147
2188
2202
2129
2213
2377
2541
2654
2823
3056
2899
3125
3221
3063
3207
3205
3175
3184
3175
3268
3207
3161
3084
3159
2788
3163
3252
3227
3225
3282
3225
2617
2427
2477
2399
2355
2324
2327
1919
2231
2207
2249
2213
2155
2265
2279
2265
2252
2257
2185
2147
2161
2183
2180
2209
1836
2485
2072
2737
2706
3097
3135
3124
2479
2599
3157
3237
3153
3179
3279
3112
3173
3268
3125
3197
3223
3225
3247
3344
3274
3263
3141
2603
2544
2433
1989
2311
2334
2285
2254
2207
2149
2239
2195
2229
2237
2205
2245
2189
2248
2159
2160
2171
2170
2189
2275
2303
2480
2063
2525
2995
3117
3127
3177
3157
3129
3197
3251
3196
3172
3192
3191
2811
3125
3088
3212
3204
3173
3133
3185
3253
3189
2727
2607
2505
2175
2149
2279
2344
2149
2224
2265
2211
2213
2239
2173
2262
1765
2237
2255
2178
1875
1725
2173
2208
2149
2268
2455
2733
2691
2927
3058
3127
3149
2655
3211
3199
3199
3231
3195
3223
3223
3205
2709
3161
2527
3186
3173
3269
3311
3187
2849
2785
2623
2579
2437
2429
2381
2303
2249
2265
2247
2225
2231
2245
2172
2256
2212
2221
2185
2034
2116
2069
2097
2167
2243
2351
2377
2484
2685
2731
2996
3017
2599
2887
3183
3223
3133
3195
3135
2853
2575
3220
3151
3227
3221
3191
3191
3199
3243
3297
3205
3205
2431
2645
2541
2423
2384
2369
1999
2251
2236
2207
2172
2163
2152
2225
2173
2207
1861
2143
2105
2123
2097
2224
2175
2102
2351
2452
2323
2355
2782
3017
3051
3125
3102
3176
3165
3217
3164
3211
3253
3219
3065
3197
3237
3205
3181
3097
3149
3181
2591
3146
3171
3141
2964
3104
3163
2685
3216
3155
3104
3130
3141
3125
3139
3149
2976
3113
3085
3182
3059
3029
2947
3129
3095
3097
2551
3065
3013
3125
3007
3093
2949
3121
3065
2993
3049
3095
3069
3097
3105
3113
3117
3093
3031
3063
3017
3066
3055
3065
3065
3047
