2941
2927
2943
3015
2840
2909
2912
2941
2999
2716
2941
2965
2999
2921
2969
2913
2741
2924
2917
2969
2878
3009
2963
2741
2906
2953
3017
2919
2923
2988
2989
2973
3138
3089
3167
3211
3208
3302
3219
3201
3173
3205
3211
2783
2586
2521
2471
2397
2285
1852
2303
2253
2205
2199
2224
2193
2221
2157
2212
2229
2131
2181
2161
2288
1923
2244
2188
2192
2461
2537
2678
2756
2231
3097
3239
3288
2700
2679
3343
2535
3285
3153
3223
3284
3281
2741
3237
3213
3221
3251
3257
3283
2972
3277
2961
2101
2551
2405
2311
2305
2236
2249
1765
2253
2081
2213
2161
2177
2151
2169
2191
2163
2157
2207
2223
2157
2151
2092
1767
2297
2455
2709
2833
3053
3234
3241
3171
3275
3027
3287
3271
3244
3271
2663
3261
3321
2987
3245
3220
3299
3228
3281
3249
3284
3193
2597
2451
2347
2357
2357
2244
2207
2199
2169
2137
2164
2126
2165
2175
2107
2031
2161
2197
2161
2230
2167
2148
2193
1887
2381
2465
2668
2815
2905
3149
3286
3253
3229
3216
3239
3217
2500
3139
3155
3249
3283
3259
3283
3372
3229
3217
3378
3013
3277
3227
2591
2525
2404
2329
2345
2289
2284
2210
2249
2211
2111
2129
2143
2125
1923
2219
1900
2199
2123
2171
2183
2235
2173
2211
2351
2427
2605
2596
2909
3061
3216
3169
3230
2509
3114
3199
2991
3136
3257
2631
3210
3285
3193
3229
2719
3287
3249
3295
3377
3025
2069
2601
2453
2395
2356
2263
2269
2247
2207
2195
2135
2164
2167
1988
2133
2129
2186
2137
1778
2167
2173
1972
2231
1919
2317
2509
2573
2780
2980
3111
3297
3172
3299
3276
3269
2881
3217
3280
3233
3253
3237
3246
3272
3271
3219
2607
3236
2996
3341
3301
2533
1991
2437
2371
2301
2245
2034
2277
2191
2165
2170
2170
2171
2160
2205
2152
2157
2197
2194
2149
2205
2157
2191
2197
2239
2478
2591
2833
2581
2991
3205
3242
2717
3293
3221
3309
3231
3251
3314
3253
3280
3283
3293
3327
3351
3295
3315
3313
3343
3289
2197
2549
2307
2425
2341
2292
2269
2261
1882
2197
2165
2115
2064
2181
2199
2161
2221
2159
1672
2128
1845
2155
2149
2229
2253
2423
2573
2755
2980
3084
3169
3294
3300
3242
3260
3261
3236
3201
3240
3213
3279
3189
3263
3163
3295
3231
3009
3365
3303
3277
2973
2613
2535
2408
2309
2325
2289
2221
2209
2228
2261
2207
2165
2229
2291
1943
2205
2212
2256
1884
1783
2344
1693
2271
2243
2399
2559
2687
2853
2999
3119
3239
3269
3298
3239
3062
3220
3213
3203
3239
3194
3293
3219
3298
2597
2921
3372
3221
3265
2800
2921
2628
2527
2429
2399
2315
2303
2279
2196
2213
2262
2205
2181
2283
2199
2261
2189
2299
2167
2207
2173
2224
2243
1997
2303
2333
2525
2725
2839
3048
3143
3230
3205
3177
3253
3243
3225
3291
3196
3271
3258
2852
3261
3227
3256
3277
2567
2697
3217
2805
3103
2653
1991
2356
2460
2346
1844
2314
2249
2227
2213
2276
2181
2144
2243
2196
2277
2291
2180
1671
2180
2019
2241
2277
2293
1791
2431
2607
2666
2955
3119
2594
3223
3251
3265
3247
3243
3309
3231
3245
3205
3303
3287
2500
3253
3201
3261
3261
3285
3297
3279
3301
3249
3275
2663
2973
3281
2841
3335
2943
3255
3241
3373
2753
3194
3324
3253
3249
3209
3161
2535
3275
3071
3196
3252
3297
3289
3115
3113
3227
3309
3199
3229
3220
2679
3255
3084
3245
2727
3291
3140
3179
3255
3228
3173
3252
3215
3336
3223
3234
3209
3117
3197
3264
3253
