3006
2767
2951
3055
3034
2987
2994
2951
2948
3005
3051
3032
2803
3028
3039
2343
2965
3060
3009
2991
2983
2941
3033
3049
3005
2896
2967
2720
3171
3045
3145
3195
3135
3159
3187
3230
3187
2517
3185
3209
2825
2601
2421
2053
2269
2251
2202
2105
2116
1764
2068
2057
2081
2037
2055
2061
2097
2069
2087
2064
2073
2071
2149
2164
2151
2137
2471
2593
2679
2935
3031
3164
3141
3188
2599
3229
3242
2927
3205
3200
3135
2815
3284
3144
3173
3091
3157
3209
3237
3307
3266
2693
2211
2478
2348
2313
1879
2203
2173
2159
2128
2014
2117
2089
2127
2117
1607
1764
2101
2117
2049
2071
1687
2087
2183
2151
2199
2377
2365
2587
2751
2981
3111
3231
3170
3129
3135
3216
3220
3212
3255
3255
3178
3221
3231
3255
2885
3141
3275
3335
2893
3295
2119
2140
2203
2365
2345
2319
2173
2147
2167
2119
2165
2089
2009
2097
2129
2124
2127
1639
2097
2149
2099
2173
2169
2076
1791
2327
2355
2660
2725
2951
3127
3186
3193
3219
3204
3279
3208
3253
3221
2533
3055
3173
3167
2941
3207
2947
3287
3231
3272
3154
2512
2557
2131
2413
2331
2281
2253
1716
2221
2231
2229
2159
1755
2143
2156
2097
2112
2293
2181
2151
2269
2227
2153
2271
2153
1892
2375
2649
2245
2975
3149
3183
3189
3277
3023
3241
3069
3189
3228
3199
3255
3295
3262
3221
3249
3227
3199
3291
3319
3323
2197
2559
2453
2387
2463
2225
2247
2217
1894
2193
2140
2125
2085
2053
2216
2037
2117
2129
2108
2075
2117
2120
2130
2187
2051
2303
2391
2500
2741
2881
3041
3159
3223
2954
3216
3241
3211
3159
3173
2823
3117
3204
3142
3191
3277
3213
3265
3265
3253
3349
2149
2485
2487
2452
2369
2279
2189
2193
2173
1671
2250
2125
2081
2124
2116
2135
2135
2100
2081
1668
2135
2181
2259
2142
2199
2283
2344
2505
2724
2829
3010
3218
3125
3171
3252
3174
3253
3189
3155
3245
3311
3227
3195
2476
3285
3229
3247
3317
3243
3295
3112
2572
2525
1941
1936
2293
2320
2244
2195
2188
2141
2192
2244
2253
1601
2115
2065
1999
2121
2053
2104
2190
2161
2117
2197
2283
2325
2512
2615
2741
3021
3141
3185
3253
2996
3141
3173
3171
3159
3255
3217
3173
3153
3172
2583
3323
3251
3271
3185
3263
3155
2303
2589
2427
2375
2341
2268
2285
2193
2205
1919
1701
2159
2165
2115
2097
2151
2069
2113
2115
2023
2149
2140
2143
2213
1887
2227
1846
2581
2767
2865
2975
3157
3055
3153
3221
3263
3199
3324
3188
3172
3265
2503
3212
3287
3318
2480
3236
3245
3229
3245
3204
2621
2541
2309
2303
2256
2223
2068
1967
2148
1863
2111
2237
2133
2132
2081
2079
2068
2105
2105
2117
2055
1777
2185
2173
2221
2303
2467
2725
2719
3024
3239
3138
3204
3201
3125
3235
3221
3288
3177
3221
3213
3217
3204
3207
3287
3221
3181
3055
3355
3317
2587
2489
2437
2375
2117
2220
2213
2160
2161
2013
2133
1944
2117
2041
2095
2077
1664
1575
2057
2033
2133
2123
2113
2181
2205
2322
2452
2619
2683
2650
3123
3141
3148
2663
2895
2641
2917
2780
3213
3283
3253
3255
2848
3239
2801
3277
3245
3284
3220
3279
3216
3283
3352
3375
3230
3241
3263
3303
3249
3192
3205
3169
3308
3243
3293
3285
3185
3191
3175
3197
3189
3284
3257
2556
3235
2958
3209
3169
3157
3221
3185
3245
3163
3181
3217
3265
3195
3185
3216
3171
3225
3229
3233
3215
3205
3263
3197
3212
2883
3212
3103
3236
3159
3210
2633
3177
