3092
3017
3058
3085
3091
3045
2993
3100
3069
3061
3132
3004
2594
3069
3087
3028
3059
2517
3104
3061
3144
3011
3008
2977
3060
3087
3063
3125
3113
3223
3199
3189
3165
3099
3308
3239
3243
3195
3216
3204
2709
2519
2441
2457
2101
1791
2303
2193
2193
2180
2205
2183
2211
2181
2181
2187
2224
2076
2255
2133
2183
2245
2189
2245
2207
2345
2604
2677
2853
3091
3179
3255
3287
3191
3135
3191
3185
2583
3161
3249
3179
2632
3227
3190
3184
3204
3231
3277
3231
3285
2453
2685
2473
2463
2373
2317
2277
2135
2003
2231
1768
2197
2195
2133
2212
2192
2151
2205
2197
2183
2148
2155
2143
2192
2201
1821
2373
2591
2749
2891
3145
3203
3251
3285
3269
3219
3217
3225
3185
3137
3159
3300
3197
3152
3229
3177
3303
3057
3233
3245
3319
2151
2459
2465
2399
2257
2275
2256
2193
2189
2180
2123
2099
2129
2205
2165
1955
2125
2117
2181
2141
2215
2197
2192
2182
2245
2289
2485
2693
2870
3017
3253
3185
2867
3293
2923
3096
3247
3249
3246
3253
3253
3155
3214
2645
3195
2526
3250
3289
3315
2651
2683
2533
2455
2399
2327
2269
2243
1987
2143
2196
1767
2130
2143
2165
2151
2079
2199
2141
2083
2111
2238
2260
2315
2196
2229
1876
2441
2709
2869
2869
3173
3311
3289
3269
3201
3316
3229
3141
3004
3247
3221
3269
2829
3163
3167
3281
3247
3257
3191
2868
2213
2497
2405
2359
2313
2261
2231
2225
2221
2175
2135
1735
2133
2167
2205
2021
2013
2205
2105
2205
2129
2183
2177
2236
1999
2345
2557
2743
2845
3079
3221
3228
2893
2631
3253
2865
2655
3180
3221
3213
3223
3191
3277
3316
3205
3308
3325
2988
3317
3180
2596
2485
2369
2387
2325
2285
2257
2264
2193
2213
2183
2161
2193
2183
1671
2245
2181
2134
2165
2181
2153
2189
2213
2241
2183
2394
2487
2775
2866
3165
3223
2631
3244
3299
2589
3244
3244
3227
3221
2717
3044
3259
3315
3013
3157
3188
3291
3251
3348
3229
2604
2431
2449
1817
2351
2351
2245
2317
2239
1967
2149
2187
1907
1708
1680
2131
2133
2156
2155
2116
2164
2141
2141
2027
2269
2431
2599
2751
2943
3159
3076
3228
3249
3282
3197
3261
3195
3239
3165
3217
3275
3057
3255
2775
2493
3218
3269
2920
3327
2781
2645
1930
2421
2359
2257
2277
2243
2135
2233
2209
1878
2167
2193
2196
2036
2148
2196
2027
2165
1709
1708
2167
2193
2195
2263
2471
2613
2397
2879
3101
3239
3193
3301
3243
2709
3236
3244
3173
3172
3183
2481
3181
3227
3187
3179
3213
3043
2677
3271
3221
2640
2557
2449
2355
2347
2299
2213
2207
2229
2209
2173
1897
2212
2161
2183
1733
2189
2165
2181
1923
2153
2261
2193
2051
2295
2319
2540
2843
2965
3031
3210
3215
3261
3263
3292
3277
3165
3173
3236
3181
3117
2892
3263
3289
3229
3172
3284
3325
3348
3127
2599
2529
2223
2375
2353
2285
2263
2175
2231
2213
2183
2196
2119
2150
2121
1991
2141
2167
2101
2119
2129
2190
2007
2197
2256
2301
2471
2725
2835
3005
3245
3189
3273
3223
3267
3209
3191
3341
3191
3221
3259
2980
3309
3143
3285
3256
3095
3269
3291
2759
3271
3308
3277
3317
3221
3253
3333
3131
2535
3327
3173
3239
3235
2775
3219
3205
3259
2933
2604
3251
3008
3277
3205
2959
3188
3249
3177
3187
3214
3277
3316
3197
2717
3282
3172
3255
3268
3231
3295
3235
3049
3205
3169
3167
2533
3321
3268
3189
3231
3231
3189
3194
3145
3281
2711
3237
3275
3190
3191
