3119
3045
3099
3079
3024
3019
2987
3095
3101
3081
3027
2391
3111
3123
3036
2807
3022
3036
3077
3028
2777
3033
2955
3039
2780
3104
2469
3052
2793
3125
3180
3029
3244
3091
3229
2901
2984
3222
3197
3249
3275
2521
2495
2357
2207
2161
2109
2081
2089
2125
2064
2015
2058
2021
2034
2001
2037
1986
1975
2029
1940
2153
1981
2046
2067
2167
2229
1879
2581
2737
2917
3125
3304
3145
3260
3209
3195
3269
3221
3247
3223
3167
3286
3205
3269
3243
3197
3282
3322
3275
3225
2553
2375
1883
2240
2256
2165
2128
2113
1719
2021
2067
1975
2021
1995
1949
1893
1951
1875
1495
2005
2013
2037
2047
2045
2089
2135
2329
2396
2727
2839
2973
2801
3223
3273
3263
3216
3260
2487
3252
3199
3283
3253
3272
3265
3311
3210
3127
3199
3278
3317
3319
2385
2293
2212
2155
2149
1689
2079
2085
2037
2023
1993
1959
1951
1953
1715
1872
1985
1989
1951
1943
2077
2127
2093
2092
2345
2339
2469
2717
2769
2907
3021
3233
3268
3220
3244
3189
3108
3127
3212
3219
3211
3332
3265
3238
3269
3219
3255
3251
3227
2861
2283
2372
2215
2197
2095
2091
2132
2103
1751
2069
1875
2005
2005
1952
2003
1937
1973
2033
1644
2036
2023
2073
2061
2148
2292
2359
2525
2222
2823
3103
3261
3011
3227
3055
3260
3253
3269
3199
3201
3269
3207
3241
3305
3257
3255
3301
3345
3217
2578
2639
2427
2309
2263
2231
2074
2154
2133
2000
2009
2115
1735
1861
1985
2045
2011
1959
1647
2045
2007
2103
2097
2203
2225
2212
2231
2573
2565
2775
2835
3103
3247
3197
3249
2503
3293
2928
3281
3261
3191
2829
3270
3259
3335
3229
3269
3238
3249
3321
3257
2573
2134
2347
2277
2167
2148
2154
1804
2129
2058
2008
2069
2121
2018
2021
2008
1864
2007
2059
2061
1827
1668
2091
2135
2105
2308
2489
2685
2743
2933
3279
2645
2819
3187
3195
3253
3205
2515
3183
3257
3199
3204
3233
3271
3153
3277
2765
3281
3259
3221
2681
2364
2313
2201
2197
2061
2125
1645
2122
2028
2023
1612
2015
1951
1500
1932
1957
1936
2039
2066
2093
2143
2096
2129
2170
2384
2093
2715
2757
2967
3291
3311
3217
2900
3179
3217
3195
3130
2519
3221
3300
2535
3297
3249
3242
3331
3267
3381
3319
2531
2581
2451
2324
2235
2244
2174
2197
2001
1965
2089
1959
2021
2069
2037
2025
1981
2005
2039
2077
2151
2143
1719
2199
2123
2337
2479
2517
2727
2805
2965
3309
3229
3060
3215
3319
3307
3223
3205
3325
3261
3217
3270
3257
3333
3193
3284
3227
3259
3315
2827
2534
2071
1861
2233
2205
2184
1851
2177
2065
1709
2039
2069
2001
1991
1987
2045
2023
1983
2119
2087
2157
2033
2196
2271
2313
2285
2577
2644
2311
2626
2679
3297
3279
2551
3235
3169
3236
3301
3285
3181
2955
3231
3305
3347
3335
3370
3281
3305
2965
2741
2547
2420
2233
2229
2213
2181
2121
2064
1719
2047
2073
2069
1985
2127
1759
2065
1955
2045
2128
1610
2133
2105
2181
2109
2192
2381
2639
2673
2836
2856
3205
3251
3283
3229
3249
2647
3276
2947
3263
3295
3301
3316
3245
3217
3269
3251
3255
3317
3131
3219
3153
3157
3229
3185
2969
3093
3173
3137
3065
2742
3172
3215
3123
3203
3141
3002
3099
3111
2948
3189
3139
3067
3155
3149
3164
3149
3164
3156
2625
3127
3141
3149
2795
2740
3183
3153
3151
2787
3191
3123
3051
3169
3083
2921
3047
3124
2764
3154
2795
3164
3103
3145
3109
3109
3138
3052
3109
3154
3121
