3045
3061
3050
2975
2953
2964
2967
3031
3082
3027
3029
2989
2945
3083
3013
2993
3031
3027
3025
3005
3020
2981
2967
2977
3024
3015
2981
3013
3037
2788
3001
2343
3077
2675
3003
3057
3141
3148
3151
3215
2613
3161
3070
3227
3181
3136
3183
3205
3263
2855
2252
2337
2247
2197
2161
1964
2087
2025
2027
2044
2002
1951
1973
1973
2028
1971
2011
1985
1996
2012
2061
2123
2212
2279
2123
2391
2638
2632
2815
2874
2687
3173
3182
3175
3177
3263
3175
3264
3285
3161
3172
3053
3267
3169
3281
3269
3257
3268
3263
2602
2321
2272
2213
2157
2049
1967
2035
2093
1943
1939
1940
1941
1917
1924
1479
1973
1955
1924
1951
2067
2015
2039
2071
2039
2191
2373
2526
2762
2845
3127
3016
3169
3260
3179
3343
3243
3218
3172
3249
3173
3243
3099
3258
2964
3157
2620
2835
3302
3121
2707
2340
1788
2194
2073
2133
2081
2071
2037
1947
2035
1937
1973
1847
1981
1936
1905
1919
2079
1962
1949
1988
1623
2069
2111
2265
2385
2643
2677
2869
3089
3245
3209
3205
3173
3213
3213
3202
3195
3253
3200
3232
3239
3167
3285
3269
3211
3013
3269
3201
2594
2412
2309
2245
2137
1580
2103
2071
2063
2068
1827
1997
1804
1887
2001
1939
1989
1877
2047
2053
2059
2065
2113
2164
2089
2335
2501
2653
2743
2839
3155
3277
3269
3181
3189
3221
3207
2995
3259
3285
3259
3164
3207
3319
3241
3249
3197
2775
3227
3211
2485
2208
2221
2196
2123
2124
2027
2071
2061
1815
1884
2003
1575
1991
1978
1557
1891
1951
2019
2061
2013
2001
2132
1623
2157
2353
2463
2733
2825
3087
3180
3236
3252
2692
3305
3237
3260
3269
2888
3249
3239
3239
3201
3206
3237
3229
3199
3280
3271
3277
2005
2289
2229
2185
1828
2103
2045
2075
2068
1964
1952
1937
2006
1885
1916
1911
1943
1549
2041
2021
2136
1678
2143
2108
2012
2134
2525
2756
2852
3049
3253
3188
3230
3295
3173
3092
3173
2957
3176
3209
3236
3230
2503
3181
3179
3206
3245
3039
3063
2641
2477
2325
1886
2137
2103
1585
2096
2077
1519
2013
1979
1985
1972
1963
1941
1925
1975
1963
2023
2071
2084
2005
2132
2088
2215
2397
2608
2673
2971
3155
3225
3080
3191
3222
3263
3185
3115
2580
3268
2711
3226
3286
2631
2880
3277
3325
3345
2597
2755
2421
2112
2277
2231
2029
2053
2029
2133
2065
2053
2093
1961
1988
1883
1999
1945
1999
1628
1991
2029
1941
2061
2041
2037
2099
1920
2499
2763
2715
2963
3199
3193
3205
3233
3173
3236
3311
3243
3271
3311
3131
3271
3273
3277
3253
3253
3276
3258
2867
2866
2477
2309
2248
2125
2139
2000
2151
2104
1891
1965
2052
2108
1891
1977
2004
1981
1543
2020
2071
1903
2005
2119
2209
2087
2133
2371
2539
2717
2869
3184
3271
3255
3159
3159
3100
3270
3234
3188
3247
3165
2950
3229
3055
3301
3173
3301
3338
2653
3231
2643
2423
2329
2000
2129
2085
2085
2097
2044
2067
1797
2007
2002
1772
1963
1887
1941
1943
1964
1947
1959
2024
2087
2069
2098
2129
2375
2487
2527
2839
3156
3263
3244
2511
3221
2960
2687
2567
3171
3189
3266
3217
2901
3210
3268
3217
3311
3357
3313
3237
3057
3069
3071
3067
3056
3035
3079
2592
3045
2859
2706
3029
2951
2970
3015
2956
2951
3026
2917
2909
2999
3009
2319
2964
2999
2837
2970
3125
2993
2935
2901
3031
2997
2931
3029
2897
2997
2993
3029
2963
3013
3005
2937
2981
2859
2979
2931
2932
2961
2923
3017
2615
2964
