3022
3003
3053
3095
3016
3099
3010
3052
2968
3001
2761
3099
3083
2915
3063
3088
3125
3053
3071
3047
2911
3031
3085
2989
3031
2632
3089
3046
3076
3101
3053
3157
3188
3157
3137
3120
3105
3155
3210
3159
3207
3185
3281
2587
2489
2333
2235
2187
2153
2117
2127
2039
2100
1991
1987
1900
2047
1989
1971
1993
1985
1532
2045
2005
2085
2197
2093
1908
1910
1975
2622
2448
2803
3189
3205
3237
3254
3229
2588
3160
3175
3284
3229
3264
3235
3261
3205
3217
3089
3204
2943
3196
3317
2653
2541
1991
2261
2175
2165
2131
2123
2103
1983
1981
1997
1971
1981
1964
2021
2009
1937
2031
2004
1968
1979
2081
2012
2087
2327
2365
2569
2757
2921
2565
3089
3266
3231
3209
3156
3213
3228
3137
3239
3245
3247
3245
3325
2741
3223
3092
3105
3217
3135
2685
2088
2271
2243
1876
1903
2093
2117
1976
2045
1556
1945
2015
1680
1975
1915
1927
1979
1965
1655
2075
1639
2149
2117
2151
2154
2512
2635
2757
2941
2503
3217
3080
3175
3209
3281
3273
2517
3223
3187
3269
3181
2685
3237
3235
3300
3287
3306
3217
3254
2512
2500
2369
2269
2129
2116
2113
2055
1977
2020
2013
1983
1957
1703
1959
1925
1500
1647
2005
1967
1781
2097
2117
2149
2141
2350
2436
2637
2653
2983
3173
3203
3261
3269
2799
3289
2735
3218
3213
3152
3257
3145
2976
3188
3105
3251
3115
3314
3350
2990
2565
2397
2303
2217
2177
2207
2149
2117
1984
2037
2028
1937
1975
1575
2063
2011
2013
2007
2093
2017
1695
2101
2165
2101
2061
2179
2487
2864
2836
3095
3109
2501
3203
2688
3178
3290
3207
3215
3219
3173
3249
3189
3380
3210
3241
3230
3207
3371
3332
2808
2603
2342
2221
2200
2109
2129
1788
2089
2061
2035
1573
1999
1941
1927
2005
1951
1919
2007
1944
2067
2069
2012
2157
2129
2099
2316
2527
2678
2783
3159
3218
2762
3201
3185
3167
3139
3195
3261
3266
3191
3173
3061
3219
2631
3284
3275
2899
3213
3253
2661
2501
2227
2239
2199
2135
2112
2051
2109
2037
1995
1957
1929
1948
1943
2003
1925
1951
1751
2127
2097
2167
2039
2078
2065
2085
2344
2565
2791
2892
3283
3181
3284
3043
3282
3183
3208
3155
3224
3179
3175
3221
3303
3318
3204
3185
3271
3252
3270
2869
2476
2532
2327
2195
2149
2143
2121
2069
1703
1851
1988
1973
1913
1949
1999
1997
1915
1639
2044
1960
2029
1925
2111
2166
2206
2197
2249
2511
2127
2548
3175
3204
2742
3306
3281
3197
3156
3269
3192
3221
3191
3183
2857
3289
3214
3248
3265
3310
3285
2709
2453
2311
2263
2197
2182
2146
2101
2033
2065
1948
2055
2005
1909
2004
1996
1953
1989
2047
2019
1895
2101
2165
1631
2117
2061
2348
2545
2788
2949
3173
3229
2800
3155
2915
3277
2883
3197
3239
3167
2655
3271
3233
3290
3251
3197
3237
3340
3217
2911
2687
2475
2373
2320
1725
2147
2121
2133
2097
2041
2067
1859
1889
1807
1933
2012
1972
1989
2041
2071
2053
2145
1984
2084
2149
1971
2369
2607
2825
3008
3353
3182
3262
3207
3233
3221
3227
3254
3193
3212
3257
3257
3221
3281
2613
3353
3337
3285
3335
3164
3123
3206
3117
3037
2957
3021
3017
2852
2324
3029
2986
2327
3003
2981
2961
2973
2895
2909
2924
2973
2877
2892
2991
3002
2864
2711
2904
2955
2969
2961
2893
2967
2956
2863
2915
2927
2923
2879
2941
2346
2885
2971
2943
2943
2885
2285
2981
2945
2901
2935
2885
2925
2339
2909
2979
2996
2935
2927
2891
