3062
3083
2663
3085
3109
3061
2525
3094
3020
3038
3058
3057
2987
3013
3014
3013
3071
3084
3031
3108
3015
2405
2372
3053
2517
3037
3053
3047
3103
3089
3104
2755
3125
3164
2567
2645
3271
3245
3281
3202
3341
3173
3225
2449
2391
2265
2173
2135
2157
2085
2095
2068
1856
2037
2017
2077
2085
2023
2039
2023
2077
1830
2047
2016
2089
2069
2149
2161
2333
2515
2711
2813
2947
2535
3267
3253
3035
2490
3223
3231
3265
3259
3202
3263
3219
3301
3239
3261
3359
3341
3265
3303
2995
2429
2281
2239
2199
2188
2067
2089
1813
2087
2069
2021
2069
2027
2005
1951
2001
2035
2045
2095
2180
2013
2125
2116
2115
2203
2393
2605
2813
2891
3121
3317
3231
3259
3287
3281
3241
3293
3247
3211
3208
3309
3129
3275
3317
3325
3315
3271
2652
2319
2433
2341
2271
2256
2165
2089
2071
2065
2015
2103
2003
1639
1985
1977
1888
2047
1938
2055
1929
2101
2161
2065
2087
1967
2081
2385
2509
2763
2837
2996
3260
3243
3211
3297
3239
3181
3213
3217
3261
3258
3177
2711
2883
3230
3193
3431
2596
3383
3021
2307
2405
2301
2107
2205
2140
2134
2107
2069
2044
2039
2001
2077
1951
2000
1947
1588
2003
2071
2167
2129
2137
2069
1684
2165
2149
2468
2696
2325
2911
2685
3311
3315
3235
3301
3301
3243
3259
3205
3293
3125
2947
3327
3203
3263
3271
3325
3269
3037
2581
2397
2377
2277
2159
2169
1767
2093
2097
2108
1596
2084
2029
1983
1972
1981
1976
1842
2045
2197
2097
2135
2180
2164
2090
1716
2387
2661
2833
2901
3088
3250
3281
3303
3254
3295
3280
3229
2527
3189
3323
3317
3287
3225
3217
3385
3265
3303
3083
2724
2499
1993
2317
2269
2120
2129
2045
2069
2085
1919
1829
2047
1965
1907
1927
1900
2016
2003
2073
2179
2079
2077
2117
2156
2173
2165
2185
2095
2685
2703
3057
3260
3293
3155
3237
2687
3225
3205
2645
3327
3229
3228
3257
3257
3243
3293
3254
3317
3089
2527
2487
2101
2351
2229
2164
2125
2125
2092
2005
2045
2025
2007
1868
1965
1902
1993
1520
2035
2130
2117
2129
2149
2149
2245
2117
2361
2544
2675
2916
3045
3345
3291
3269
3244
2995
3231
2759
3252
3247
3191
3225
3337
3337
2676
3395
3337
3408
3271
3215
2631
1972
2289
2269
2233
1719
1985
2031
2013
1553
2011
2046
2005
1981
1936
1973
1979
1980
2059
2129
2133
2161
2129
2132
1724
2132
2217
2257
2478
2975
2584
3257
3281
3277
3253
3209
3311
2721
3305
3008
3237
3249
3266
3205
3231
3258
3165
3258
3239
2765
1972
2428
2341
2295
2237
2117
2116
1823
1997
1975
2061
2001
1941
1881
1901
1859
1920
2023
1983
2138
2119
2159
2213
2007
2103
2068
2247
2495
2693
2931
3146
3216
3277
3308
3190
3198
3252
3173
3239
3207
3303
3204
3108
3313
3261
3263
3284
3297
2896
2543
2460
2367
2167
2261
1895
2015
1949
2103
2057
2045
2037
1573
1876
1908
1962
1971
1987
2005
2087
2093
1949
2055
2038
2100
2139
2073
2416
2485
2256
2805
3285
2995
3247
3293
2719
3313
3233
3255
3191
3247
3255
3269
3132
3293
3191
3335
3256
3250
3260
3253
3099
3109
2909
2948
2923
2929
2517
2893
2891
2903
2897
2795
2901
2813
2925
2247
2833
2830
2893
2790
2808
2269
2594
2607
2881
2541
2876
2300
2887
2755
2751
2515
2861
2762
2798
2821
2815
2893
2745
2859
2669
2877
2604
2229
2883
2865
2841
2769
2911
2837
2821
2759
2889
2847
2832
2269
2829
2831
2715
2749
2813
