2949
3091
3092
3047
3031
3024
3071
3124
3055
2687
3037
2987
3029
3031
3037
2831
2996
3045
3045
3077
3019
2975
3093
2999
3101
3077
3145
2932
3133
3217
3061
3069
3196
3221
3253
2502
2931
3193
3225
2743
2381
2331
2221
2081
2157
2119
2087
2037
2045
2005
2036
2005
2044
2033
1959
2063
2001
2027
2007
1981
2007
2023
2143
2173
1839
2501
2341
2737
2830
3065
3284
3223
3233
3213
3255
3206
3367
3205
3241
3233
3302
3325
3205
2807
3255
3229
3091
3381
3446
2625
2375
2253
2211
2173
2125
2093
2095
2077
2006
2003
2025
1949
1975
1663
1965
1532
1969
2007
2037
1945
2069
2143
2141
2025
2213
2429
2649
2687
2769
3029
2836
3139
3271
3189
3185
3317
3281
3222
3257
3275
3199
3263
3287
3359
3250
2695
3236
3271
3192
2493
2376
2183
2133
2155
2077
2058
2088
2005
2031
1992
1909
1986
1911
1943
1987
1653
1979
2037
2005
2151
2209
2094
2259
2119
2296
2453
2665
2736
2811
2985
3053
3271
3309
3253
2899
3231
3317
3221
3211
3269
3321
3301
3269
2635
3268
3319
3259
3324
2383
2385
2211
2180
2115
1919
2068
2011
1972
1936
1975
1951
1981
1973
1533
1897
1895
1943
2007
2075
2037
1977
2024
2097
2065
2111
2373
2693
2723
2805
2977
3205
3189
3225
3284
3266
3343
3293
3219
3325
3231
3239
3244
3285
3261
3213
3277
3376
2550
2685
2517
2439
2203
2159
2127
2117
2036
2053
2015
1919
1991
1905
2024
1965
1928
2030
1747
1953
2063
2069
2120
2117
2133
2161
2125
2247
2501
2617
2693
2843
3071
3104
3247
3219
3277
3223
3332
3307
3255
3225
3279
3289
3260
3301
3259
3225
3317
3225
3286
2797
2437
2261
2244
2116
2137
2077
2008
1936
1993
2005
2047
1937
1969
1935
1904
1911
1977
1527
2027
2027
1991
2017
2061
2133
2159
2169
2629
2695
2743
2669
3149
3219
3225
3299
2516
3133
3263
3252
3320
3313
3295
3270
3196
3152
3347
3319
3245
3257
3031
2502
2409
2181
2183
2149
2113
2067
1893
1997
1935
1863
2021
1965
1952
1921
1927
1889
1949
1919
1983
1887
2055
1873
2125
2097
2132
2455
2625
2840
2661
3125
2943
3265
3225
3238
2477
3175
3309
3250
3223
3281
3119
3216
3309
3260
3307
3340
3335
3317
2909
2349
1767
2245
2172
2081
1783
2094
2066
1951
1951
2030
2029
1967
1958
1981
1887
1763
1979
2083
2078
2085
1967
2092
2151
2165
2072
2583
2705
2724
2999
3085
3161
3317
3241
3265
3237
3276
3202
3205
2759
3127
3011
3291
2586
3309
2976
3207
3197
2974
2583
2367
2316
2241
2167
1664
2084
1973
2039
2007
2027
1757
2019
1953
1905
1927
1892
1885
1949
1963
2039
2107
2101
2081
2093
2044
2037
2625
2795
2866
3021
3204
3219
3245
3257
3327
3309
3269
3263
3195
3255
3272
3208
2500
3243
3217
2551
3237
3205
2665
2500
2439
2229
2265
2183
2087
2109
1975
1927
1988
2021
1987
2007
1927
1903
1809
2007
1977
1960
2077
2151
1997
2173
1783
2147
2261
2627
2687
2701
2971
2783
3225
3213
3011
2805
3283
3261
3355
3275
3322
3286
3220
3252
3275
3064
3187
3229
3303
3127
3173
3199
3089
3066
3026
2871
2908
2974
2983
2951
2917
2279
2999
2997
2996
2867
2955
2991
2953
2907
2941
2320
2881
2823
2869
2836
2925
2933
2997
2500
2937
2925
2847
2908
2813
2913
2961
2951
2789
2899
2927
2910
2797
2913
3002
2813
2901
2909
2856
2943
2948
2909
2887
2279
2910
2241
2955
2889
2898
2891
2901
2903
2421
2941
2789
