2961
2990
3093
2631
2983
3027
3177
3005
2992
3088
2989
2468
2987
3045
2997
3085
2610
2999
3108
2998
2933
2703
2567
3013
2675
3092
2876
2987
3027
3088
2981
2688
3061
3101
3116
3109
3117
3189
2807
3229
2651
3217
3259
3258
3239
3229
3245
3205
2419
2280
2181
2141
2118
2081
2053
2049
2003
1953
2025
1999
1999
1955
1977
1959
1945
1975
1957
2065
2005
2065
2143
2153
2221
2216
2140
2719
2823
2772
3269
3227
3253
3221
3156
3237
3265
3277
3221
3217
3221
3268
3291
3250
3290
3220
3250
3341
3249
3267
2271
2157
1655
2103
2023
2003
1969
1832
1957
1881
1893
1980
1883
1868
1901
1932
1940
1909
1885
1989
1973
2025
2027
2117
1919
2321
1959
2580
2777
2975
3061
2988
3305
3311
3293
2756
3223
3289
3255
2644
3259
3305
3325
3267
3286
2687
2973
3089
2941
3301
2453
2231
2121
2149
2164
2055
2015
2049
2045
1679
1941
1949
1899
1525
2001
1991
1895
1987
1979
2020
2015
2085
2117
2143
2263
2303
2351
2743
2796
3045
3243
2982
3228
3133
3238
3253
3209
3251
3298
2851
3111
3235
3287
3311
3351
2895
3173
3127
3217
2507
1901
2228
2157
2079
2065
2095
2041
2029
1951
1937
1887
1905
1891
1952
1933
1873
1879
2024
1975
1983
2013
2034
2101
1615
2203
2463
2628
2799
2947
3311
2791
3247
2948
3221
3255
3260
3253
3229
2616
3295
3181
3300
3302
3245
3347
2650
3325
2979
3009
2381
2269
2143
2101
2016
2035
2001
1989
2015
1937
2021
1951
2005
1968
1973
1943
1892
2068
2013
2047
2067
1983
2069
2101
2149
2301
2613
2797
2887
3039
3271
3297
3297
3291
3299
3243
3229
3185
3281
3239
3295
3285
3295
3165
3349
3283
3313
3289
2773
2501
2357
2192
2186
2019
2061
2117
2085
2055
1565
2005
1967
1919
1901
1873
1957
1951
2007
1639
2087
2099
1989
2192
1933
2103
2163
2421
2695
2757
2999
2700
3321
3231
3315
3269
3311
3153
3216
2519
3279
3333
3325
3237
3283
2759
3289
3191
3237
3307
2571
2391
2288
2205
2111
2107
1868
2089
1951
1532
1999
1993
1973
1971
1919
1516
1861
1968
2001
1964
2021
2001
2097
2155
2106
2169
2321
2452
2877
2513
3149
3332
3282
3281
3257
2853
3189
2883
3283
3201
3203
3291
3298
3297
3138
3279
3285
3288
3285
2965
2453
2277
2261
2117
2135
2000
1928
2005
1988
1911
1910
1735
2005
1841
1904
1908
1949
1807
1917
2029
1981
2092
2066
2040
2085
2117
2181
2729
2749
2885
2984
3275
3221
3212
3023
3245
3252
3269
3187
3289
3133
3283
3324
3221
3291
3343
3371
3275
3267
2695
2373
2295
2269
1716
1875
2091
2121
2069
2033
1591
2017
1943
1913
1937
1927
1934
1909
1963
1977
1993
2007
2197
2023
2151
1843
2163
2071
2695
2711
2981
3237
3271
2668
3185
3237
3309
3198
3230
2867
3279
3158
3201
3197
3245
3106
2655
3311
3281
2929
2532
2431
2416
1895
2220
2133
2107
2067
1977
1943
2085
2060
2007
1915
1983
1857
1970
1939
1543
2039
1963
1997
2151
2061
2093
2097
2279
2523
2659
2869
3076
2517
3205
2543
3053
3181
2754
3299
3314
3231
3245
3255
3204
3287
3293
3286
3261
3057
3109
3267
3165
3181
2997
3007
2493
2917
2995
2961
2885
2878
2973
2871
2873
2984
2612
2999
2965
2869
2957
2967
2434
2389
3005
2867
2961
2957
2995
2916
2980
2343
2905
2962
2327
2911
2863
2877
2988
2945
2833
2848
2964
2885
2922
2933
2871
2853
2853
2931
2927
2992
2931
2957
2897
2764
2928
2668
