3065
3011
2721
3101
2407
2997
3118
3097
3036
3095
3041
2907
3030
2796
3045
3023
3059
3041
3116
2869
2999
3009
2992
2519
3013
3084
2373
3019
3119
2989
2995
2875
2997
3132
3109
2583
3209
3205
3039
3213
2819
3295
3204
3269
3197
3183
3197
3257
3327
2673
2203
2221
2199
1759
2093
2033
2057
1972
2025
1665
1997
2009
2035
1772
1952
1887
1941
2013
1993
1904
2099
2157
2175
2132
2337
2549
2689
2821
2704
2748
2916
2321
2969
2477
3037
3188
3117
2638
3263
3245
3211
3313
3284
3297
2597
3245
3295
3135
3321
2397
2253
2029
2181
2103
2037
2087
2053
2037
1985
2059
1827
2063
1987
1905
1921
1909
1917
2011
2096
2064
2139
2209
2183
2271
2284
2572
2344
2868
2662
3122
3235
3104
3281
3269
3218
3257
3357
3285
3251
3231
3087
3237
3308
3335
3291
3312
3247
3313
2683
2260
2167
2073
2141
2077
2071
2074
2087
2027
2007
1575
2021
1993
1630
1918
1858
1955
1989
2025
2029
2119
2015
2155
1999
2089
2133
2630
2711
2917
2987
3015
3287
3315
3310
3339
3235
3359
3316
3283
3271
3135
3354
3347
3204
3246
3317
3315
3233
3301
2289
2259
2205
2132
2125
2117
1713
2059
2043
2013
1959
1973
1980
1945
1911
1909
1921
1987
1596
2039
2085
2169
2260
2349
2036
2271
2544
2196
2917
2781
2471
3233
3265
3317
3227
3269
3271
3283
3325
3295
3253
3239
2802
3227
3255
3294
3229
3257
2855
2397
2239
2181
2113
2148
2037
2065
2001
1687
2059
2041
2037
1501
2088
1925
1971
1909
1945
2006
1943
2055
2159
2091
2067
2317
2148
2448
2679
2733
2232
2819
3029
3164
3137
3239
3261
3281
3313
3321
3439
2548
2644
3359
3265
3325
3271
3347
3015
3301
2477
2380
2235
1955
2132
2125
2093
2087
2020
1973
1993
2055
1943
1975
1965
1701
1941
1911
2021
2037
2069
2093
2313
2111
2249
2055
1840
2153
2800
2375
2303
2783
3225
3298
3273
3271
3287
3257
3325
3016
3104
2501
3307
3221
3269
3227
3282
3357
2957
2013
2256
2373
2155
2195
2141
1981
1559
1945
2015
2083
1543
1957
1837
1949
2002
1852
2005
2047
2001
1811
1969
2075
1963
1999
2157
2143
2067
2705
2420
2901
2917
3125
3047
3252
3216
3315
3253
3269
3317
3187
3309
3207
3217
3301
2913
3367
3277
3207
2644
2387
2333
2231
2193
2015
1743
1989
2087
1919
2027
1977
1887
2021
1961
2047
1931
1917
1972
2029
2084
2101
2187
2183
2297
2180
2053
2127
2633
2834
2973
3144
3271
3250
2921
3251
3277
3246
3275
3207
3321
3253
3269
3389
3095
3268
3331
3305
3385
2714
2509
2415
1955
2185
2143
2079
2121
2119
1827
2069
2013
2120
1923
2013
1905
1607
1911
1969
1957
1671
2093
2056
2165
2185
2215
2244
2253
2973
2669
2865
3088
3237
3201
3261
2540
2757
3053
3305
3265
3221
2484
3256
3307
3199
3255
3277
3271
3331
2804
2659
2420
2338
1919
2180
2144
2164
2037
2073
2035
2021
2021
1985
1895
1993
1946
1925
1913
1887
2005
2085
2093
2109
2167
2226
2197
2340
2342
2701
2659
2410
3045
3377
3175
3253
3047
3285
3301
3231
2713
3270
3193
2835
3243
2956
3199
3275
3253
3285
3185
3199
3109
2437
2993
2871
2295
2897
2797
2884
2527
2869
2903
2751
2797
2845
2853
2218
2772
2771
2831
2844
2928
2812
2773
2837
2787
2826
2373
2880
2834
2801
2788
2743
2797
2829
2343
2673
2781
2849
2769
2852
2829
2838
2807
2839
2795
2823
2813
2723
2741
2815
2773
2861
2805
2839
2693
2789
