3103
3167
3139
3188
3135
3161
2987
3125
3262
3079
3083
3137
3106
2895
3155
3161
3161
2779
3155
3105
3162
3155
3127
2870
3065
3103
3095
3113
3097
3095
3091
3127
3109
3147
3187
3164
2925
3133
3043
3307
3249
3282
3324
3327
3353
3295
2867
3311
3404
3393
2925
2415
1910
2152
2139
2115
2061
2061
2089
2023
2191
2083
2073
2071
2015
1965
2013
2039
1791
1992
2023
2101
2159
2244
2195
2189
2468
2719
2791
2319
3082
3201
3388
3148
3355
3310
3449
3316
3503
3319
3332
3441
3439
3520
3335
2621
3281
3341
3351
3173
2440
2261
2152
2156
2089
1573
2053
2079
2071
1997
2071
2055
1949
2039
1969
1985
1948
2029
2043
2041
2159
2166
2131
2213
2141
2371
2371
2685
2901
3132
3265
2583
3327
3354
3292
3200
3389
3405
3229
3376
3331
3307
3323
3115
3315
3289
3357
3380
3032
2384
2357
2195
2144
2129
2127
2109
1655
2055
2073
2092
2000
1957
2028
1985
1981
1975
1925
1953
2021
2125
2187
1971
2156
2185
2293
2023
3159
2847
2993
3145
3368
3252
3313
3411
3187
3140
3340
2613
3349
3345
3327
2549
3316
3385
3288
3337
3375
2752
1911
2377
2229
2149
2117
2081
1783
2101
2095
2057
2007
1912
2007
1943
1940
1932
1969
2021
1929
2021
1648
2175
2161
1955
2187
2228
2215
2795
2608
3029
2567
3357
3020
3461
3253
3383
3245
3345
3413
3399
3349
3171
3478
3377
3365
3429
3533
2647
2712
2323
2423
2170
2236
2099
2021
2117
1639
2025
1985
1883
2021
1992
1959
1947
1607
1931
1983
2013
1991
2091
1664
2183
2215
2194
2245
2167
2181
2775
2958
3207
3366
3318
3332
3381
3293
3369
3291
3335
3396
3289
3299
3253
3125
2631
3423
3379
3429
2799
2399
2431
1893
2173
2229
1679
2057
2036
2156
1541
1951
1965
1941
1916
2005
1972
1945
1997
2031
2032
1668
2025
2193
1861
2215
2225
2269
2701
2693
2319
3189
3381
2972
3339
3316
3387
3291
2904
3381
2599
3091
3263
3341
3316
3287
3333
3325
3321
2829
2351
2449
2364
2255
2068
2141
2015
2065
1708
2041
2035
1975
2015
1969
1893
1948
1925
1549
1981
2005
2077
2165
2182
2166
2247
2173
2207
2225
2213
3253
3143
3351
3306
3340
3363
3333
3099
3352
3301
3295
3335
3350
3340
3295
3374
3365
3053
3469
2883
1991
2221
2423
2319
1678
2111
2075
2073
2074
1996
1525
1957
1953
1988
1900
1911
1943
1923
2021
2120
2013
2164
2165
2155
2221
2231
2229
2261
2157
2067
3188
3039
3295
3347
3353
3337
3341
3381
3359
3252
3269
3353
3342
3325
3311
3381
3329
3417
2984
2649
2540
2423
1972
2241
2157
2081
2097
2008
2113
2065
1540
1959
1943
1476
1883
1965
1887
1941
2025
1951
2000
2101
2079
2116
2124
2227
2231
2271
2173
2263
2576
2679
3275
3351
3263
3302
3325
3305
3269
3295
3285
3333
3324
3267
3318
3371
3253
3397
2823
2687
2511
2482
2375
2231
2165
1672
1940
2085
1969
2000
2013
1990
1969
1905
1959
1679
1965
1892
2019
1993
2033
2057
1647
2135
2185
2233
2215
1984
1911
2471
2978
3235
3307
3281
2789
3353
3327
3366
3306
3304
2759
3375
3323
3362
2660
2807
3357
3283
3373
3357
3323
3315
2725
3249
2610
3221
3187
3144
3117
3149
3099
2949
2929
2895
2881
2846
2901
2183
2771
2785
2778
2755
2733
2675
2773
2732
2724
2739
2662
2279
2727
2615
2704
2709
2371
2745
2767
2698
2749
2661
2693
2668
2197
2696
2721
2695
2655
2679
2737
2683
2485
2189
2683
2655
2733
2157
