3157
3125
3173
3152
2899
3173
3181
3205
2597
3209
2909
3195
2573
3165
3189
3189
2703
3101
3117
3195
3175
3207
3175
3181
3191
3205
3107
3127
3175
3189
3005
3217
3193
3205
3165
3147
3201
3303
2914
3269
2799
3325
3285
3273
2879
3231
3293
2900
2525
2379
2213
2258
1751
2141
2181
2117
2077
2121
2113
2103
2059
1874
2021
1583
2039
2036
1685
2117
2125
1669
2227
2241
1828
2437
2612
2698
2965
3025
3133
3325
3327
3382
2895
3375
3293
3348
3023
3351
3397
3395
3357
3335
2884
3365
3369
3373
3381
3067
2416
2277
2301
2215
2129
2151
2113
2089
2068
1876
2085
2108
2015
2021
2047
1825
1952
2021
2081
2101
2175
2244
2293
2192
1756
2206
2701
2743
2992
3223
3242
3347
3349
3299
3366
3369
3337
3404
3356
3327
2647
3433
3402
3335
2865
3411
2597
3363
2213
2407
2316
2188
2161
2192
2141
2115
2061
2021
2037
2065
2081
2159
2001
1951
1828
1978
2041
2098
2099
2213
2293
2163
2165
2175
2151
2619
2855
2975
3147
3442
3309
3281
3383
3335
3351
2943
3367
3329
3339
3461
3323
3317
3345
3301
3301
3403
3401
2546
2437
2309
2233
2173
1669
2113
2093
2019
2082
1713
2064
2066
2025
2047
1936
2049
1993
2061
2061
2131
2149
2279
2221
2257
2258
1911
1845
3121
2461
3238
3409
3403
3393
2567
3389
3335
3277
3325
3361
3327
2567
3306
3351
3124
3367
3343
3337
2775
2587
2484
2271
2247
2148
2141
2135
2003
1655
1983
2097
1993
1524
2029
1973
1949
2020
1971
2053
2062
2223
2083
2165
2276
2213
2187
2067
2413
3037
2951
3231
3324
3389
3377
3400
3290
3361
3349
3349
3237
3371
3335
3367
2704
3404
2908
3135
3210
2783
2621
2429
1864
2259
2217
2276
2137
2003
2087
2061
1601
2143
2015
1975
2009
2005
2063
2023
2064
1972
2196
2048
2177
2240
1955
2213
2235
1717
2403
3181
2989
3293
3383
3353
3309
3357
3181
3347
3263
3363
3043
3352
3371
2852
3367
3401
3389
3239
2793
1964
2637
2385
2285
2221
1901
2183
2068
2119
2013
1981
2159
2005
1957
1971
1909
1941
1981
2093
2021
2082
2123
1637
2245
1999
2301
2259
2358
2237
3261
3065
3161
3303
3347
3347
3313
2644
2622
3368
3333
3345
3313
3288
3377
2548
3380
3363
3313
2951
2637
2327
2437
2259
2269
2230
2113
2088
2093
2026
2191
2045
2023
1533
1989
2013
1935
2015
1588
2077
2033
2096
2156
2229
2142
2256
1744
2180
2148
3191
2965
3029
3347
2847
3303
3301
3373
3249
3339
3290
3217
3492
3439
3295
3396
3373
3383
3351
2659
2094
2645
2476
2445
2348
2235
2235
2164
2141
1996
2005
2085
1991
1979
1873
2005
2000
1991
1961
1575
2015
2013
2094
2117
2185
2181
2257
2292
2244
2231
3181
3057
3033
3329
3339
3454
3373
3333
3293
3313
3345
3375
3313
3243
3287
3337
3309
2584
3248
2777
2733
2650
2512
2439
2345
2229
2213
2085
2129
2025
1991
2039
2007
2039
1979
1951
1937
1929
1948
1959
2028
1995
2035
2103
1630
2141
2237
2212
2285
2405
3217
2965
3101
3438
3322
3245
3353
3233
3287
3349
3350
3263
3323
3361
3334
3280
3365
3345
3060
2821
3439
3324
2567
3301
3261
3171
2645
3157
3159
3133
3101
2999
2667
2966
2866
2921
2869
2837
2834
2719
2805
2753
2717
2753
2621
2727
2657
2730
2615
2088
2355
2613
2695
2071
2664
2705
2673
2419
2697
2607
2685
2668
2635
2655
2693
2664
2707
2693
2087
2055
2685
2431
2653
2593
2569
2661
2661
2629
2643
2583
