3141
3071
3183
3060
3053
2535
3131
2811
3097
3079
3125
3029
2391
3143
3029
3071
3031
3141
3005
3123
3122
3035
3044
3137
2861
3077
3030
3079
3029
3124
3146
3054
3082
3145
3055
3019
2863
3033
3149
2864
3237
3141
3241
3253
3227
3245
3276
3201
3241
3095
3317
3167
2482
2359
2231
2229
2256
2213
2133
1693
2157
2183
2128
2113
1890
2151
2133
1965
2103
2085
2101
2143
2253
2184
1987
2193
1869
2205
2649
2643
2820
3015
3164
3323
3197
3231
3313
3371
3341
3303
3265
3357
3351
3263
3309
3276
3287
3172
3293
3419
3268
3319
2466
2349
2297
2212
2039
1799
2143
1749
2101
2137
2097
2119
2080
2108
2061
2092
2023
2075
2119
2175
2029
2181
2233
2133
2169
2527
2616
2791
2853
2953
3161
3277
3317
3241
3341
3248
2764
3327
3322
3249
3325
3308
3315
3268
3315
3317
3338
3319
3249
2941
1901
2338
2040
2256
2187
2143
2076
2201
2109
2092
2091
1935
2151
1680
2071
1621
2069
2037
2109
2161
2199
1887
2145
2245
2124
2493
2355
2624
2861
2903
3178
3334
3205
3283
3352
3405
3011
3240
3213
3237
3383
3316
3359
3261
3403
3240
3281
3269
2599
2391
2320
2259
1773
2260
2175
2129
2181
2149
2065
2121
2061
1708
2121
2029
2033
2105
2111
2076
2103
2177
1847
2188
2165
1775
1871
2631
2815
2943
3064
3267
3281
3309
2679
2743
3335
3277
3283
3260
3299
3312
2819
3249
3345
3169
3351
3333
3305
2688
2425
2320
2295
2259
2221
2197
2149
2157
2191
2145
1987
2065
2039
2049
2029
2065
2005
2103
2029
2129
1703
2245
2285
2271
2117
2201
1772
2773
2869
2487
3133
3285
3269
3307
3314
3317
3263
3277
2960
3237
3285
3358
3314
3370
3357
3253
3471
3317
2705
2580
2445
2353
2290
2233
2225
2223
2248
2193
2179
2148
2147
2135
2098
2035
2101
2093
2089
2149
2097
1647
2217
2269
1850
2167
2223
2233
2788
2627
2889
3031
3085
3213
3256
3287
2527
3221
3242
3259
3285
3247
3351
3349
3327
3333
3228
3293
3317
2949
2523
2461
2441
2309
2285
2241
2207
2148
2093
2145
1575
2004
2148
2109
2053
1957
2015
2072
2112
2101
2165
2177
2209
2241
2291
1775
2197
2287
2804
2809
2719
3037
3267
3365
3332
3297
2803
3289
3321
3291
3309
3351
3107
3060
3303
3321
3298
3327
3315
2864
2637
2512
2224
2253
2279
2260
2231
2207
2187
2149
2147
2102
2119
2115
2041
2021
1999
1905
2005
2037
2071
2151
2211
2285
2217
2171
2276
2579
2647
2901
3053
3211
3282
3275
3349
2631
3283
3152
3207
3326
3107
2980
3294
3337
3299
3225
3333
3239
3061
2579
2579
2421
2343
2345
2245
1975
2169
2206
2157
2092
2032
2071
2013
2077
1969
2069
1975
2000
2105
1983
2149
2173
2229
2295
2257
2291
2117
2752
2845
2864
3021
3117
3367
2972
3335
3261
2518
3277
3153
3229
3265
3319
3385
3245
3245
3081
3251
3407
2829
2677
2539
2179
2357
2227
2209
2175
2199
2161
2124
1669
2079
1564
2085
2023
2034
2065
2015
2077
1837
2037
2109
2056
2212
2213
2283
2351
2301
2618
2749
2897
3068
2775
3231
3285
2599
3301
3300
3263
3327
3236
3259
3271
3305
3011
3285
3326
3291
3277
3244
3197
3159
3091
3154
2997
2938
2867
2899
2953
2933
2901
2860
2853
2868
2897
2865
2909
2897
2884
2833
2851
2812
2877
2823
2820
2861
2801
2845
2855
2797
2893
2895
2861
2857
2789
2825
2838
2815
2784
2821
2863
2279
2837
2549
2813
2803
2372
2869
2860
2847
2775
2781
2781
