3238
3196
3181
3203
3220
3189
3211
2741
3188
3120
2861
3227
3023
3149
3189
3143
3266
3165
3185
3213
3221
3173
3165
3149
3238
3188
3224
2581
3319
3318
3212
3339
3333
3332
3287
3343
3297
3076
3383
2860
1920
2256
2192
1949
2229
2101
1996
2036
2156
2109
2167
2109
2149
1677
1701
2133
2113
2085
2145
2083
2235
2164
2263
2251
2349
2571
2669
2932
3009
3253
3302
3379
3393
3310
3420
3353
3373
3359
3399
3399
3419
3209
3337
3300
3383
3265
3373
3392
3049
2391
2377
2239
2173
2225
2117
2167
2133
2100
2033
2057
2087
2091
2180
2065
2013
2041
2073
1639
2075
2165
2221
2269
1972
2141
2449
2717
2869
2991
3167
3332
3409
3309
2863
3293
3391
3372
3412
3357
3305
3119
3415
3281
3381
2815
3253
3333
3443
2623
2465
2284
2253
2140
2004
2141
2093
2125
2093
2008
2121
1703
2047
2083
1984
2013
2053
2045
2039
2149
2193
2195
2169
2277
2237
2410
2268
2717
3127
3195
2647
3252
3378
3380
3386
3002
3429
3263
3263
3385
3369
3305
3361
3432
3351
2583
3381
3087
2612
2357
2179
2317
2165
2141
2192
2084
2153
2175
2101
2079
2069
1875
2102
2001
2076
2005
2021
2133
2063
2135
2209
2231
2132
2279
2242
2205
3269
2878
2953
3285
3359
3397
3319
3333
3399
3059
3381
2961
3378
3355
3377
3285
3357
3397
3397
3455
2829
2669
2545
2437
2277
2175
2205
2149
2079
2122
2130
2152
2101
2067
1663
2059
2064
1988
2047
2083
2055
2135
2077
1729
2263
2303
1756
2339
2261
2463
2925
3069
3303
3373
3245
3335
3445
3373
3335
3217
3393
3293
3411
3345
3183
2855
3393
3397
3365
3029
2760
2589
2481
2353
2281
2237
2243
1931
2129
2165
2091
2045
2065
1663
2007
2043
2099
2018
2064
2096
1607
1984
2156
2285
2245
2295
2437
2301
2323
3136
2707
3208
2655
3291
3317
3282
3500
3327
3295
2588
3390
3408
3466
3371
3405
3379
3394
3361
3188
2705
2619
1989
2405
2261
2207
2231
2199
2157
2095
2079
2123
1939
2013
2005
1975
2041
1993
1871
2047
2037
2125
2170
2248
2223
1873
2096
2359
2047
2372
2357
2537
3429
3385
2743
3357
3333
3287
3397
3383
3319
3252
3394
3391
2839
3300
3300
3373
2663
2709
2621
2497
2353
2321
2229
1919
1915
2105
2129
1935
1955
1939
2007
1923
2003
1972
2005
2015
2071
1934
2157
2079
2183
2207
2324
2241
2293
2261
2235
3036
3121
3293
3408
3412
3153
3433
3365
3396
3324
3285
3389
3293
3389
3355
3277
3359
3288
3300
2809
2625
2503
2501
2332
2271
2221
2167
2161
2103
2047
2076
1910
2039
2021
2012
2039
2013
2053
2007
2021
2001
2083
2216
2181
2257
2263
2239
2325
2169
2205
3005
3061
3093
3119
3345
3347
3383
3369
3379
3199
3385
3339
3295
3357
3343
3327
3402
3381
3325
2847
2583
2566
2417
2335
2284
2222
1919
2219
1749
2132
2133
2033
1584
1650
1959
2023
1791
2037
1645
2095
2033
2097
2181
2265
2245
2280
1732
2285
2219
2549
3157
3103
3341
3345
3465
3257
3401
3115
3280
3357
3341
2727
3321
3350
3347
3403
3285
3332
3375
3412
3376
3341
3397
3295
3308
3215
3211
3155
3152
2892
3001
3031
2923
2822
2924
2911
2837
2233
2749
2791
2789
2168
2419
2649
2725
2635
2656
2753
2715
2687
2279
2639
2597
2713
2701
2683
2677
2663
2689
2673
2687
2085
2650
2676
2660
2595
2471
2641
2591
2455
2633
2705
2691
2665
2653
2372
2653
2641
2667
2627
2295
2647
2661
2621
2695
2687
2593
2693
