3015
3059
3005
2864
3003
2994
3013
3006
3019
2913
2932
2991
2771
3016
2961
2960
3015
3017
2477
3059
2981
2957
2961
2995
3053
2909
3011
3064
3057
2980
2941
2999
3033
3031
2883
3008
2811
2340
3048
3005
3020
2964
2979
3027
3039
3047
3010
3007
2628
2981
2985
2747
2353
3019
2479
2963
2940
3017
3005
3019
2998
3035
2992
2993
2986
2679
3057
3220
3135
3221
3237
3191
3128
3231
3269
3273
3321
2433
2421
2353
2206
2196
2199
1877
2079
2079
2061
2037
2071
1791
1551
2033
1957
2069
2013
2004
2031
2133
2060
2199
2229
2285
2359
2148
2615
2557
2857
3058
3265
3202
3283
3249
3303
3197
3308
3249
3196
3333
3338
3115
3300
3358
3269
2837
3320
3295
2793
2405
2350
2257
2181
2149
2152
2123
2066
2117
2021
2107
1584
2085
2122
2035
1965
1948
2001
1915
2100
2103
1950
2038
2255
2141
2073
2123
2669
2692
2893
3153
3314
3193
3279
3282
3287
3269
3285
3261
3311
3277
3269
2925
3333
3135
2549
3285
3289
3289
2527
2406
2309
2165
2143
2107
2113
2151
2132
2069
2074
2105
1964
1981
2007
2002
2037
1981
2069
2033
2149
2057
2125
2195
2221
2036
2153
2691
2815
2979
2813
3359
3316
2525
3271
3219
3207
3172
3263
2885
3289
3277
3279
2590
3255
3229
2599
3271
2869
2211
2380
1815
2271
2205
2129
2121
2098
1983
2023
2053
2037
2033
1977
1999
1971
1668
1955
2035
2112
1935
2112
2161
2199
2209
2225
2251
2335
2923
2806
3031
3277
3293
3317
3343
3307
3135
3225
3263
2959
3320
3115
3257
3317
3276
2632
3263
3317
2503
2527
2473
2377
2311
2229
2175
2193
2061
2117
2048
1584
2061
2031
1973
1985
1995
1975
2005
2089
2069
2069
2123
2167
2111
2196
2163
2287
2389
2575
2793
2651
3047
3309
2888
3280
3273
3293
3303
3257
3275
3269
3319
3207
3221
3011
3387
3263
3280
3067
2945
2541
2427
2039
2229
1955
2209
2065
2106
2039
1987
2000
1757
1919
2001
1973
1884
1973
2005
2005
1951
2016
1983
2061
2135
2004
2215
1861
2215
2565
2763
2909
3012
2975
3209
3297
3293
3333
3270
3062
3249
3023
3334
2503
3263
3274
3380
3275
2583
3345
2361
2569
2359
2351
2309
2231
2194
2016
2113
1981
2101
2119
2079
1745
1983
1985
1981
2007
1551
1983
2088
2081
2137
2128
2214
2213
2217
2227
2601
2787
2947
2911
2674
3271
3263
3289
3215
3225
3333
3343
3221
3289
3383
3335
3319
3303
3341
3249
3322
2956
2583
2500
2228
2159
2179
2225
2186
2157
2091
2119
1949
2087
2076
2029
1629
1839
1989
1987
1986
2023
2037
2029
1604
1931
2161
2267
2271
2289
2537
2730
2253
2989
3349
3300
3269
3383
3209
3303
3274
3287
3253
3261
3237
3191
3213
3333
3285
3273
3255
2695
2613
2451
2396
2261
2223
2159
2065
2085
2089
2015
1989
2010
1981
1991
1941
1715
2030
2005
2039
2005
2116
2065
2157
2197
2233
2237
2245
2221
1991
2615
2891
2982
3319
2819
3219
3271
3273
2775
2767
3247
3249
3326
3241
3287
3235
2548
3311
3251
3333
2759
2628
2501
2379
2343
2229
1828
2101
2081
2013
2055
2013
1956
1559
1925
1973
1942
2024
1939
1997
1975
2071
2037
2169
2181
2180
2199
2205
2425
2577
2815
2938
2747
3407
3287
3227
3309
2862
3249
2500
3292
3212
3249
3251
3283
3299
3295
3135
3255
3204
3261
3153
3108
2724
2954
2771
2949
2891
2897
2875
2928
2903
2847
2861
2806
2823
2853
2807
2419
2699
2876
2455
2791
2797
2831
2781
2813
2815
