1984
2013
1919
2047
2025
1983
1446
1979
1973
1820
1973
1811
2024
2005
1952
1967
2013
1825
2001
2023
1965
2104
2017
2001
2007
1996
2112
1979
1973
2039
2007
2021
2099
2141
2079
2218
2111
2271
2301
2240
2281
2143
2149
2093
1791
886
516
697
639
575
605
620
677
604
543
531
621
565
451
661
628
617
822
679
729
578
715
673
742
743
833
1159
1329
1674
1709
1555
2079
2517
2233
2253
2271
2213
1799
2428
2301
2293
2484
2341
2315
2241
2213
2149
1575
1268
863
686
741
656
543
649
597
575
620
673
671
551
783
663
788
711
637
729
687
575
671
704
691
739
630
885
1077
1367
1612
1673
1911
1476
2453
2241
2261
2269
1639
2463
2311
2309
1973
2335
2340
2311
2324
2241
2193
1951
969
551
689
575
575
617
640
693
575
824
627
582
511
577
597
796
556
511
629
428
724
607
575
607
620
733
701
796
803
1151
1417
1751
1865
2067
2343
2237
2245
2211
2300
2297
2297
2327
1671
2347
2440
1919
2303
2261
2131
1985
1297
863
791
725
712
631
679
637
650
612
592
569
631
671
661
419
561
596
661
841
649
632
639
599
640
500
720
759
961
1119
1261
1719
1860
1776
2604
2303
2245
2271
2275
2269
2295
2295
2127
2317
2341
2321
2331
1815
2249
1775
1679
991
799
721
663
904
677
604
645
655
620
916
583
597
556
612
777
549
679
618
654
448
656
689
625
701
691
800
767
845
1124
1596
1715
1908
1557
2372
2436
2292
2293
2301
2287
1967
2326
2161
2319
2167
2305
2175
2259
2197
1635
980
799
763
725
487
544
671
609
726
694
626
617
657
557
543
568
656
784
655
672
623
593
645
676
641
672
648
779
976
1113
1551
1295
1476
2046
2167
2375
1815
2281
1679
2302
2301
2271
2203
2321
2343
2341
2079
2325
2079
2165
1621
1269
839
737
547
672
689
560
626
575
695
775
640
543
816
544
510
600
591
775
645
660
515
815
673
599
717
644
677
1000
911
1153
1587
1747
1909
1573
2367
1757
2003
1639
2311
2284
2320
2295
2273
2289
2341
1871
2239
2256
2150
1667
997
767
797
744
639
679
625
639
603
597
649
607
592
605
599
596
559
607
661
676
591
663
665
655
645
715
693
785
967
915
1523
1665
1877
1945
2277
2239
2241
2271
2289
2271
2231
2279
2325
2342
1684
2290
2269
2441
2149
2064
1197
767
707
673
631
468
607
668
641
695
633
838
608
671
557
545
543
587
644
575
692
631
629
664
661
463
724
673
895
1119
1425
1629
1727
1973
2240
2445
2232
2217
2277
2269
2273
2279
1733
2313
1780
2511
2287
2293
2171
2015
2001
1073
825
771
681
777
727
645
621
628
615
628
447
663
587
383
621
588
563
632
579
617
544
644
597
676
454
661
785
851
1087
1337
1553
1830
1791
1663
2256
2383
2267
2219
2277
2213
2257
2249
2064
2276
2269
2247
2177
2197
2225
2181
2170
2204
2125
2045
2109
2033
1925
1909
1861
1819
1739
1693
1631
1619
1669
1165
1223
1035
1079
1071
1009
1012
831
951
976
941
865
935
949
831
929
967
929
941
856
867
869
857
863
924
927
849
879
848
915
639
639
915
928
903
835
849
837
