1797
1701
1769
1773
1828
1769
1835
1407
1799
1773
1788
1733
1780
1823
1767
1789
1829
1896
1755
1635
1663
1695
1837
1759
1831
1779
1695
1757
1801
1749
1821
1713
1765
1910
1924
1957
1973
2039
2065
2051
2093
2167
2181
2081
2127
934
991
883
833
762
695
653
593
575
741
719
711
599
647
613
622
613
625
643
687
588
599
576
647
643
701
879
894
863
1164
1511
1837
2420
2117
2032
2165
2192
2136
2231
2221
2167
2121
2124
1543
2210
1607
2221
2161
2167
2093
1488
1090
573
740
757
704
685
677
664
610
612
601
563
555
396
566
625
561
687
603
563
586
599
645
735
637
764
836
915
1217
1501
1949
2237
1607
2181
2145
2079
1729
2207
2157
1606
1638
1716
2187
2167
2203
2209
2059
2135
1928
1613
1107
929
793
721
731
765
665
592
641
612
732
740
406
579
612
391
628
675
671
727
609
654
776
587
787
816
853
987
1261
1552
1873
1565
2065
2149
2093
2319
2143
2189
1711
2145
2093
2079
2189
2143
2153
2131
2103
2117
1795
1497
1085
970
841
697
701
607
733
665
725
723
615
515
642
669
527
581
659
614
644
667
565
531
641
492
674
679
783
1076
1288
1207
1351
2103
2093
2125
2255
1923
2183
2213
2151
2145
2012
2123
2147
1607
2185
1748
1891
2122
2087
1425
1055
951
849
832
727
594
589
614
657
741
656
707
634
689
567
575
607
543
627
595
627
629
649
727
771
693
836
1035
1139
1546
1278
2191
2101
2113
2128
1917
2133
1859
2132
2097
1565
1676
2320
2147
2300
2177
2183
2125
2051
1539
1207
890
551
852
669
673
675
744
626
732
547
640
677
407
717
557
685
557
529
671
512
728
631
879
727
750
805
1090
1333
1235
1791
2103
2124
2083
2255
2165
1567
1584
2141
2164
2157
2103
1623
2117
2173
2187
2140
2085
2077
1879
1153
906
885
703
723
711
532
539
455
641
597
648
650
573
593
583
619
399
525
602
715
677
623
735
641
819
743
1035
1269
1441
1801
2013
2119
2057
2073
2135
2173
2260
1687
2129
2160
2141
1996
1939
2184
2161
2135
2079
2109
1903
896
980
829
655
775
689
515
551
681
726
691
584
597
564
436
653
609
593
452
568
745
707
671
495
771
590
812
1088
1236
1311
1619
1951
2101
2055
2115
2145
2089
2125
2145
2157
2156
2153
2131
2131
2173
2157
2195
2140
1540
1859
1221
964
865
703
786
694
612
695
605
672
442
564
588
577
601
565
748
529
593
625
677
592
605
607
463
747
823
897
1153
1397
1661
1479
2184
2077
2140
2147
2143
2160
2204
2065
2133
2128
2135
2149
1668
2117
1719
2165
2081
2009
1279
1007
884
671
688
641
683
471
639
729
581
455
700
593
607
533
629
598
620
618
657
617
655
618
731
775
791
865
1259
1186
1669
1894
2179
2135
1552
2069
2081
2085
2181
2109
2085
2125
2055
2037
1828
2085
2143
2045
2065
1983
2141
2135
2133
1737
2151
2037
2100
2057
2086
2029
1683
1367
1855
1755
1757
1739
1880
1573
1693
1237
1725
1452
1663
1601
1653
1701
1693
1707
1613
1389
1715
1713
1746
1669
1319
1661
1571
1655
1677
1700
1605
1674
1631
1621
1653
1691
1551
1592
1575
1623
1635
1679
1631
1642
