1652
1677
1645
1704
1670
1631
1629
1807
1600
1820
1669
1671
1427
1675
1736
1649
1645
1625
1636
1574
1600
1653
1613
1601
1617
1534
1619
1573
1561
1573
1629
1695
1759
1791
1756
1877
1476
1781
1896
1909
1889
1878
1875
1857
1813
1215
1053
705
757
713
455
555
648
626
723
612
651
575
469
627
659
661
673
657
479
645
656
630
691
463
705
743
1108
1389
1493
1841
1836
1877
1549
1877
1951
1628
1955
1751
1947
1860
1945
1825
1823
1865
1627
1865
1809
1861
1821
1649
1053
815
797
580
629
639
759
669
631
820
709
589
688
596
655
454
558
391
543
573
717
669
696
661
763
709
1003
1239
1187
1635
1729
1857
1876
1390
1908
1874
1992
1887
1927
1961
1915
1881
1912
1860
1943
1873
1893
1857
1853
1789
1073
1119
567
721
769
707
661
631
578
588
484
423
603
692
648
651
653
528
705
671
604
511
625
682
673
727
727
996
1347
1447
1543
1603
1799
1861
1845
1837
1938
1873
1959
1991
1892
1925
2031
1840
1603
1420
1975
1917
1611
1841
1631
1296
1012
821
672
803
463
765
547
695
617
647
663
504
532
617
592
509
640
518
499
503
659
607
581
527
726
925
1131
1391
1533
1823
1805
1791
1761
1851
1887
1999
1901
1980
2007
1959
1900
1907
1711
1919
1855
1908
1801
1479
1397
1395
1130
807
805
685
771
519
757
572
645
681
672
705
631
529
659
613
676
612
569
463
721
635
701
532
535
837
993
887
1459
1709
1667
1813
1886
1865
1769
1895
1704
1892
1985
2003
1997
1952
1957
1827
1764
1909
1779
1859
1849
1695
1041
951
791
759
748
641
691
605
631
541
613
599
613
593
575
423
633
596
581
567
451
641
701
639
455
767
848
1047
1293
1341
1927
1841
1868
1781
1935
1809
1879
1893
1941
1973
2007
2005
1928
1957
1952
1905
1723
1600
1895
1651
1661
822
756
725
703
775
791
656
518
743
645
719
520
640
583
590
586
639
597
547
589
709
683
685
691
613
761
999
1221
1155
1621
1936
1680
1749
1749
1831
1829
1809
1829
1863
1975
1827
1965
1991
1884
1885
1859
1855
1619
1801
1663
1296
1197
917
791
703
621
653
605
656
460
547
626
579
736
689
695
453
529
671
560
579
637
752
805
540
737
863
756
1259
1151
1620
1908
1829
1824
1393
1796
1819
1845
1824
1939
1935
1877
2007
1968
1432
1925
1861
1905
1879
1799
1661
1315
1066
839
767
478
742
766
584
681
657
605
655
547
521
522
499
578
511
494
494
577
463
637
749
681
649
878
1035
1244
1333
1533
1908
1560
1805
1804
1729
1845
1823
1858
1899
2013
1964
1993
1843
2091
1877
1922
1877
1785
1765
1365
1245
983
893
799
779
484
648
625
686
723
549
704
609
396
522
543
621
649
483
751
664
547
680
767
730
845
813
796
1185
1349
1513
1395
1446
1780
1751
1669
1781
1303
1729
1833
1727
1857
1917
1957
1953
1887
2012
1801
1691
1845
1799
1860
1873
1679
1805
1815
1821
1748
1819
1407
1892
1781
1735
1519
1695
1723
1765
1846
1236
1713
1631
1761
1673
1709
1746
1671
1753
1732
1300
1617
1584
1871
1324
1695
1687
1239
1725
1733
1663
1701
1349
1407
1669
1648
1396
1713
1665
1675
1661
