2037
2024
1479
2087
2029
1984
2033
2024
2011
2019
2047
1935
1444
2039
1763
1992
2079
1997
1975
2045
1981
2044
1839
2000
2065
2033
1976
1988
2079
2005
1975
2009
2005
2047
2129
2143
2197
2136
2301
2412
2317
2344
2291
2230
2069
1020
927
814
799
723
671
677
647
804
755
671
645
679
671
545
559
783
661
639
704
775
789
484
864
837
756
845
1353
1623
1443
2143
2301
1767
2317
2412
2349
2329
2207
2292
2343
2333
2273
2315
2327
2452
2297
2295
2252
1559
819
835
763
611
723
645
766
721
681
671
639
561
711
515
455
633
640
736
655
632
463
492
698
668
700
799
1017
1167
1384
1799
1896
2389
2463
1933
2413
2372
2303
2413
2285
2303
2289
2319
2325
2301
2317
2235
2261
2109
1667
1021
947
773
725
748
637
624
683
696
641
484
669
724
468
579
764
639
609
725
625
791
847
609
847
584
629
838
1077
1119
1581
1828
2089
2350
2292
2239
2333
2111
2315
2333
2301
2349
2333
2362
2285
2325
1751
2275
2252
2163
1401
1132
934
625
741
721
663
607
663
764
534
455
574
588
644
603
543
682
593
589
736
752
735
773
674
648
653
789
903
1232
1456
1495
2084
2420
2323
2348
2292
2132
2249
2261
1703
2256
2332
2335
1821
2271
1700
2239
2268
2141
1223
1077
949
870
735
708
724
743
719
719
671
720
423
559
583
583
592
575
692
623
711
752
764
695
639
547
800
812
895
1080
1438
1635
1795
2461
2133
2328
2416
2319
2293
2309
2257
2321
2180
2337
2295
2341
2352
2315
2300
2124
1989
775
1029
821
805
719
637
720
683
688
569
671
593
517
683
586
515
599
547
597
646
701
595
709
641
709
717
655
979
1053
1417
1685
1969
2513
2245
1721
2415
2219
2285
1679
2293
2297
2261
2257
2311
2277
2127
2314
2237
2064
1925
1190
925
853
735
727
721
611
639
690
575
641
593
601
712
619
624
383
545
455
591
707
631
620
759
729
705
821
989
1175
1415
1631
2003
2239
2228
2301
2323
2289
2279
2268
2277
2295
1655
2287
2303
2293
2259
1956
1939
2109
1623
1263
895
726
807
653
640
469
640
593
687
695
590
485
615
678
655
637
624
597
639
760
896
720
673
753
552
776
822
743
1367
1689
1864
2586
2265
2084
2309
2262
1791
2293
1639
2285
2323
2447
2261
2301
2271
2289
2259
2133
1527
1076
843
938
757
735
639
601
673
637
575
723
549
668
695
693
551
463
636
637
611
671
642
639
689
715
700
701
976
1079
1303
1655
1748
2535
2309
1703
2352
1923
2277
2283
2239
1679
2295
2293
2317
2127
2339
2037
2265
2131
1562
1171
881
655
685
735
683
671
676
740
585
743
591
605
671
551
655
580
616
580
660
726
651
618
689
475
615
455
965
884
1408
1655
1951
2463
2308
2285
2276
2279
2240
2328
2244
2383
2307
2303
2321
1813
2289
2309
2351
2293
2263
2239
2175
2036
2113
2115
2037
2068
1925
1571
1799
1783
1764
1661
1604
1096
1225
1244
1221
1092
1156
1193
1094
1151
1063
1071
1056
1057
1053
1156
1033
1133
1053
1123
1045
1031
1125
1133
1015
1106
886
1133
1093
1019
1055
1039
1040
997
1031
1014
1055
1029
1161
1075
1029
1025
1090
1056
