1127
1087
1111
1013
1103
1061
823
1220
1187
1119
1205
1125
911
1181
1077
1125
847
1101
1133
1143
1136
1099
903
1095
1199
1153
826
1199
1167
1129
1173
1119
1183
1233
1169
1134
1247
1337
1312
1271
1381
1583
1439
1413
1487
1335
1163
1063
939
863
826
791
611
716
784
620
578
744
613
749
659
607
711
659
708
715
709
656
609
699
589
854
823
895
809
982
1038
1143
1327
1311
1425
1375
1439
1481
1093
1487
1403
1425
1484
1499
1517
1268
1095
1373
1452
1426
1213
1139
996
583
847
588
701
687
785
663
773
737
717
722
767
693
605
636
663
591
637
761
689
399
732
808
785
849
851
751
947
1069
975
1361
1445
1467
1455
1010
1392
1404
1355
1319
1080
1343
1493
1375
1151
1483
1493
1468
1361
979
1127
1013
859
775
758
667
709
905
617
698
656
667
540
725
615
755
625
640
673
675
578
661
688
740
752
869
717
887
971
898
1231
1317
1397
1468
1380
1411
1468
1359
1451
1461
1343
1386
1357
1461
1441
1424
1068
1465
1383
1277
1088
917
970
807
519
757
563
745
773
657
517
631
735
721
639
708
713
589
455
813
519
681
776
779
627
855
899
821
852
977
1105
1144
1308
1415
1377
1379
1278
1460
1239
1375
1519
1221
1479
1127
1551
1135
1340
1461
1392
1255
1173
925
799
855
752
645
693
741
689
645
655
749
703
759
769
671
547
588
731
589
577
636
607
703
797
750
712
743
875
1011
1012
1097
1351
990
1461
1031
1373
1423
1468
1461
1441
1410
1351
1463
1489
1497
1449
1427
1487
1167
1287
1169
1077
871
752
702
773
631
747
492
724
720
596
593
778
663
591
591
607
619
511
679
643
640
648
519
810
781
583
868
929
960
1265
1383
1349
1367
1367
1421
1373
1221
1397
1397
1476
1396
1375
1491
1449
1471
1473
1444
1289
1217
1140
992
869
762
767
637
671
617
611
721
607
727
708
649
682
729
761
694
551
641
578
645
576
597
733
801
809
877
863
968
1001
1105
1367
1415
1343
1493
1477
1142
1429
1495
1479
1443
1427
1510
1425
1365
1295
1416
1343
1353
1168
986
788
829
695
812
736
611
685
652
783
687
671
625
812
657
706
711
667
684
729
543
725
692
756
656
749
899
852
885
999
1041
1173
1405
1267
1437
1369
1447
1327
1208
1375
1457
1479
1349
1469
1367
1457
1431
1422
1093
1213
866
977
787
833
643
799
820
693
738
673
597
733
607
701
772
589
709
669
444
639
620
674
721
584
633
827
766
809
795
996
1125
1284
1415
1445
1447
1431
1431
1393
1455
1279
1315
1491
1461
1460
1493
1487
1439
1489
1397
1116
1121
805
703
751
674
661
717
703
759
639
656
637
577
725
767
725
484
703
672
755
576
652
543
713
808
821
885
902
873
816
1031
1215
1369
1439
1395
1447
1413
1380
1387
1143
1348
924
1230
1297
1335
1266
1297
1341
1323
1301
1267
1251
1359
1275
967
1249
1245
1236
1314
1161
1224
1207
1215
1296
1039
1157
1183
1305
1298
1269
1197
1236
1287
1161
1156
1151
1253
1221
1287
1251
1279
932
1223
1215
1159
1218
1228
1161
1324
1259
1200
1125
1261
1233
1276
1235
1266
1237
1039
