1944
1989
2127
1975
1953
1980
1840
1991
1971
1981
1921
1981
1973
2008
2004
1468
1917
1747
1975
1476
1487
1941
1971
1933
1452
1941
1663
2047
1761
1949
2232
2099
2099
2165
2245
2153
2288
2281
2275
2189
1815
2047
925
575
807
657
740
636
613
633
719
693
711
692
627
783
719
639
659
500
944
780
695
524
698
693
788
820
1168
1696
1743
1727
2085
1879
2257
2245
2085
2303
2275
2349
2331
2338
2357
2357
2349
2289
2292
2243
2147
1944
983
801
779
746
720
615
614
637
856
463
561
575
614
444
533
671
592
591
566
599
477
671
672
520
653
651
743
855
1120
1559
1671
1947
2044
2708
2207
2220
2055
1843
2257
2293
2321
2281
2321
1671
2317
1807
2215
2183
1486
1404
895
595
479
641
631
631
653
645
511
684
575
679
573
529
542
587
640
578
624
639
607
637
649
660
691
715
732
913
1157
1573
1757
1908
2220
2607
2108
2261
2285
2304
2277
2284
1708
2276
2327
2275
2331
2293
2205
2153
1637
1121
975
519
676
653
653
704
565
628
668
621
651
553
360
549
461
523
680
613
508
575
650
525
774
593
711
663
873
1005
1128
1631
1599
1899
2167
2490
1687
2024
2228
2237
2281
2253
2289
2326
2215
2307
2309
2285
1622
2207
1972
1165
771
767
716
693
483
751
640
626
651
584
419
561
656
621
572
559
583
663
667
621
628
513
678
675
632
463
739
984
1188
1554
1788
1823
2260
2535
2194
2099
2268
2279
2303
2301
2316
2332
1767
2293
2295
2295
2227
2180
1663
845
837
785
645
799
677
639
612
436
581
487
624
611
581
563
565
576
531
617
688
575
707
668
674
645
667
737
795
840
1067
1501
1717
1853
2011
2377
1780
2096
2217
1859
2231
1925
2285
1981
2224
1971
1703
2097
2383
2193
2252
1145
857
775
678
793
679
642
583
639
596
671
561
660
645
623
572
629
592
451
513
606
751
677
713
454
616
671
781
950
1159
1469
1716
1743
2143
1987
2201
2189
2124
2057
2447
1837
2279
2299
1832
2532
2263
2269
2185
1743
2015
1269
837
781
708
717
589
575
599
575
601
448
629
583
541
567
594
631
583
597
743
641
439
639
575
653
673
680
733
825
979
1217
1251
1765
1542
1663
2513
2161
2201
2263
2261
2383
2287
2368
2319
2311
2383
2415
1907
2175
2087
1359
903
749
847
764
601
695
796
621
575
623
529
589
656
583
583
781
543
391
677
423
633
644
689
712
669
657
735
985
959
1541
1237
1811
2092
2528
2210
2252
2257
2415
2239
2241
2269
1999
2303
2295
2035
1703
2253
2133
2001
1055
834
729
706
639
639
618
617
510
675
585
607
554
596
541
595
519
647
719
671
600
768
695
673
671
575
676
705
883
1087
1429
1711
1287
2083
2439
2229
2197
2209
2255
2175
2281
2277
1743
2063
2256
2173
2231
2383
2136
2213
2141
2149
1604
1839
2085
2069
1989
1973
1893
1873
1695
1683
1715
1700
1557
1052
1215
1111
959
1037
961
1045
975
965
968
912
660
712
913
942
815
755
911
941
881
907
903
864
615
916
849
863
912
927
853
889
849
604
604
885
913
895
867
897
885
863
921
783
913
712
639
