2101
2151
2092
2141
2117
2079
2151
2145
1644
1935
2100
2147
2272
1541
2101
2129
1559
2140
2135
2071
2089
2141
2128
1655
2135
2135
2095
2125
2135
2132
2077
2107
2129
2174
2293
2316
2269
2325
2239
2383
2373
2259
2229
2135
1936
647
724
643
745
691
709
776
734
609
773
708
645
600
589
744
455
657
660
741
781
705
613
605
737
900
881
831
1221
1443
1631
1955
2037
2539
2316
2380
2204
2372
2384
2358
2371
2384
2449
2397
2410
2428
2313
2287
2209
2025
1071
863
742
732
711
784
759
604
615
653
468
743
660
391
546
612
615
657
625
669
629
645
695
550
732
776
755
1061
1279
1511
1689
1960
2223
2533
2343
2388
2373
2349
2367
2391
2300
2381
2389
2417
2448
2373
2359
1981
2165
2095
1031
747
709
756
735
531
592
755
499
753
478
671
607
627
657
581
585
764
664
671
596
717
575
748
740
769
884
1068
980
1092
1720
1975
2165
2397
2348
2373
2369
1719
2362
2373
2369
2349
2425
2425
2421
2399
2327
2267
2165
1493
851
767
774
516
601
627
515
681
671
628
629
683
656
579
595
687
709
735
663
662
672
789
559
749
647
713
997
1141
1361
1602
1853
2033
2111
2325
2325
2333
2111
2394
2355
2381
2385
2271
2421
2405
2413
2389
2285
2205
2118
991
887
869
703
735
685
710
656
609
645
647
743
617
563
535
689
662
679
820
533
749
669
764
709
679
740
911
877
1138
1221
1543
1901
1855
1664
2389
1856
2063
2380
2303
2339
2351
1935
2371
2413
2423
1765
2385
2031
1669
2149
1456
975
551
673
703
697
661
691
621
721
602
665
655
649
606
567
647
595
679
725
655
668
717
748
665
735
782
839
1156
1333
1503
1835
1956
2223
1871
2333
2325
2241
2356
2359
2383
2376
2480
2419
2416
2373
2399
2496
1992
2167
1767
841
755
765
706
575
707
768
701
585
775
724
673
544
663
646
693
607
601
591
653
704
709
756
663
631
604
999
1104
1355
1676
1797
2079
2151
2375
2320
2468
2335
2385
2389
2399
2429
2337
2399
1857
1807
2399
2285
2187
2141
775
893
757
487
641
648
622
701
743
659
688
560
583
645
719
628
732
724
707
727
765
665
715
649
757
767
735
1104
1057
1297
1581
1893
2113
2298
1885
2380
2379
1769
2391
2355
2339
2261
2421
2444
1764
2381
2399
2289
2245
1588
1631
939
797
809
624
656
673
627
641
673
605
701
625
674
561
460
639
584
599
841
669
594
629
707
728
704
850
889
1141
1247
1315
1749
1996
2141
2391
2329
1871
2354
2372
2163
2359
2367
2423
2328
2419
2508
2035
2277
2197
2149
1467
863
599
783
665
738
524
706
659
689
772
607
607
639
635
545
589
495
587
599
699
747
656
749
662
735
739
845
1149
998
1543
1751
1997
2213
2351
2349
2172
1851
2341
2327
1861
2365
2239
2333
2373
2399
2492
2340
2323
2437
2255
2271
2225
1864
2211
1955
2125
2192
2069
2064
1969
1962
1348
1815
1693
1685
1648
1295
1393
1676
1589
1505
1615
1231
1543
1551
1531
1596
1559
1489
1503
1493
1573
1581
1552
1532
1543
1551
1488
1585
1565
1473
1569
1561
1545
1487
1467
1509
1461
1525
1480
1235
1497
1427
1554
1549
1557
