1442
1471
1437
1393
1397
1479
1329
1375
1409
1479
1457
1493
1489
1431
1413
1375
1477
1439
1489
1461
1511
1261
1465
1293
1422
1461
1442
1493
1472
1469
1471
1620
1369
1654
1460
1697
1727
1660
1639
1693
1445
1677
1567
1192
1175
895
791
815
753
671
709
542
646
609
577
631
678
661
656
647
719
609
641
625
729
772
689
755
814
653
1085
1193
1498
1425
1409
1581
1599
1735
1787
1805
1775
1657
1713
1608
1716
1727
1735
1685
1683
1761
1701
1551
1636
1217
1107
1032
807
689
715
767
438
673
741
663
631
711
577
601
737
656
741
591
413
680
575
761
647
759
711
753
1060
1059
1307
1457
1601
1589
1655
1725
1761
1753
1748
1734
1713
1749
1685
1706
1749
1800
1675
1460
1757
1653
1630
1108
1167
1108
821
751
736
801
713
666
637
593
721
575
709
460
633
629
591
633
553
631
655
665
579
436
503
764
917
911
1271
1591
1535
1589
1549
1639
1744
1751
1623
1765
1780
1681
1717
1747
1485
1700
1684
1649
1639
1687
1279
1681
1576
1037
985
727
807
759
715
735
647
727
613
579
563
657
701
739
656
591
639
630
462
693
572
561
591
767
841
984
1059
1481
1457
1571
1599
1562
1805
1839
1823
1715
1713
1774
1743
1751
1725
1735
1763
1260
1731
1769
1711
1732
1463
975
953
687
780
767
676
669
480
685
618
725
579
511
628
677
738
703
691
515
663
575
653
625
681
719
850
927
1416
1277
1560
1555
1597
1277
1700
1831
1447
1829
1757
1821
1756
1788
1681
1685
1491
1653
1717
1633
1667
1759
1647
1141
1047
833
765
777
671
719
611
616
737
610
543
550
517
575
667
732
746
669
652
675
725
561
718
661
675
784
905
1277
1043
1447
1548
1597
1516
1799
1847
1801
1809
1799
1781
1757
1751
1751
1687
1765
1739
1673
1617
1776
1714
1577
1127
798
757
720
626
620
747
631
661
751
596
583
639
543
729
727
676
717
631
623
679
641
583
577
655
919
1033
1284
1801
1527
1599
1735
1789
1693
1759
1753
1791
1753
1763
1681
1661
1757
1741
1648
1717
1657
1753
1713
1663
1297
1019
572
835
800
673
575
729
699
669
657
605
543
598
608
661
638
742
639
692
605
756
733
595
707
656
843
1019
1271
1389
1501
1613
1697
1757
1651
1744
1805
1367
1697
1389
1719
1279
1357
1725
1750
1687
1663
1685
1713
1741
1562
1181
1004
813
764
773
701
625
552
623
724
613
558
713
725
736
665
681
780
669
619
701
591
703
597
507
757
1093
1129
1233
1542
1519
1661
1685
1837
1799
1759
1785
1415
1725
1463
1773
1485
1780
1780
1820
1693
1735
1652
1769
1671
1225
1096
838
829
733
742
575
725
509
675
671
693
609
709
737
567
695
661
753
423
703
621
468
677
656
799
988
1091
1279
1157
1216
1619
1661
1753
1769
1701
1741
1799
1741
1719
1621
1719
1504
1690
1221
1567
1637
1598
1599
1645
1631
1520
1639
1653
1427
1604
1599
1629
1608
1559
1545
1352
1585
1596
1607
1524
1613
1609
1612
1623
1517
1576
1617
1530
1564
1597
1152
1581
1299
1593
1503
1476
1493
1508
1535
1459
1523
1487
1533
1424
1493
1497
1583
1573
1565
1569
1537
1485
1568
1574
1491
1477
1370
1459
