1744
1789
1813
1491
1725
1813
1809
1705
1407
1806
1825
1713
1731
1799
1741
1760
1741
1757
1599
1725
1789
1543
1749
1716
1749
1787
1571
1539
1725
1604
1871
1789
1791
1805
1511
1968
2007
1953
1893
1791
2013
1773
1985
2028
2047
1490
1023
639
751
720
727
775
543
643
593
585
706
663
551
613
510
581
568
597
675
593
682
639
693
671
708
725
785
1173
1443
1681
2309
1910
1987
1839
2077
1929
2133
2079
1858
2007
2033
2069
2029
2085
2087
1773
2089
1993
2023
1605
1240
881
809
797
478
631
679
622
575
669
677
669
511
573
615
483
613
652
559
611
575
605
756
603
559
679
882
1119
1489
1695
1993
1935
2035
2031
2039
2087
2069
2107
2081
2021
1903
1993
2023
2076
2119
2015
1933
2005
1973
1552
1169
947
807
781
709
719
667
613
580
586
628
514
575
592
562
696
564
580
677
656
715
704
719
705
649
721
909
1055
1273
1603
1808
1743
1975
1933
2009
2097
2037
2105
2101
2113
2095
2029
2061
2028
2071
1843
2035
1968
1631
2021
1501
1132
957
855
801
726
660
591
637
719
483
555
603
677
631
521
398
510
532
391
593
531
693
536
588
759
735
905
941
1145
1581
1989
1884
1511
2071
2036
2053
2114
2012
2079
2125
2033
1987
2039
2026
2085
2059
2040
2007
1973
1981
1333
1015
871
723
749
713
727
637
575
707
629
530
566
685
513
567
678
527
674
531
694
657
683
736
767
783
713
904
1229
1431
1621
1900
1953
1889
2033
2017
1981
2091
2159
2105
2061
1983
1911
2028
2001
2071
2055
2032
2005
1965
1475
1218
895
862
667
639
672
647
640
657
583
396
607
563
613
712
647
677
655
711
517
575
677
641
765
681
726
831
1071
1328
1630
1641
2064
2013
2100
2021
2044
1977
2027
2041
2077
2101
2109
2083
1921
2089
2053
2067
1839
2001
1771
1247
897
535
732
733
651
661
603
652
420
702
602
499
692
548
563
591
567
569
631
592
633
637
677
609
624
737
762
1299
1508
1639
2039
1824
1645
2028
1951
1941
2023
1953
1741
2135
2132
2053
1976
2029
2036
2015
1639
2023
1901
1285
989
732
821
754
641
691
613
722
644
639
515
488
606
544
609
578
673
671
667
436
604
623
504
784
532
680
985
1065
1267
1577
1853
2143
1988
1959
1955
1991
1811
2013
1747
2056
2113
2061
1969
1983
2025
1565
1725
1979
1973
1760
1187
831
944
677
675
759
636
642
639
599
680
693
637
559
543
421
559
677
512
557
620
653
655
607
591
787
801
967
1269
1501
1347
1937
1941
1949
2037
1959
1991
2033
1570
2037
2135
2087
2001
2179
2053
2048
1773
2035
1828
1941
1201
839
836
848
738
775
707
688
679
587
616
621
692
679
657
405
550
519
670
543
647
669
621
575
655
847
781
941
1087
1409
1578
1761
1268
1729
1695
1995
1893
1615
1957
2009
2023
2029
1928
2013
2025
2007
2031
1957
1965
2005
2045
2057
2037
2069
2083
2015
1455
2047
1989
2017
1940
2012
1855
1939
1881
1925
2012
1921
1943
1927
1917
1887
1917
1795
1910
1869
1992
1866
1821
1636
1885
1319
1823
1485
1647
1791
1797
1911
1861
1619
1761
1837
1873
1805
1809
1823
1849
1825
1855
1827
1777
