2013
1961
1943
1991
2003
1996
1988
1937
2013
1943
1999
2025
1908
2015
1990
2047
1413
1941
1925
2015
1919
2009
1975
1959
2005
1933
1907
2015
1790
1848
1979
1663
2097
2100
2121
2111
2219
1791
2039
2004
2231
2227
2117
2071
2065
1319
1019
882
877
760
725
839
765
753
637
832
911
657
721
767
733
807
637
597
743
801
799
865
934
957
1149
1301
1583
1864
2015
2293
2319
2311
2320
2271
2293
2249
2329
1992
2225
2266
2288
2245
2189
2260
2273
2221
2129
2143
1754
1408
981
853
821
792
703
551
859
748
690
749
685
625
621
639
487
820
783
773
689
739
679
859
919
805
1065
1120
1645
1860
1961
2335
1735
1971
2299
2329
2315
2253
2237
2239
2269
2319
2325
2240
2221
2195
2225
2219
2101
2124
1621
1269
983
913
880
837
749
674
677
759
749
619
737
759
804
661
789
677
767
721
688
836
704
821
800
871
999
1233
1541
1749
1829
2496
2173
2233
2301
2240
1948
2243
2229
2233
2271
2251
2200
2229
2241
2311
2221
1638
1762
2127
1994
1397
1005
739
940
822
817
799
691
753
747
753
783
741
737
807
671
626
773
681
634
633
737
739
803
815
867
895
984
1157
1084
1585
1891
2515
2295
2349
2303
2276
1987
2335
2273
2251
1701
2243
2257
2263
2237
2173
2293
2311
2183
2230
2037
1317
957
863
817
852
567
855
812
703
705
783
789
731
757
645
773
591
663
532
727
833
703
644
832
833
851
1190
1320
1687
1763
2007
2383
2319
2292
2297
2323
2349
2271
1765
2299
2239
2168
2279
1668
2269
2319
2247
2193
2093
2097
1461
832
967
809
787
801
767
845
551
652
424
743
747
727
801
737
847
775
645
655
811
791
767
706
851
790
976
1285
1569
1731
1764
2501
2411
2286
2231
2287
2296
2269
2301
2263
2243
2263
2224
2197
2220
2237
2249
2229
2155
2111
1759
1121
679
809
875
789
719
687
715
723
658
801
722
471
749
788
796
503
785
765
718
783
762
793
811
927
880
1272
1549
1663
1844
2321
2371
2301
2335
2261
2282
2303
2261
2192
2321
2257
1972
2239
2311
2285
2293
2217
2212
2141
2041
1381
1165
831
831
775
578
841
690
759
727
591
731
496
591
529
759
720
771
651
616
753
671
671
748
767
887
991
1153
1329
1541
1763
1886
2367
2310
2271
2313
2307
2309
2277
2295
2297
2288
2275
2177
2285
2067
2253
2209
2085
1663
2097
1367
1029
1032
623
893
735
791
767
827
909
656
701
749
526
675
629
735
709
588
709
732
773
759
804
786
833
1017
1193
1203
1597
1805
1859
2531
2301
2325
2159
2321
2256
2189
2297
2267
2265
1815
2368
2279
2120
2237
2383
2183
1615
1532
1344
1013
967
868
789
791
841
675
700
712
740
607
733
711
755
765
548
710
812
718
766
720
643
803
639
665
1041
1360
1517
1741
1399
2187
2372
2201
1717
2225
2225
2243
2277
2311
2261
2209
2229
2189
2239
2223
2253
2246
2258
2237
2244
2251
2229
2253
2300
2245
2211
2113
2056
2125
2065
2001
2039
1763
2061
2068
1479
2015
1717
2033
1813
1965
1543
2023
1925
1990
1998
1959
1937
2021
1763
2010
1892
2001
1927
1989
1887
1967
1937
1823
2015
1950
1896
1893
1965
1988
1963
1984
1981
1955
