2237
2220
2229
2269
2207
2277
2215
1736
2201
2245
2241
2317
2241
2266
2225
2265
2268
2290
2237
2257
2243
2236
2207
2221
2229
2221
2108
2229
2263
2253
2039
2245
2291
2373
2295
2441
2098
2541
2320
2451
2448
2460
2317
2117
1178
787
849
598
895
823
765
809
911
850
858
582
755
591
757
797
801
855
829
831
975
904
821
878
925
1297
1572
1349
2065
2199
2805
2557
2559
2572
2553
2519
2512
2557
2353
2565
1960
2547
2549
2472
2504
2461
2341
2021
1183
1077
982
784
765
852
777
620
779
893
854
740
863
876
775
717
756
743
858
758
855
809
818
835
820
883
1173
1283
1453
1699
2192
2143
2332
2567
2056
2616
2605
1879
2545
2563
2535
2581
2580
2528
2497
2365
2500
2503
1791
2224
1063
1125
1024
949
786
572
817
771
878
583
799
865
588
791
708
752
752
763
686
519
848
807
712
767
627
777
1036
1063
1352
1463
1999
2029
2311
2727
2559
2604
2559
2610
2768
2597
2597
2449
2525
2599
2551
2531
2588
2509
1820
2345
2009
1269
841
757
863
923
851
732
911
833
897
818
671
511
639
765
691
595
833
767
863
799
837
821
1039
728
940
1013
1185
1565
1823
2039
2295
2451
2609
2625
2701
2557
2601
2567
2579
2469
2524
2420
2541
2535
2513
2131
2487
2345
1940
1275
1025
783
879
914
779
833
737
760
932
833
820
871
681
767
667
744
767
802
849
887
832
768
758
946
929
983
1303
1269
1787
2045
1971
2591
2588
2613
2520
2611
2611
2527
2587
2533
1924
2563
2351
2548
2396
2580
2497
2368
2245
1344
1097
767
907
797
675
885
713
735
759
688
813
564
693
775
583
777
847
839
655
909
799
821
735
829
639
883
1029
1079
1613
1893
2015
2283
2404
2629
2567
2613
2591
2629
2571
2647
2515
2557
1870
2517
2377
1844
2509
2437
2303
1769
1183
1015
945
821
825
833
755
839
825
721
749
576
792
815
784
821
673
751
743
697
798
643
781
937
873
931
951
1121
1439
1661
1844
2093
2172
2846
2625
2621
2433
2597
2086
2567
2464
2577
2573
2495
2581
2588
2551
2517
2453
2491
2355
2191
1149
1042
933
847
841
804
740
823
809
781
763
767
745
795
783
669
634
468
795
859
832
920
833
589
976
917
938
1051
1199
1681
2033
1907
2292
2132
2515
2524
2449
2611
2577
2545
2565
2571
2567
2519
2493
2527
2543
2469
2405
1639
2097
1254
1047
912
769
752
784
855
793
773
799
834
700
519
796
519
695
767
761
656
849
725
739
720
916
948
939
1205
1047
1623
1857
2125
2243
2729
2583
2405
2055
2571
2351
2597
2020
2604
2567
2485
2487
2453
2508
2471
2399
2311
1216
1140
1199
872
881
867
803
755
789
871
821
749
863
798
764
656
825
493
711
815
807
791
735
893
783
836
961
744
1415
1651
1869
2097
1959
2775
2620
2633
2383
2525
2633
2549
2631
1981
2549
2527
2562
2540
2530
2227
2490
2467
2465
2451
2543
2388
2343
2335
2351
2253
2180
2113
2061
1496
1949
1915
1803
1779
1631
1553
1551
1423
1371
1119
1301
1417
1385
1375
1381
1341
1293
1303
1297
1371
1373
1308
1343
1261
1365
1356
1367
1340
1259
1336
1323
1264
1251
1059
1301
1215
1325
1329
1271
1298
1012
1325
