2089
2017
2087
2015
2032
2085
1512
2070
2033
1503
2081
2000
2025
2108
2013
2061
1479
2057
2055
2053
2036
2053
2058
2068
2013
2013
2087
1965
2037
2023
2085
2053
2029
2103
2195
2285
2239
2352
1758
2381
2397
2323
2317
2283
1687
1443
1182
1063
899
859
816
784
721
692
727
703
786
717
709
791
693
737
796
707
779
534
869
757
793
904
949
1040
895
1427
1519
1853
1905
2532
2445
2428
2421
2399
2308
2405
2441
2083
2433
2283
2403
2357
2397
2387
2369
2273
2289
2220
1313
1136
883
805
855
766
721
567
797
614
612
763
818
577
629
673
724
675
684
680
799
805
704
871
639
912
1035
1237
1596
1411
1887
2037
2653
2303
2455
2420
2437
2429
2339
2427
2404
2437
2395
2393
2389
2084
2404
2291
2325
2205
1052
1225
999
965
855
625
614
793
735
759
703
805
572
575
735
788
629
609
775
675
580
775
535
789
868
801
1073
994
1523
1718
1877
2073
2493
2381
1765
2375
2413
2443
2331
2405
2387
2385
2389
2437
1861
2303
2381
2327
2253
2181
1573
1097
919
905
927
759
777
734
729
853
699
723
757
709
767
879
619
717
783
641
692
723
823
787
847
679
1055
1174
1384
1609
1887
1981
2649
2511
2443
2452
2441
2411
2421
2472
2385
1783
2424
2376
2391
2397
1768
2365
2237
2145
1575
1191
756
967
936
773
775
798
580
717
782
743
713
599
576
721
900
683
787
631
717
783
708
640
907
900
789
1223
1372
1391
1899
1989
2595
2379
2394
2431
2472
2343
2389
2405
2377
2083
1911
2136
2236
2401
2405
2303
1692
2115
1621
1161
927
1039
913
829
769
695
725
843
853
559
752
776
689
792
771
688
468
677
789
779
807
755
817
899
998
1028
1279
1671
2032
1978
2567
2345
2355
2532
2399
2409
2335
2348
2335
2371
2375
2352
2044
2416
2335
2341
2245
2199
1508
1125
963
704
897
891
671
765
787
595
725
699
639
700
660
669
452
769
620
705
698
700
737
644
907
847
1047
1175
1359
1621
1812
1885
2072
2335
2379
2351
2207
2405
2321
2152
2327
2406
2373
2407
2236
2378
2347
2340
2161
2241
1695
1312
1029
684
877
903
753
801
548
877
779
743
782
783
612
673
700
503
628
576
693
710
787
757
901
777
935
1063
1289
1674
1809
1826
2093
2239
2274
1999
2349
2484
2387
2357
2361
2333
2387
2347
2373
2421
2248
2341
2293
2249
1633
1259
1069
902
841
833
837
716
709
671
691
752
749
751
454
663
735
775
726
740
763
671
765
527
829
884
957
1141
935
1459
1761
1997
2189
2524
1879
2393
2288
2385
2357
2325
2411
2385
2339
2423
2188
2383
2356
2401
2239
2100
2123
1312
1053
937
839
783
839
709
778
775
845
708
756
741
470
742
751
733
645
527
623
711
811
738
871
845
930
1087
1209
1557
1493
2023
2103
2415
2271
2457
2392
2373
2381
2435
2409
2351
2327
2228
1783
2357
1919
2391
2341
2420
2383
1750
1884
2436
2251
2321
2207
2257
2268
2276
1747
1775
2021
1959
1917
1893
1901
1911
1421
1783
1663
1877
1857
1868
1853
1727
1843
1389
1853
1821
1815
1551
1847
1831
1775
1727
1823
1773
1811
1759
1831
1485
1831
1539
1824
1834
1791
1765
1812
1615
1447
1831
1533
1689
