1827
1684
1840
1844
1815
1380
1679
1615
1829
1837
1319
1809
1828
1791
1825
1689
1841
1827
1789
1745
1753
1791
1757
1829
1935
1809
1791
1527
1819
1491
1765
1799
1819
1887
1859
1933
1924
1495
2001
2139
1494
1607
2045
2015
1743
1887
1889
1791
1169
988
905
816
817
765
759
734
709
743
780
767
721
681
730
721
749
825
761
735
785
795
909
919
759
1100
1425
1303
1812
2325
2229
2167
2164
2123
2191
2105
1865
2093
1720
2047
1663
1983
2051
2159
2112
2037
2036
1851
1989
1813
1253
1083
844
854
833
786
759
773
728
705
674
705
511
746
781
765
717
797
743
610
737
637
756
883
941
900
1221
1640
1616
1704
2182
1735
2161
2161
2292
2145
2165
1790
2106
2133
2097
2101
2067
2117
2095
2114
2061
1575
1995
1943
1356
1205
1068
901
915
861
975
825
807
766
797
660
785
711
707
697
715
755
861
729
731
746
725
867
845
859
1077
1407
1521
1775
2217
1875
1623
2186
2216
1940
2292
1980
1892
2255
2012
2061
2037
2084
2053
2024
2063
1841
2019
1839
1940
1303
1133
741
901
886
753
759
727
815
806
707
719
727
429
693
701
716
695
647
767
616
785
767
871
873
1063
1274
1361
1599
1676
2293
2225
2179
2167
2161
2207
2101
2129
2151
2116
2117
2065
2033
2065
2036
2063
1709
2007
2013
1897
1775
1108
1038
933
923
785
797
544
773
681
744
725
687
698
764
720
754
687
838
691
684
767
740
757
821
881
1020
1390
1533
1683
1781
2157
2213
2205
2143
2056
2128
2015
2176
2133
2079
2093
2071
1949
2122
1543
2087
2191
1989
1909
1796
1349
1117
941
855
910
868
767
612
745
704
695
735
535
532
579
769
709
575
656
645
632
607
695
975
912
1165
1100
1488
1639
1653
2004
2167
2163
1849
1920
1639
2033
2128
2117
2159
1935
2133
2091
2131
1969
2143
2097
2057
1989
1811
1759
1287
1053
1004
883
804
816
727
763
773
619
677
723
710
804
840
591
735
731
671
505
703
768
804
821
1012
1013
1253
1419
1573
1693
2021
2151
2125
2177
2165
2113
2119
2135
1983
2079
2124
2097
2123
1652
2251
1759
2120
2029
1763
1847
1544
1271
887
971
912
757
767
623
742
611
796
741
767
713
679
681
783
720
665
624
743
700
772
888
961
883
1010
1341
1471
1671
1673
2031
1983
2105
2173
2151
2099
2087
2105
2079
2141
1543
2119
1870
2101
2125
2085
1775
1919
1932
1932
1373
1153
895
787
780
877
759
737
797
629
527
841
739
782
733
639
711
575
661
680
723
771
833
872
891
1028
1218
1160
1555
1655
1649
1963
1924
2079
2133
2132
2065
1948
2101
1756
2140
2143
2129
2120
2101
2192
2035
2015
1971
1833
1287
1325
1117
912
879
768
746
735
809
799
801
879
725
615
685
696
733
693
812
762
735
708
532
789
941
847
1061
1189
1159
1489
1657
1333
1847
1933
2116
2255
2089
2157
2131
2132
2135
2053
2117
2216
1920
1517
1911
2073
2037
2073
2026
2027
2058
2028
2071
2025
1936
1937
2001
1985
1951
1959
1937
1967
1901
1572
1927
1945
1923
1943
1420
1901
1935
1877
1957
1736
1841
1856
1999
1893
1859
1815
1895
1853
1911
1911
1908
1960
1819
1878
1872
1901
1927
1851
1889
1865
1908
1877
