1591
1563
1616
1677
1581
1629
1572
1567
1609
1623
1687
1675
1585
1653
1679
1651
1617
1164
1663
1569
1711
1624
1667
1613
1648
1596
1736
1621
1572
1577
1579
1255
1687
1703
1834
1823
1878
1872
1895
1812
1904
1937
1999
1927
1813
1607
1243
1098
959
977
871
883
917
533
777
877
733
802
799
576
855
845
819
908
629
704
844
805
869
852
1047
1313
1485
1473
2047
2083
2069
1978
1663
1943
2007
1941
1996
1892
1989
1924
1981
1985
1941
1783
1972
1791
2031
1887
1861
1413
814
1061
925
837
948
845
823
863
692
787
784
812
689
661
727
783
709
775
757
803
845
741
849
855
1082
1397
1311
1447
2019
2005
2065
2010
1951
1948
1925
1951
1941
1807
1941
1917
1957
1891
1909
1959
1984
1965
1888
1958
1775
1453
1204
1023
743
927
863
835
903
727
791
687
685
928
757
862
867
833
759
785
816
757
748
869
865
821
711
1229
1498
1476
1927
2100
2013
1989
1998
1956
1672
1929
1957
1988
1848
1436
1922
1880
1909
1861
1937
1893
1895
1933
2080
1735
1338
1128
1028
837
895
916
837
837
759
800
868
765
749
771
629
734
828
789
804
691
753
875
887
784
1085
965
1533
1283
2021
2059
2045
1855
2010
1913
1968
1947
1703
1917
1618
1905
1873
1892
1869
1949
1961
1805
1965
1635
1399
1125
1151
1001
1071
813
776
591
767
699
775
804
793
689
526
797
747
893
864
823
627
707
693
805
735
963
887
1287
1465
1525
1910
2092
2015
2015
1973
1971
1925
1932
1903
1919
1495
1899
1875
1953
1919
1989
1969
1727
1937
1439
1756
1110
1141
1016
732
752
889
886
758
796
876
709
721
853
900
868
705
835
589
771
785
791
703
837
639
837
1117
1348
1250
1533
1981
2140
1997
1716
1917
1925
1921
1763
1947
1941
1973
1957
1937
1943
1807
1961
1941
1909
1895
1900
1693
1297
1146
908
883
940
704
771
767
699
711
805
541
853
687
535
927
765
805
735
687
703
776
599
876
1048
1245
1441
1476
2087
2015
2069
1832
1975
1815
1925
1619
1971
1871
1908
1927
1876
1875
1936
1683
1917
1711
1559
1572
1805
1573
1231
1041
704
851
904
647
871
815
828
861
790
828
839
639
891
614
789
675
802
757
804
823
805
604
1051
1308
1431
1375
2007
1843
2021
2001
2023
2013
1911
1951
1779
1600
1943
1864
1887
1835
1623
1917
1989
1939
1970
1973
1759
1307
1104
941
905
676
838
849
731
744
833
711
765
655
677
693
705
785
848
749
855
684
799
839
725
877
1123
1309
1496
1539
1991
2045
1979
1940
1887
1887
1941
1949
1937
2004
1887
1957
1959
1919
1975
2047
1933
1941
1801
1909
1729
1347
1184
959
679
886
786
591
904
703
850
801
837
796
803
872
727
749
634
872
853
817
764
717
839
937
1140
1108
1500
1571
1989
2064
1951
1778
2019
1967
1515
1989
1957
1921
1644
1651
1799
1825
1777
1755
1773
1849
1845
1813
1707
1813
1831
1759
1783
1813
1785
1319
1791
1733
1681
1803
1781
1797
1856
1797
1731
1725
1759
1781
1287
1767
1687
1569
1780
1745
1727
1781
1765
1719
1839
1767
1777
1715
1604
1693
1749
1736
1745
1758
1701
1399
1757
1660
1459
1848
1689
1743
1619
1713
1727
1681
1692
1713
1717
1701
1735
