1293
1223
1369
1367
1365
1353
1369
1245
1363
1365
1279
1364
1312
1327
1293
1172
1373
1373
1183
1289
1283
1318
1351
1355
1212
1151
1223
1265
1015
1365
1317
1412
1231
1235
1307
1393
1329
1349
1489
1443
1545
1599
1564
1569
1621
1460
1267
1087
1031
749
919
915
897
939
860
900
869
742
795
855
745
719
704
727
720
735
885
739
903
811
923
1137
1092
1125
1521
1567
1663
1587
1631
1652
1526
1616
1599
1453
1309
1471
1485
1537
1573
1490
1501
1332
1220
1613
1579
1395
1233
1069
819
941
957
604
919
835
887
757
876
722
794
852
885
825
836
893
767
882
719
885
799
897
911
1101
1029
1059
1515
1623
1675
1665
1495
1313
1427
1515
1576
1548
1473
1439
1545
1545
1572
1594
1613
1567
1541
1605
1592
1347
879
1045
933
843
871
789
787
813
817
784
919
895
799
885
805
703
811
751
713
753
796
848
753
955
948
1057
1127
1070
1543
1645
1549
1572
1585
1622
1439
1471
1525
1544
1474
1162
1567
1566
1396
1580
1567
1616
1685
1701
1503
1424
1175
1240
1053
897
957
653
839
813
815
893
791
807
992
797
853
717
821
875
773
881
876
775
817
853
1076
1106
1048
1170
1489
1743
1676
1613
1507
1531
1271
1591
1561
1437
1573
1344
1569
1327
1391
1463
1591
1629
1535
1679
1278
1407
995
1111
847
678
967
949
858
917
905
740
678
847
705
765
861
759
882
823
839
683
711
852
837
647
861
775
1120
1074
1431
1639
1557
1487
1523
1593
1552
1511
1615
1469
1529
1553
1119
1437
1515
1459
1543
1510
1743
1661
1603
1077
1248
1183
1023
975
615
953
583
885
527
910
753
831
797
887
867
910
741
811
821
900
693
911
780
942
924
959
1052
1064
1136
1415
1688
1630
1535
1591
1573
1567
1475
1439
1559
1516
1439
1567
1543
1489
1489
1541
1607
1567
1681
1407
1492
961
1112
930
719
951
867
871
825
797
832
751
864
778
777
607
709
856
580
775
569
709
836
869
891
962
1100
1119
1020
1411
1400
1634
1672
1607
1543
1511
1679
1615
1491
1191
1539
1551
1567
1325
1447
1617
1573
1636
1579
1233
1141
1271
1163
949
1024
910
905
709
805
912
727
975
801
865
807
799
693
583
900
825
841
701
710
778
639
1018
1015
1132
1125
1591
1533
1395
1601
1605
1677
1495
1493
1477
1447
1488
1566
1553
1513
1229
1519
1546
1427
1585
1421
1581
1219
1327
975
1005
855
919
881
817
592
819
841
878
753
815
832
822
835
805
751
777
815
833
829
821
853
1004
965
727
1012
1091
1500
1573
1708
1597
1487
1501
1636
1497
1605
1559
1152
1495
1551
1547
1512
1511
1530
1311
1189
1679
1191
1298
1383
1269
1057
933
925
996
853
791
839
868
743
909
807
737
840
797
643
748
819
820
671
811
721
826
788
965
957
1125
1141
1485
1579
1204
1461
1505
1679
1475
1457
1495
1453
1269
1511
1491
1295
1461
1456
1460
1445
1381
1343
1470
1047
1343
1361
1476
1445
1427
1461
1415
1451
1380
1367
1416
1325
1323
1377
1349
1446
1313
1292
1424
1341
1319
1365
1381
1297
1279
1393
1297
1161
1387
1313
1425
999
1397
1352
1265
1364
1361
1293
1447
1391
1411
1409
1390
1327
1347
1276
1294
1353
1389
1103
1393
