2375
2357
2447
2394
2313
2397
2359
2185
2397
2365
2444
2479
2339
2377
2355
2309
2373
2408
2343
2401
2256
2447
2377
2403
2397
2373
2397
2051
2373
2397
2391
2341
2289
2191
2437
2501
2493
2563
2555
2525
2549
2598
2469
2021
2395
2269
1380
885
813
828
831
847
516
804
724
797
631
948
781
767
789
639
908
551
582
907
843
848
791
984
1029
1105
1256
1730
1975
2104
2459
2741
2645
2356
2661
2663
2649
2647
2619
2603
2175
2417
2626
2719
2497
2399
2399
2303
1160
881
905
929
852
768
551
807
852
809
743
869
896
776
791
551
751
795
773
765
797
784
819
917
628
973
1041
1120
1221
1808
1941
2161
1780
2557
2655
2615
2735
2603
2641
2690
2630
2443
2653
2340
2625
2579
2589
2551
2512
2303
1165
991
804
831
908
788
885
852
785
766
839
747
692
791
784
759
911
743
767
975
767
896
846
785
895
943
975
1143
1477
1585
1790
2039
2277
2349
2755
2595
2645
1980
2637
2719
2554
2569
2587
2596
1989
2584
2569
2577
2487
2345
1681
1168
931
833
827
717
893
860
748
775
673
836
772
823
611
795
765
768
772
975
791
735
789
787
869
644
897
1095
1109
1332
1760
2021
1791
2335
2527
2669
2615
2069
2633
2243
2581
2612
2631
2627
2605
2601
2589
2676
2538
2434
2212
1162
644
968
775
915
892
719
755
703
671
839
844
807
785
859
708
904
728
627
767
759
792
819
893
878
1007
880
1061
1333
1489
1919
2149
2341
2427
2323
2537
2644
2623
2115
2509
2599
2609
2583
2609
2661
2581
2662
2485
2433
2289
1511
1001
976
837
885
813
839
720
875
785
567
831
820
847
709
783
737
783
773
845
812
901
766
880
892
869
958
1072
1275
1649
1927
2175
2295
2431
2575
2591
2663
2581
2565
2099
2625
2627
2692
2481
2589
2448
2581
2517
2467
1949
1425
732
654
877
871
792
873
749
801
775
753
839
773
819
833
767
672
765
707
811
821
855
695
879
647
880
991
1108
1241
1180
1909
2133
2229
2412
2211
2911
2653
2669
2571
2629
2527
2630
2676
2641
2655
2580
2407
2425
2443
2193
1227
1068
583
897
598
758
835
795
837
747
813
615
767
943
712
639
719
518
805
805
836
759
936
719
891
828
972
1127
1303
1533
2031
2103
1903
2369
2765
2645
2341
2555
2703
2549
2609
2618
2607
2147
2756
2307
2613
2503
2393
2348
1541
991
944
646
941
852
831
693
871
804
747
804
533
749
743
727
733
773
758
691
845
775
799
904
833
705
972
999
1263
1505
1831
2156
2253
2337
2783
2736
2629
2601
2641
2735
2621
2625
2700
2599
2576
2695
2618
2551
1783
2344
1685
1033
913
799
900
847
735
783
805
807
703
799
785
801
836
797
691
836
691
624
821
845
847
865
791
849
767
1031
1267
1495
1969
2173
2223
2385
2889
2605
2603
2481
2621
2625
2512
1959
2195
2565
2615
2519
2188
2481
2084
2463
1900
2607
2404
2389
2385
2309
2352
2253
2252
2131
2019
2017
1959
1855
1619
1689
1571
1395
1299
935
1189
1183
1168
1129
1039
1109
1147
1121
1149
1045
1166
1067
1132
968
1060
1091
1061
1119
1077
836
1008
1126
1155
1162
1012
1041
1111
1220
1039
1149
1095
1055
1057
1088
1042
