2361
2372
1876
1972
1733
2397
1789
2391
2344
2059
1831
2005
2213
2479
2396
2345
2389
2333
2379
2353
1767
2001
2357
2380
2391
2353
2056
2341
2311
2387
2349
2419
2369
2495
2020
2515
2621
2609
2548
2540
2451
2397
2361
1583
933
915
897
1032
746
940
835
975
905
706
815
640
827
767
801
552
861
820
895
926
855
852
980
653
1066
756
1429
1689
1909
1935
2281
2567
2708
2685
2615
2634
2645
2651
2655
2661
2669
2655
2659
2493
2637
2481
2095
1923
2245
1175
860
917
775
820
767
807
833
551
831
775
829
693
775
811
729
737
734
858
639
799
849
931
865
767
991
1316
1493
1863
2157
2269
2359
2796
2492
1991
2599
2669
2064
2665
2645
2667
2605
2635
2726
2580
2583
2399
2276
2285
1101
939
764
896
880
771
845
887
900
749
911
756
548
671
693
837
756
893
751
836
810
807
739
869
859
1024
751
1087
1521
1733
1518
2079
2293
2789
2621
2632
2680
2652
2449
1935
2652
2622
2497
2631
2625
1949
2591
2519
2493
2247
1359
945
884
941
869
753
885
836
851
842
752
861
785
639
973
727
789
691
824
853
888
757
845
913
973
895
1172
1377
1637
1391
2137
2255
2409
2758
2623
2640
2669
2636
2184
2591
2577
2655
2471
2484
2581
2611
2393
2572
2099
1977
1011
933
920
800
752
837
791
751
794
837
785
689
845
701
611
813
703
802
895
824
864
548
839
739
650
987
1111
1143
1277
1845
1564
2247
2393
2847
2657
2620
2631
2673
2627
2609
2553
2665
2383
2613
2638
2067
2740
2503
2347
2077
1077
945
805
727
861
779
837
778
853
758
639
815
820
723
689
789
852
743
639
873
849
799
849
577
887
957
1005
965
1148
1519
1796
2023
2204
2285
2783
2605
2677
2557
2661
2605
2595
2415
2647
2481
2635
2367
2601
2735
2399
2393
2303
1493
1069
957
1007
811
832
847
768
779
745
535
781
616
721
701
727
703
802
703
1037
839
756
867
885
783
959
896
1008
1397
1639
1852
2175
2227
2355
2781
2693
2591
2783
2733
2669
2625
2649
2583
2621
2581
2591
2319
1863
2303
2405
2261
1193
954
931
912
767
841
639
837
785
624
559
565
823
735
694
708
860
519
584
777
757
803
907
949
939
869
1165
965
1575
1383
2167
2247
2391
2859
2681
2645
2339
2637
2617
2615
2635
2629
2161
2596
2625
2756
2585
2575
2027
2196
1301
1015
909
841
834
767
803
753
767
812
813
975
717
884
752
703
709
871
904
888
789
899
868
879
707
815
851
1157
1367
1680
1849
2137
2279
2527
2437
2307
2565
2423
2736
2651
2649
2581
2669
2645
2712
2635
2615
2554
2461
2345
2141
1197
849
823
791
903
884
863
820
752
774
793
881
805
590
730
675
773
519
899
799
789
892
821
631
880
824
969
1321
1623
1815
2100
2167
2211
2641
2831
2495
2676
2421
2636
2604
2623
2603
2631
2595
2603
2611
2550
2564
2577
2527
2621
2525
2580
2417
2399
2322
2169
2311
2199
1805
2236
2009
2045
1487
1953
1880
1853
1732
1695
1823
1745
1728
1789
1253
1672
1757
1719
1757
1736
1723
1276
1716
1753
1637
1316
1549
1642
1704
1680
1268
1359
1707
1719
1775
1721
1621
1703
1623
1724
1719
1719
1669
1350
1687
1687
