2615
2702
2669
2055
2627
2149
2719
2512
2028
2684
2243
2665
2628
2537
2575
2628
2615
2624
2623
1991
2643
2767
2627
2612
2555
2655
2820
2657
2595
2633
2676
2699
2751
2745
2777
2892
2745
2828
2673
2613
2620
2429
1739
1215
1129
1172
1101
1059
1181
1177
1189
1140
1173
1151
1085
1173
1296
1118
1040
1069
1064
1391
1157
1053
1157
1244
1397
1597
1252
2003
2367
2588
2677
2823
2151
2870
2852
2844
2805
2825
2791
2812
2797
2757
2683
2791
2868
2753
2893
2303
2525
2215
1279
1151
1167
1237
1073
1173
1085
1185
1328
1124
895
1020
1001
1116
851
1023
1109
1093
1151
1111
1111
1112
1138
1139
1465
1504
1741
1805
2323
2159
2740
2717
2390
2877
2845
2835
2911
2535
2801
2655
2693
2757
2791
2709
2419
1927
2601
1990
2401
1569
903
1194
1132
1165
1058
767
1061
1293
1143
1120
1015
1153
1055
1111
935
1084
1013
895
1111
1023
1167
1285
1206
1277
1409
1421
1567
1991
1725
2740
2588
2823
2487
2846
2116
2835
2815
2119
2821
2779
2775
2711
2749
2776
2679
2675
2597
2480
2259
1415
1189
1227
1121
1195
1107
895
1055
999
1166
1205
1111
767
1079
1111
1019
1085
711
1047
767
1295
1157
1144
1147
1400
1357
1521
1639
1877
2230
2375
2585
2655
2797
2383
2793
2639
2833
2759
2759
2789
2054
2783
2864
2769
2763
2895
2650
2703
2515
2029
1212
1251
1104
1141
1194
1156
1114
1055
1117
999
977
1058
1135
1109
1137
1096
732
995
1085
1119
895
1061
1175
1187
903
1207
1480
1399
1412
1893
2188
1948
2694
2676
2871
3037
2845
2687
2828
2813
2591
2705
2805
2759
2887
2701
2693
2661
2629
2409
2303
1344
1255
1207
1247
1204
951
1140
1111
1092
1164
1063
1137
1073
871
1095
1017
1069
743
1094
1055
1031
1141
993
1181
1359
1263
1401
1576
1873
2119
2410
2639
2327
2783
2567
2815
2635
2821
2753
2682
2514
2781
2759
2789
2771
2847
2749
2705
2591
2525
2524
1335
1247
1336
1150
1183
1089
1292
775
1143
1055
1183
1172
1138
1093
1055
1055
1108
1011
1021
869
1111
1127
1059
1217
903
1327
1417
1533
1713
2191
2317
2568
1927
2831
2824
2215
2801
2836
2825
2543
2797
2789
2823
2810
2800
2760
2675
2694
2623
2428
2279
1360
1204
1221
1217
1063
1127
1065
839
991
1161
959
1129
1144
1135
975
1005
1055
1053
1069
997
1023
1064
1169
1226
1059
1205
1340
1541
1725
1479
2324
2535
2706
2709
2900
3019
2815
2324
2822
2771
2783
2880
2711
2815
2841
2768
2693
2737
2671
2641
2495
2261
1167
1305
1191
1218
1220
812
1040
1117
1152
1148
1067
1159
1247
975
1044
985
1047
1091
868
1071
1041
1034
1295
1171
1241
1151
1397
1281
1691
1855
2327
2487
2649
2495
2769
2580
2751
2826
2419
2845
2151
2740
2215
2775
2771
2740
2757
2471
2672
2559
2421
1359
1153
1072
1202
1184
1081
1308
1175
1109
1095
1109
973
1141
1029
1039
1109
1061
1083
1095
959
1071
1103
1121
1111
1210
1205
1111
1525
1949
2224
2423
2645
2643
2813
2893
2813
2813
2845
2855
2837
2749
2789
2768
2544
2495
2103
2669
2149
2633
2593
2623
2449
2517
2527
2543
2501
2503
2331
2292
1831
2160
2133
2064
2003
1748
1847
1379
1452
1583
1549
1521
1524
1441
1439
1429
1311
1343
1333
1487
1367
1292
1297
1382
1311
1381
1343
1292
1311
1079
1297
1331
1344
1364
967
1331
1279
1277
1460
1271
1351
1313
1333
