2015
2097
2124
2101
2114
2084
2113
2100
2133
2069
2121
2105
2131
1572
2061
2077
2191
2103
1713
2091
2057
2071
1941
2077
2037
2097
2103
2159
2125
2109
2119
1607
2117
2240
2127
2319
2261
2223
2184
2219
2212
2108
2183
1955
1649
1478
1492
1385
985
1334
1243
1155
1105
1095
1204
1142
1108
1072
1048
919
1087
878
1235
1239
868
1236
1324
1415
1481
1573
1881
1731
2037
2571
2590
2367
2485
2497
1911
2421
2417
2405
2345
2357
2364
2077
2335
2241
1751
2261
2187
2167
2185
2177
2007
1383
1557
1437
1456
1233
1043
1151
1059
1221
1121
1191
1054
1111
1169
1111
1141
1057
1178
1197
1141
1249
1212
1333
1388
1675
1933
2088
1964
2543
2631
2481
2534
2513
2469
2384
2389
2401
2335
2335
2376
2277
2247
1821
2281
2127
2271
2244
2135
2161
2007
1637
1544
1439
1381
1296
1193
1221
979
1124
1200
1199
1188
1053
1096
1133
994
1087
1079
1101
1169
1199
1133
1331
1014
1411
1871
1985
1993
2225
2489
2628
2530
2507
2492
2399
2308
2407
2373
2100
2293
2271
2243
2045
2293
2292
2228
2197
2132
2193
2064
1693
1499
1485
1279
1250
1229
1237
1129
1099
804
1169
1065
1072
1163
1125
1116
1116
1185
1039
1099
1076
1200
1263
1287
1143
1641
1843
1930
1965
2661
2557
1924
2525
2324
2422
2341
2255
2305
2343
2365
2412
2292
2257
2229
2187
2295
2207
1871
2228
2161
1951
1757
1549
1329
989
1296
1232
1087
1213
1079
1109
919
1156
1164
1176
1169
1132
1259
1024
1141
1164
1109
1092
1221
1309
1287
1539
1941
1937
2015
2385
2548
2549
1880
2419
2357
2357
2405
2353
2353
2337
2330
2197
2298
2267
2003
2195
2057
2192
2196
2165
2081
1873
1551
1415
1413
1315
1149
978
1109
1147
1185
1157
995
1111
1104
1156
1165
1083
1111
1028
876
1077
1217
1344
1061
1589
1817
2092
1951
2073
2642
2535
1901
2472
2417
2429
2416
2347
2321
2071
2204
2295
2313
2055
1959
2351
2251
2199
2185
2157
2271
1791
1649
1451
1375
1291
896
1168
1289
1189
1157
1185
1185
1169
1113
1149
1163
1109
1079
895
1159
1140
1081
1310
1383
1443
1504
1871
1748
2005
2001
2021
2477
2487
2462
2420
2369
2149
2331
2394
2353
2135
2207
2289
2217
2231
2257
2273
2247
1605
2183
2117
1899
1551
1447
1415
1267
1015
1143
1125
896
1190
1164
1132
1033
1053
1175
1100
1181
1152
932
1189
1199
1181
1245
1316
1251
1559
1839
2001
1965
2105
2697
2541
2453
2553
2439
2409
2321
2389
2281
2289
2021
2285
2239
2259
2308
2205
2197
2225
2143
2168
1969
1732
1405
1412
1277
1316
1131
1327
839
895
1156
1149
991
1054
1140
1028
915
1179
1065
1143
1199
1092
1163
1268
1388
1601
1767
2021
1699
1997
2647
2471
2495
2451
2397
2419
2404
1861
2375
1876
2312
2289
2257
2184
2237
2261
2255
2217
2183
2207
2117
1744
1489
1079
1337
1245
1293
897
1183
1085
1054
1184
1029
1171
1069
1089
1111
1169
1056
1139
941
1248
836
1058
1488
1543
1779
1997
2001
1937
2677
2476
2491
2485
2429
2423
2357
2239
2298
2261
2301
2237
2221
2229
2171
2163
2013
2157
2135
2107
2157
2147
1681
2055
2101
2052
2145
2087
2099
2121
2117
2133
2069
2125
1896
2109
2047
2052
2077
2009
2103
2103
2025
2045
2125
2033
2071
2077
1524
2027
2029
1932
2008
2120
2116
2087
1638
2085
2045
2017
2007
2079
1940
1951
2071
2083
2073
1945
1994
2056
1717
2077
