2644
2736
2629
2705
2657
2671
2593
2641
2511
2695
2689
2643
2654
2655
2631
2689
2609
2639
2705
2613
2699
2685
2661
2647
2693
2415
2658
2677
2815
2687
2103
2696
2740
2771
2719
2188
2821
2575
2705
2780
2669
2667
2623
2469
1620
1375
1265
1351
1280
1196
1266
1215
1163
1119
1195
1263
1146
1157
1026
1111
1115
1207
1119
1191
1268
1095
1310
1247
1486
1297
2133
2385
2615
2597
2813
3089
2955
2913
2885
2311
2849
2919
2853
2853
2807
2303
2877
2789
2743
2709
2611
2583
1793
1363
1308
1265
1205
1233
1221
1187
1093
1056
1099
1191
1141
1078
1023
1168
1041
1149
976
1073
1140
1229
1230
1035
1247
1247
1515
1809
1895
2380
2671
2669
2824
2948
2885
2959
2917
2212
2387
2845
2855
2800
2855
2836
2405
2713
2641
2135
2671
2437
1853
1029
1355
1005
1241
1271
1119
1263
1157
1225
1221
1099
1161
1057
1167
791
956
855
1047
1163
1205
1100
1175
1103
902
1268
1298
1295
1730
1897
2340
2481
2597
2621
2997
2909
2901
2653
2919
3028
2919
2182
2869
2796
2853
2868
2747
2753
2708
2613
2677
2237
1761
1402
1298
1307
1289
1253
1130
862
1137
1218
1101
1133
1156
1141
1131
1063
1021
1116
1124
1100
1160
1119
1187
1109
1076
1213
1344
1103
1736
1988
2357
2636
2531
2963
2890
2381
2951
2451
2692
2823
2303
2869
2060
2833
2803
2884
2847
2672
2661
2370
2459
1878
1385
964
1317
1309
1253
1265
1175
1215
1201
1217
821
1121
1057
1039
1144
1058
1072
1045
1053
1109
1088
1151
1206
1205
1378
1371
1561
1812
2067
2127
2567
2529
2869
2985
2837
2865
2869
2924
2868
2797
2639
2813
2112
2805
2733
2753
2727
2688
2597
2359
1637
1519
1255
1390
1181
1169
1161
1089
1199
1117
1201
899
1153
1023
1142
1055
1025
1139
1087
1031
1099
1141
1101
1143
1215
1329
1445
1500
1898
2149
2419
2625
2781
2879
2639
2967
2869
2321
2876
2917
2523
3016
2837
2869
2665
2762
2783
2724
2646
2493
2500
1807
1437
1090
1235
1206
1288
1235
1073
1151
1157
1139
1080
1057
1121
1103
1053
1137
1128
1045
1069
983
1137
1229
947
1123
1375
1405
1641
1964
2205
2327
2302
2556
2923
2920
2897
2947
2932
2947
2804
2713
2839
2087
2676
2775
2356
2755
2669
2620
2605
2332
1508
1503
1135
1197
1317
1232
1219
1327
1201
1045
1198
1143
1043
1071
1033
1125
1110
1108
1003
1047
1105
1061
1217
1295
1279
1377
1405
1210
2037
2129
2437
2595
2655
2595
2923
2881
2951
2989
2837
2848
2812
2188
2868
2837
2815
2811
2837
2713
2705
2605
2588
1727
1493
1229
1269
1349
1295
935
1173
1145
997
1193
1182
1097
973
1030
1095
1141
1087
1055
1091
1193
1231
995
1137
925
1343
1453
1585
1860
2130
2076
2605
2628
2260
2965
2391
2853
2705
2890
2924
2819
2765
2807
2736
2833
2781
2761
2705
2660
2567
2216
1500
1307
1303
1301
1263
1245
1225
1153
1123
1137
1212
1130
1079
1031
1231
1055
1090
1067
1033
1191
1066
1077
1207
1184
1377
1535
1469
1729
2105
2310
2512
2567
2783
2975
2951
2148
2879
2635
2893
2775
2817
2814
2655
2815
2733
2789
2803
2581
2761
2772
2681
2529
2629
2169
2513
2463
2551
2527
2391
2375
2279
2207
2212
2135
2083
1977
1855
1732
1660
1503
1389
1609
1537
1527
1619
1524
1545
1611
1616
1525
1152
1124
1547
1571
1493
1597
1571
1537
1471
1517
1581
1557
1710
1563
1503
1477
1501
1511
1576
1495
