1996
2601
2465
2607
2519
2545
2541
2592
2609
2608
2563
2487
2117
2609
2605
2571
2569
2601
2533
2740
2604
2307
2603
2388
2539
2545
2596
2603
2541
2551
2596
2603
2526
2649
2682
2735
2725
2673
2741
2677
2661
2229
2581
2449
1889
1437
1391
1379
1344
1260
871
919
1121
1245
1247
985
1109
1055
1185
1077
1072
877
1055
895
1160
1068
820
1221
1151
1331
1503
1555
2071
2289
2565
2613
2961
2909
2373
2875
2768
2811
2852
2847
2773
2793
2789
2763
2132
2719
2667
2649
2615
2519
2300
1935
1196
1416
1309
1223
1317
1087
1241
1117
1204
1204
1091
1077
984
1038
1163
1119
1117
1127
1119
1129
1245
1164
1159
1279
1449
1653
1483
2197
2495
2513
2736
2955
2943
2893
2597
2248
2777
2837
2868
2757
2654
2815
2773
2739
1991
2585
2593
2567
2451
1887
1502
1389
919
1279
1311
1221
1197
1111
1223
1188
1057
1151
1089
1073
1012
1109
1030
1093
836
1143
1103
1247
1233
1351
1413
1500
1705
2060
2353
2545
2557
2837
2905
2873
2844
2627
2835
2832
2775
2737
2745
2730
2743
2079
2725
2659
2631
2671
2115
2493
1557
1517
1289
1229
1007
1232
1332
1111
1153
1235
1188
1149
905
1092
1155
851
993
1103
1009
991
1061
1164
1211
995
1358
1203
1597
1943
2187
2321
2553
2737
2979
2898
2232
2833
2736
2781
2788
2781
2817
2741
2607
2719
2677
2628
2602
2504
2521
2532
1869
1061
1279
1284
1333
1252
1104
1125
1237
1083
1133
1077
1133
1127
1055
1111
1092
1055
1001
1105
1201
1095
1123
1327
1357
1255
1573
1949
2143
2420
2568
2719
2828
2578
2849
2877
2884
2859
2801
2839
2444
2216
2727
2699
2716
2681
2587
2124
2512
2416
1819
1441
1309
1247
1277
1252
1137
1073
947
1185
1133
1184
1143
959
752
999
988
1003
940
985
839
1173
1049
1109
1171
1449
1537
1701
2101
1844
2529
2103
3031
2964
2612
2887
2864
2821
2799
2749
2773
2793
2739
2749
2667
2799
2603
2637
2632
2448
2140
1765
1503
1331
1257
1183
1277
1201
1087
1191
1189
1141
758
1013
992
1079
989
1117
1125
1036
1023
1141
1104
1135
1279
1445
1463
1728
2028
2347
2499
2593
2731
2908
2917
2885
2867
2881
2832
2615
2744
2791
2791
2679
2711
2655
2717
2557
1927
2592
2477
2437
1651
1413
1363
1293
1221
1295
868
1069
1180
1140
963
1159
1123
1119
1149
861
1045
983
1061
996
874
1095
1108
1247
1175
1357
1481
1703
1573
2377
2269
2436
2959
2800
2845
2895
2893
2665
2369
2815
2709
2754
2733
2756
2653
2710
2637
2629
2597
2463
2363
1408
1436
1421
1249
1043
871
1109
1089
1148
1072
1191
1127
1093
1003
1061
1080
1103
1035
878
983
1059
1105
1204
1061
1399
1477
1695
1893
2208
2575
2481
2675
2963
2797
2859
2917
2679
2829
2712
2204
2729
2791
2765
2556
2681
2593
2654
2195
2532
2457
1480
1567
1381
1351
982
1289
1055
1124
995
1113
1171
1067
1004
1023
1084
980
1067
1105
975
899
1057
727
1063
1148
1109
1173
1108
1383
1734
1540
2365
2551
2069
2909
3022
2420
2783
2511
2823
2745
2813
2767
2795
2831
2669
2749
2685
2705
1959
2667
2661
2607
2619
2392
2545
2496
2453
2517
2588
2463
2423
2405
2307
2205
2221
2209
1548
1592
1919
1864
1983
2021
2016
1929
1984
1987
1964
1975
2039
2001
1881
1997
1920
1981
1889
1972
1939
1865
1415
1936
1532
1955
1965
1415
1965
2003
1777
1911
1953
1957
1508
