2477
2519
2431
2067
2417
2501
2348
2355
1908
2501
2500
2449
2497
2455
2487
2409
2469
2375
2491
2467
2497
2424
2239
2493
1959
2453
2513
2466
2462
2475
2461
2431
2463
2481
2469
2253
2531
2518
2553
2083
2480
2461
2388
2417
2353
2301
1591
1399
1346
1303
1264
1268
1201
1311
1217
1072
1232
1220
1127
1184
1093
1119
1057
1159
1041
1158
1261
1359
1256
1455
1427
1791
1849
2115
2349
2268
2569
2455
2800
2689
2815
2785
2729
2687
2709
2725
2679
2644
2641
2063
2637
2525
2580
2535
2430
2167
2081
1652
1347
1357
1007
1287
1359
1108
1204
1055
1133
1142
1132
1025
969
1119
1143
839
979
981
1053
1157
1111
1239
1303
1045
1521
1831
2043
2400
2425
2677
2979
2576
2770
2892
2819
2724
2756
2677
2687
2705
2661
2645
2647
2565
2551
2703
2501
2321
2412
2327
1685
1351
1357
1059
1285
1213
1220
1231
1076
788
767
1131
1015
1119
1109
1013
959
1019
767
1051
1061
1141
1119
1205
1247
1700
1308
1799
2177
2441
2395
2813
2881
2833
2743
2798
2737
2205
2765
2852
2669
2707
2677
2603
2229
2557
2564
2502
2434
2395
2295
1340
1353
1252
1237
1319
1213
1125
1201
1117
1037
1046
977
1149
991
993
1101
1013
1021
1024
1004
1015
958
1128
816
1255
1421
1556
1857
2111
2361
1901
2575
2929
2533
2816
2165
2773
2699
2765
2183
2512
2629
2685
2617
1957
2527
2533
2520
2449
2380
2391
1920
1591
1367
1234
1247
1278
1238
1128
1216
1159
1071
1019
931
1095
1060
1129
1107
872
961
964
1069
1057
931
1295
1397
1377
1680
1813
2071
1908
2423
2530
2613
2825
2783
2772
2813
2783
2263
2680
2701
2743
2685
2679
2663
2565
2095
2534
2575
2429
2407
1783
1549
1357
1224
1043
1191
1117
1039
1175
1112
1012
1007
751
1005
836
976
1041
1021
947
1041
1079
1256
1101
1168
1433
1503
1799
1933
2348
2409
2385
2896
2811
2855
2797
2789
2742
2741
2717
2611
2757
2725
2661
2676
2587
1940
2557
2566
2451
2389
1829
1839
1349
1287
1207
1227
1181
1196
1264
972
1069
1023
1013
1098
1081
1039
1108
759
1125
1073
1027
1139
1143
1171
1221
1397
1668
1820
2029
2436
2409
1957
2677
2857
2782
2837
2737
2781
2687
2860
2743
2801
2757
2667
2112
2597
2319
2581
2515
2451
2333
2120
1557
1323
1255
1271
1239
1199
1304
1119
1153
1043
1009
999
1085
1167
968
979
980
1053
1077
1075
993
1175
1008
1235
1327
1623
1749
2027
2277
2397
2359
2615
2909
2749
2777
2687
2739
2692
2533
2677
2749
2039
2685
2756
2572
2603
2567
2501
2405
2425
2301
1653
1433
1209
1300
1333
1215
1076
1105
1207
1071
1067
993
1015
997
1119
1035
1162
961
1011
1053
1059
1180
1261
1289
1431
1681
1969
2220
2477
2360
2589
2728
2813
2615
2673
2616
2665
2679
2756
2038
2693
2691
2699
2613
2577
2577
2477
2473
2423
2207
2229
1425
1269
1200
1311
1255
1234
1139
1134
1060
1044
1124
1053
1009
1014
1118
981
805
968
1079
1153
1069
807
1159
1412
1503
1787
1907
2289
2403
2385
2700
2743
3039
2655
2711
2747
2692
2777
2803
2773
2705
2649
2678
2675
2647
2012
2595
2589
2597
2583
2565
2688
2539
2459
2527
2456
2147
2453
2385
2389
2313
2364
2276
2275
2275
2127
2289
2319
2256
2263
2247
2229
2261
2268
2277
2229
2166
2177
1687
2207
2227
2161
2245
2164
2224
2173
2097
2169
1735
2198
2233
2131
2213
2101
2175
