1752
1759
1765
1809
1753
1809
1872
1697
1725
1791
1751
1719
1809
1883
1691
1365
1757
1750
1812
1681
1695
1697
1871
1791
1407
1833
1691
1773
1817
1909
1487
1939
1936
1968
1987
1905
1955
1865
1411
1527
1553
1345
1420
1117
1295
960
1265
1315
1212
1333
1233
1133
1253
1167
1175
1247
1207
1277
1301
1236
1261
1189
1589
1701
1317
1675
2200
1884
2124
1583
2170
2109
2101
2073
2039
1636
2065
2079
1679
2012
1960
2031
1949
2001
1652
1973
2063
1923
1729
1567
1477
1381
999
948
1325
1078
1184
1275
1071
1224
1157
1114
1179
1251
1132
1257
901
1257
1213
1263
1300
1359
1553
1391
1661
1619
1735
2175
2136
2143
2129
2155
2103
2101
2036
2039
1989
2015
2021
2025
1993
2017
1965
1997
1981
1591
1959
1881
1801
1589
1557
1319
1267
1319
1194
1259
1404
1285
1283
1263
1201
1159
1163
1143
854
1189
1151
1105
1229
1083
1171
1207
1468
1612
1595
1405
1691
1887
2149
2125
1643
2132
2137
2037
2065
2021
1989
1999
2021
1788
2003
2028
1913
1988
1925
1980
1987
1973
1939
1279
1583
1514
1343
1349
1237
1269
1043
1301
1240
1136
1191
1261
1201
1247
980
1225
1007
1214
1251
1193
1233
1105
1269
1326
1450
1641
1569
1620
1716
1800
1791
2143
2103
2143
2112
2081
2055
2001
2029
2009
1981
2005
1715
1949
1976
1909
1667
1975
1953
1893
1897
1695
1583
1451
1417
1349
1332
1303
1197
1197
1255
1033
1177
1189
1143
1217
1252
1127
1131
1168
1205
1210
1159
1277
1463
1568
1701
1533
1559
1771
2148
2039
2093
2037
2190
2035
2033
1937
1973
1989
1936
1927
1917
1910
1997
1911
1973
1969
1840
1973
1761
1749
1673
1445
1431
1383
951
1265
1132
964
1223
1207
1239
1169
1215
1187
1143
1223
1105
1148
1197
1223
1140
1241
1317
1295
1545
1620
1553
1604
1765
2119
2095
2093
2037
2117
1543
2036
2041
1911
1972
1948
1909
1631
1957
1893
1861
1887
1837
1916
1959
1980
1704
1407
1519
1307
1363
1296
1239
1276
1127
1300
1105
1223
868
1253
839
1227
1242
1071
1151
1205
1109
1109
1161
1312
1449
1315
1635
1607
1615
1717
2015
2109
1663
2039
1839
1957
2028
2003
1915
1971
1985
1919
1911
1969
1897
1575
1704
2031
1921
1988
1791
1569
1503
1412
1333
1155
1301
1237
1238
1277
1203
1207
971
1183
1179
1205
1175
1211
1231
1199
1205
903
1156
1301
1344
1523
1585
1617
1652
1809
2118
2049
2047
2113
2117
2007
1905
2011
2005
1864
1941
1953
1955
1892
1905
1899
1955
1909
1445
1887
1943
1823
1533
1493
1451
1348
1181
1225
1251
1071
1237
1234
1183
1094
833
1127
1141
1324
1215
1101
1060
963
1204
1247
1324
1347
1421
1512
1330
1637
1949
2047
2117
1759
2053
2070
2035
2047
1607
1917
1984
1925
1935
1897
1804
1938
1917
1879
1903
1959
1431
1853
1503
1559
1471
1357
1269
1129
1233
1285
996
1327
1237
1089
1119
1239
1148
1210
1040
1141
1221
1173
1172
895
1309
1232
1444
1507
1613
1351
1631
1985
2113
2023
2005
1709
2088
1791
2000
2032
1953
1901
1969
1941
1823
1861
1910
1836
1812
1821
1893
1901
1364
1799
1832
1845
1765
1876
1887
1791
1859
1676
1780
1373
1881
1789
1862
1781
1841
1855
1956
1845
1843
1853
1749
1853
1821
1743
1821
1752
1815
1747
1737
1340
1651
1773
1831
1735
1807
1829
1503
1833
1823
1788
1833
1600
1829
1635
1374
1805
1711
1820
1805
1812
1749
1713
1769
1704
