2823
2599
2767
2613
2825
2613
2444
2591
2655
2591
2520
2591
2630
2601
2631
2703
2635
2608
2587
2545
2637
2377
2621
2639
2593
2633
2523
2589
2239
2650
2693
2754
2737
2623
2753
2175
2367
2663
2567
2495
1980
1957
1316
1271
1519
1204
1107
767
1200
1087
1175
764
1157
1175
1067
1191
991
1288
1124
1185
1169
1190
1055
1121
1420
1495
1553
1693
2069
1775
2517
2489
2629
2924
2893
2946
2720
2821
2689
2791
2861
2584
2789
2819
2769
2583
2727
2436
2597
2516
1317
924
1087
1277
1184
1133
1145
1115
1223
1173
1124
1231
1087
1127
1055
1059
959
1159
1119
1175
1093
1129
1247
1215
1237
1329
1579
1783
2069
2456
2507
2618
2805
2880
2896
2883
2911
2868
2149
2849
2793
2839
2783
2797
2784
2773
2734
2663
2549
2470
1833
1135
1197
1242
1141
885
1154
1077
1159
1141
1119
1007
1157
1045
1073
765
1044
1057
1093
1087
1183
1055
1181
1264
1319
1413
1607
1877
1575
2511
2352
1872
2823
3024
2869
2467
2859
2847
2815
2845
2844
2781
2787
2868
2763
2847
2717
2479
2545
2453
1879
1504
1197
1196
1087
1154
952
1055
1109
1087
1091
1119
1141
1072
947
1167
1019
1137
1101
1360
1143
1117
1245
1107
1424
1445
1417
1744
1943
2460
2349
2615
2621
2733
2957
2753
2958
2528
2803
2623
2797
2887
2516
2268
2775
2770
2648
2691
2627
2615
2575
1445
1151
1271
1269
1055
1199
1079
1132
899
1083
1129
1109
1045
1125
1111
1121
1064
743
1106
959
1149
1119
1173
1271
1243
1405
1532
1640
2015
2237
2515
2603
2629
3056
2591
2673
3081
2870
2745
2959
2607
2791
2777
2472
2911
2769
2705
2659
2495
2481
2209
1333
1105
1243
1215
1212
1156
1134
1185
1359
1131
1037
1139
1040
1113
1287
1064
1091
959
1061
1152
1095
1133
1269
1269
1311
1527
1672
1964
2243
2420
2523
2621
2827
2949
2885
2869
2851
2870
2845
2737
2709
2805
2837
2773
2756
2653
2163
2597
2477
2225
1349
1219
1247
1075
1198
1117
892
1159
1159
1121
1185
979
1023
1126
1108
1051
1091
1109
1127
820
1123
1105
1125
1168
1348
1339
1712
1699
1959
2032
2656
2581
2631
2975
2875
2724
2877
3032
2775
2765
2832
2833
2789
2725
2793
2757
2744
2661
2589
2068
2312
1504
1273
1260
1196
1111
1099
949
1052
1177
1095
1147
1045
1069
1076
1097
989
1120
1056
1143
1139
1117
1181
1201
1207
1288
1333
1501
1252
2047
2061
2413
2554
2571
2799
2965
3119
2721
2887
2809
2576
2828
2751
2741
2769
2733
2697
2733
2659
2083
2489
2383
1141
1232
1087
1304
1248
1141
1151
820
1093
1141
1111
1077
900
1068
1107
1016
1013
1123
1073
1146
995
1137
1257
1316
1309
1437
1439
1246
1951
2201
2486
2507
2585
2773
2303
2727
2924
2809
2855
2836
2925
2813
2364
2643
2793
2689
1999
2722
2641
2255
2407
1276
1037
1181
1144
1185
955
1134
1077
1077
1188
1168
1111
1149
766
1031
927
1079
1141
1155
1117
1087
1181
1120
1241
1175
1281
1514
1699
2013
2317
2513
2655
2732
2869
3009
2869
2847
2841
2855
2839
2804
2823
2815
2952
2809
2948
2719
2725
2709
2683
1999
2621
2577
2597
1884
2531
2503
2389
2444
2389
2331
2301
2269
2189
2095
2069
2044
2144
1940
1575
1600
1909
1925
1959
1960
1892
1873
1876
1619
1807
1913
1527
1865
1937
1893
1933
1447
1917
1452
1484
1943
1747
1853
1852
1917
1959
1960
1879
1895
1921
1905
1929
1821
1873
1513
