2180
1639
2185
1709
2173
2065
2183
2149
2139
1732
2149
2197
2187
2153
2133
2173
2184
2157
1636
2139
2145
2182
2183
2173
2116
2181
1877
2151
2176
2219
2269
2307
2023
2377
2388
2380
2339
2332
2239
2209
2233
2212
1669
1454
1353
1366
1177
975
1327
1085
1225
1148
1055
1127
1097
1084
1155
895
796
1061
1079
1073
1140
1180
1261
1346
1111
1649
2077
1869
2141
2693
2702
2661
2464
2376
2663
2495
2527
2529
2517
2511
2501
2429
2457
2397
2271
2345
2303
2245
2287
2205
2086
1543
1351
1381
1252
1215
1137
1084
1073
1047
1097
1077
1032
1061
852
1109
1060
1034
867
1075
887
1077
931
1191
1111
1276
1479
1833
2117
1622
2192
2704
2645
2653
2597
1991
2610
2567
2535
2585
2307
2509
2454
2393
2455
2193
2405
2359
2327
2284
2257
2239
1744
1557
1463
1237
1297
1237
1353
1052
1231
1127
1119
767
1041
1109
1119
1055
1105
1045
1003
1112
1045
1115
1140
1269
1347
1345
1319
1917
2221
2129
2405
2677
2501
2681
2637
2576
2437
2589
2529
2499
2467
2484
2461
2543
2421
2377
2396
2349
2228
2257
2257
2085
1543
1567
1279
1291
1285
1087
1173
1214
1111
1044
1127
947
1161
1082
1056
1092
1124
1001
1086
1127
1091
1081
1244
1297
1467
1601
1879
2328
2165
2271
2751
2644
2624
2628
2616
2613
2517
2570
2567
2525
2477
2433
2485
2441
2389
2374
2353
2243
2144
1664
1791
1601
1313
1333
1273
1161
1199
1197
1231
1111
911
1061
1120
1023
1135
991
775
1031
1087
807
1057
1134
1109
1247
1189
1445
1663
1973
1759
2317
2511
2839
2645
2659
2591
2623
2577
2587
1900
2497
2507
2085
2530
2451
2445
2393
2349
2325
2213
2251
2149
1817
1265
1333
1287
1332
1215
1099
1187
1157
1038
1129
1031
1023
1085
1081
1029
1103
997
1011
767
988
847
1247
1252
1360
1511
1677
1911
1639
2213
2259
2640
2820
2609
2604
2631
2645
2465
2599
2547
2549
2471
2519
2452
2521
2427
2329
2359
2326
2235
2219
2084
1196
1349
1349
896
1287
1119
1109
1152
1081
931
1023
1071
931
1081
1045
979
1063
991
1053
908
951
1089
1187
1317
1412
1621
1624
2065
2247
2149
2037
2355
2646
2653
2640
2023
2611
2603
2521
2541
2163
2485
2449
2493
2628
2160
2501
2245
2229
2271
1740
2057
1587
1447
1373
1276
1247
975
1181
1007
1175
1045
1096
1045
810
1099
1061
1099
1042
993
1099
1071
743
931
1167
1367
1343
1557
1860
1513
2181
2222
2233
2675
2504
2748
2591
2625
2585
2597
2735
2570
2495
2525
2473
2469
2476
2457
2288
2349
2259
2247
2262
1789
1639
1439
1333
1123
1264
947
1060
1246
1144
1147
1159
1021
1156
981
1013
1089
976
1033
1093
1075
1117
943
1293
1157
1525
1551
1800
2123
2247
2165
2399
2661
2635
2629
2581
2583
2589
2578
2564
2569
2507
2525
2517
2247
2437
2407
2391
2096
2227
2381
2121
1961
1458
1349
1308
1181
871
1191
947
1173
891
993
1017
1085
1085
1069
748
975
987
1084
883
935
1111
1159
1383
1199
1497
1319
1878
2095
2165
2180
2377
2557
2481
2149
2668
2381
2597
2589
2601
2590
2565
2531
2515
2527
2471
2477
1964
2471
2421
2389
2436
2373
2337
2359
1750
2326
2329
1950
2245
2220
2214
1719
2193
2147
2165
2189
2173
2107
2176
1728
2157
2153
2165
2133
2156
2045
1623
2135
2135
1687
1909
2093
2132
2138
2073
2089
2093
2117
2125
2099
2125
2099
2108
2093
2117
