2228
2037
2037
2019
2119
2212
2037
1779
2085
2113
2069
1835
2064
2065
2079
2091
2101
2119
2055
2077
2037
2065
2159
2085
1954
2029
2100
2117
1676
1728
2037
2087
2087
2017
2113
1981
2172
2189
2252
2263
2045
2366
2313
2325
2237
2065
1893
1889
1853
1805
1727
1701
1621
1709
1624
1604
1363
1637
1601
1537
1175
1655
1236
1383
1633
1671
1541
1844
1981
2015
2166
2199
2388
2477
2457
2427
2517
2463
2459
2115
2384
2403
2349
2324
2381
2381
2371
2301
2391
2363
2397
2312
2125
2349
2295
2093
2028
1823
1877
1779
1643
1675
1615
1573
1671
1621
1565
1676
1152
1637
1631
1631
1551
1631
1557
1623
1593
1713
1893
1941
2079
2015
2239
1921
2703
2461
2513
2495
2428
2355
2310
2367
2363
2317
2349
2300
2361
2321
1869
2350
2357
2341
2333
2321
2285
2097
2011
1885
1773
1759
1637
1663
1609
1552
1533
1603
1626
1543
1597
1557
1555
1448
1517
1529
1605
1331
1601
1692
1864
1919
1935
1940
2193
2499
2573
2437
2485
2441
2424
2407
2379
2369
2324
1765
2357
1733
2241
2293
2249
2343
1836
2277
2327
2268
2213
2004
1910
1844
1745
1693
1695
1697
1599
1528
1537
1503
1517
1538
1587
1524
1567
1617
1527
1535
1541
1561
1591
1673
1415
1965
2085
2073
2265
2063
2545
2243
2399
2389
2421
2385
2373
2297
2379
2295
2347
2317
2276
2284
2239
2309
2313
1879
2275
1701
2245
1839
1937
1844
1860
1663
1716
1609
1651
1587
1629
1261
1331
1540
1477
1600
1598
1514
1601
1552
1541
1621
1637
1717
1967
1973
2061
2149
1831
1879
2535
2447
2399
2446
2391
2401
2333
2365
2377
2270
2323
2276
2271
2127
2440
2317
2019
2263
2333
2249
2224
2087
1795
1887
1717
1745
1637
1631
1549
1637
1596
1559
1612
1567
1489
1596
1541
1503
1527
1647
1557
1172
1625
1721
1845
2012
1951
2151
2253
2455
2487
2400
2427
2375
2421
2397
2376
2368
1909
2291
2317
2269
2249
2311
2305
2436
2325
2271
2261
2295
1977
1969
1969
1897
1791
1658
1691
1641
1599
1519
1601
1511
1573
1525
1263
1569
1523
1472
1567
1577
1489
1481
1624
1713
1899
1980
1997
2099
2076
2423
2447
2451
2463
2353
2417
2379
2321
2327
2271
2293
2260
2251
2320
2349
2277
2374
2295
2263
2249
2237
2253
2056
1924
1789
1711
1657
1553
1271
1573
1623
1557
1429
1608
1276
1547
1519
1453
1469
1573
1143
1463
1118
1661
1765
1829
1959
1641
2143
2356
2492
2493
2444
2445
1991
2343
2335
2337
2317
2293
2269
2275
2297
2261
2317
2289
2296
2297
2317
2225
2236
2133
1947
2012
1873
1747
1618
1571
1629
1365
1573
1620
1157
1499
1503
1541
1567
1477
1557
1577
1571
1503
1585
1563
1777
1589
2043
2090
2111
2307
2455
2450
2473
2460
1956
2320
2378
2359
2241
2263
2297
2254
2364
2249
2260
2244
2291
2289
2285
2269
2205
2173
1951
1879
1757
1695
1701
1650
1488
1553
1537
1471
1620
1561
1347
1501
1597
1679
1569
1116
1491
1447
1585
1437
1697
1999
1989
2021
2153
2355
2401
2004
2476
2393
2349
2396
2375
2353
1887
2293
2232
1836
2199
2143
2243
2237
2051
2157
1891
2203
1703
2198
2193
2185
2125
2117
2151
2170
2129
2149
2181
1858
2134
2207
2181
2100
2165
2173
1848
1693
2165
2067
2089
1728
2079
2255
2113
2109
2100
1829
2125
2071
2145
2131
2085
2119
2131
2040
2065
2069
2097
2139
2124
2085
2067
2099
2109
2077
2057
2015
1669
1795
1744
2129
2131
2129
1980
