2673
2791
2783
2789
2784
2781
2785
2783
2757
2829
2849
2751
2794
2480
2838
2815
2980
2791
2719
2781
2893
2803
2783
2911
2836
2575
2787
2623
2621
2869
2655
2925
2992
2989
2951
2905
2761
2943
2964
2815
2595
2553
1649
1459
1597
1395
1421
1549
1543
1679
1336
1477
1680
1537
1503
1463
1065
1503
1405
1347
1466
1553
1519
1587
1704
1805
2127
2297
2007
2641
2873
2953
2975
3023
3008
3034
2911
3037
2943
2973
3015
2849
2997
3031
3025
2497
2949
2875
2807
2711
2473
1645
1167
1591
1485
1295
1413
1460
1397
1343
1545
1046
1469
990
1477
1427
1443
1439
1548
1437
1503
1455
1463
1471
1629
1663
2003
1783
2429
2449
2773
2943
2983
3039
3205
2975
2989
3037
2991
3104
2937
3024
2960
2939
2435
2971
2948
2974
2815
2635
1829
1587
1522
1621
1565
1583
1372
999
1393
1501
1523
1517
1468
1387
1427
1428
1397
1425
1345
1393
1443
1365
1412
1489
1172
1637
1903
2015
2173
2499
2845
2719
2881
2977
3181
2215
2903
2928
2967
3183
2327
3009
2999
2935
2929
2997
2956
2824
2868
2864
2591
1669
1557
1493
1537
1583
1403
1484
1439
1457
1413
1412
1492
1524
1385
1465
1405
1407
1472
1475
1404
1331
1531
1505
1573
1497
1685
1789
1957
2191
2001
2714
2847
2832
3015
3009
3197
2993
3045
2485
3037
2967
3092
2918
2964
2933
2986
2184
2865
2789
2735
2549
1701
1508
1557
1613
1472
1373
1029
1503
1393
1531
1417
1421
1464
1394
1439
1463
1233
1341
1364
1429
1427
1445
1545
1499
1607
1657
1509
2151
2173
2405
2221
2869
2953
2981
2527
3003
3028
3037
2999
3023
3164
2948
3011
2595
2993
2977
2855
2897
2789
2183
2629
1828
1499
1607
1395
1088
1449
1493
1267
1398
1327
1399
1413
1476
1495
1425
1385
1407
1439
1361
1421
1479
1361
1505
1587
1621
1685
1972
2047
2317
2587
2761
2935
2997
3004
3106
3035
2983
3029
2981
2671
3167
2901
2724
2626
2983
2924
2773
2984
2801
2577
1589
1237
1591
1651
1420
1501
1519
1061
1509
1435
1428
1447
1500
1459
1453
1375
1388
1365
1461
1428
1155
1407
1445
1501
1613
1685
1909
2349
2349
2501
2769
2843
2851
3049
2847
2997
2567
3031
2788
2973
3005
2231
2951
3068
2933
2969
2879
2879
2821
2669
2269
1607
1597
1557
1639
1267
1063
1469
1076
1523
1516
1518
1471
1479
1347
1393
1417
1417
1375
1372
1478
1413
1499
1329
1565
1239
1549
1841
1825
1953
2273
2777
2998
2892
2802
3117
3167
2349
3046
2675
2987
2255
2951
2953
3001
2751
2983
2898
2863
2789
2709
2265
1709
1446
1562
1573
1527
1477
1576
1433
1473
1132
1487
1384
1362
1063
1379
1063
1399
1221
1143
1385
1463
1437
1495
1534
1731
1765
1732
2121
2086
2549
2959
2923
2971
2543
3149
2965
3018
3024
2685
2827
2963
2985
2279
2935
2516
2183
2867
2882
2852
2721
2203
1601
1535
1581
1545
1517
1157
1076
1471
1503
1440
1457
1437
1068
999
1341
1353
1425
1445
1445
1407
1380
1108
1537
1685
1701
1877
1877
2241
2116
2625
2932
2853
2931
2456
3125
2941
3033
2407
3037
3023
3020
2965
2857
2877
2271
2907
2941
2880
2872
2371
2853
2959
2812
2721
2743
2660
2349
2555
2463
2399
2415
2273
1830
2263
2085
1919
1749
1759
1662
1716
1713
1671
1567
1675
1205
1578
1604
1708
1588
1363
1535
1501
1567
1639
1639
1547
1547
1598
1456
1172
1737
1165
1558
1527
1589
1567
1235
1495
1565
1565
1245
1485
1506
1161
