2665
2553
2683
2671
2549
2599
2720
2615
2452
2595
2623
2383
2665
2681
2645
2623
2559
2732
2679
2676
2553
2637
2669
2609
2668
1959
2637
2744
2624
2597
2677
2609
2549
2769
2500
2821
2803
2300
2829
2721
2727
2375
2686
2633
2368
2027
1407
1776
1717
1781
1631
1575
1547
1561
1531
1567
1517
1551
1553
1533
1522
1553
1535
1483
1425
1567
1617
1573
1821
1804
2181
2284
2605
2653
2899
3001
3034
3029
2375
3013
2929
2215
2935
2955
2903
2869
2335
2869
2327
2773
2719
2749
2533
2668
2549
1989
1779
1641
1732
1758
1523
1613
1639
1659
1422
1157
1493
1347
1365
1475
1475
1417
1497
1433
1421
1447
1562
1693
1790
1881
2101
2321
2521
2748
2760
2906
3133
3021
2947
2933
2987
2938
2941
2833
2921
2908
2403
2883
2783
2837
2221
2517
2709
1959
2597
2517
1917
1740
1713
1729
1657
1567
1611
1644
1549
1447
1449
1448
1361
1373
1361
1373
1424
1361
1045
1425
1580
1613
1621
1783
1763
2180
2355
2585
2707
2375
2853
2979
2997
2215
2978
2992
2885
2929
2888
2901
2845
2896
2821
2833
2593
2836
2733
2708
2596
2579
2099
1860
1737
1641
1623
1588
1499
1567
1495
1124
1417
1457
1369
1361
1377
1495
1461
1500
1316
1423
1532
1593
1303
1660
1571
2124
2277
2455
2668
2665
2865
3081
3047
2999
2934
2849
2973
2936
2871
2429
2887
2815
2865
2833
2847
2805
2789
2700
2660
2703
2493
1452
1729
1754
1661
1633
1725
1634
1310
1488
1488
1151
1437
1475
1461
1259
1469
1452
1440
1361
1313
1538
1417
1409
1717
1860
2069
2269
2385
2607
2776
2789
2833
2945
2230
2953
2973
2968
2935
2825
2926
2867
2861
2797
2813
2688
2769
2807
2421
2621
2637
2425
1923
1864
1751
1720
1725
1625
1561
1520
1529
1389
1311
1367
1313
1151
1348
1251
1375
1348
1252
1349
1441
1521
1595
1711
1760
1973
2199
2191
2647
2471
2791
2789
2995
3009
2943
2951
2855
2941
2200
2917
2869
2775
2868
2797
2781
2810
2721
2660
2643
2613
2431
1883
1679
1671
1309
1643
1680
1628
1537
1541
1541
1511
1253
1489
1459
1451
1407
1321
1331
1545
1407
1457
1555
1629
1663
1756
2028
2229
2439
2695
2692
2789
3045
3045
2957
2581
2893
2957
2951
2957
2848
2823
2901
2615
2819
2832
2671
2789
2751
2552
2637
2397
1883
1748
1650
1687
1445
1557
1679
1581
1487
1395
1465
1437
1413
1408
1450
1365
1495
1447
1405
1466
1493
1557
1677
1351
1767
1635
1916
2355
2535
2608
2511
2873
2911
3147
2901
2921
2917
2901
2909
2548
2921
2928
2758
2868
2771
2773
2231
2683
2651
2615
2549
2085
1996
1751
1480
1443
1707
1428
1236
1548
1551
1429
1488
1451
1335
1372
1443
1251
1418
1370
1455
1407
1559
1631
1775
1829
2095
2173
2271
2579
2641
2788
2816
3015
2885
2948
2599
2913
2941
2372
2933
2881
2648
2865
2799
2801
2116
2748
2773
2683
2661
2581
2055
1696
1677
1632
1590
1570
1359
1493
1573
1645
1377
1399
1342
1364
1325
1279
1420
1361
1167
1354
1477
1445
1549
1635
1727
1999
2225
1844
2644
2685
2813
2949
2953
2981
2933
2967
2519
2899
2781
2943
2930
2957
2898
2877
2843
2829
2779
2751
2667
2781
2821
2752
2771
2705
2692
2690
2679
2284
2431
2484
2587
2539
2519
2535
2483
2469
1872
2556
2469
2401
1992
2471
2321
2423
2429
2437
2401
2417
2448
2449
2344
2443
2268
2446
2407
2512
2452
2429
2423
2391
2375
2375
2381
2405
2390
2389
2473
2397
