2719
2701
2814
2833
2827
2888
2831
2784
2825
2823
2531
2775
2836
2945
2733
2821
2837
2823
2811
2657
2761
2541
2084
2788
2848
2835
2823
2827
2231
2769
2327
2183
2825
2897
2395
2916
2431
2869
2858
2975
2813
2633
2135
1587
1621
1725
1287
1613
1569
1495
1331
1612
1573
1235
1409
1416
1541
1515
1401
1453
1514
1497
1361
1477
1503
1623
1653
1973
2199
2405
2605
2821
2748
2303
3205
2273
3092
2651
3092
3031
3013
3063
3004
3044
2975
2961
2991
2908
2905
2836
2742
2337
1601
1491
1673
1473
1524
1525
1433
1565
1359
1581
1563
1561
1088
1501
1321
1461
1480
1515
1525
1477
1547
1523
1569
1585
1757
1851
2017
2092
2513
2733
2448
2920
2965
3191
2907
3028
3079
2988
2969
3025
2972
3095
2221
3022
2247
2967
2371
2861
2568
2672
1358
1555
1671
1699
1557
1524
1447
1445
1431
1251
1492
1507
1513
1365
1508
1519
1406
1357
1375
1515
1482
1431
1677
1640
1695
1873
1623
2221
2377
2671
2673
2851
2933
3177
3043
2833
2997
2963
3011
3013
2947
2911
2961
3015
2983
2941
2899
2863
2804
2785
2629
1599
1589
1705
1509
1460
1526
1558
1424
1279
1541
1509
1427
1495
1491
1489
1461
1413
1429
1397
1549
1500
1573
1569
1507
1573
2015
2217
2353
2645
2841
3000
2903
3092
3108
3067
2439
3001
2787
2943
2603
2643
2961
2928
3005
3015
2941
2719
2839
2573
2442
1535
1668
1724
1331
1491
1375
1533
1445
1392
1484
1447
1511
1509
1369
1405
1383
1463
1437
1415
1545
1231
1445
1634
1651
1735
1797
1983
2196
2354
2725
2832
2889
2440
2895
3027
3037
3005
3183
3101
3009
2999
3096
2799
3025
2941
2964
2981
2933
2832
2805
2629
1835
1700
1430
1693
1489
1383
1432
1449
1535
1530
1401
1495
1054
1381
1472
1358
1324
1447
1537
1469
1279
1553
1673
1632
1685
1865
1655
2319
2575
2623
2293
2960
2969
2923
3145
3044
3089
3031
2975
3081
3047
3031
3013
3033
2947
2976
2983
2949
2901
2643
2607
1903
1609
1661
1711
1312
1521
1431
1425
1519
1283
1519
1317
1429
1449
1364
1443
1393
1392
1551
1469
1343
1453
1135
1653
1739
1842
1573
2125
2340
2701
2828
2959
2943
3127
2577
3082
3188
3200
3031
2967
2985
3061
2751
2953
2933
2957
2983
2901
2737
2706
1833
1583
1701
1723
1616
1533
1430
1533
1447
1252
1536
1485
1332
1457
1375
1441
1318
1333
1235
1063
1481
1543
1546
1653
1796
1935
2001
2111
2111
2535
2732
2821
2856
2761
2972
2999
3045
3032
3055
2911
3041
3029
3015
3047
3013
2943
2933
2652
2847
2725
2493
1703
1436
1607
1391
1553
1461
1551
1503
1532
1344
1533
1424
1471
1077
1375
1422
1381
1271
1419
1517
1575
1604
1613
1669
1669
1957
1604
2385
2125
2689
2833
2851
2697
3173
2967
2993
2975
2247
2948
2264
2917
3021
2248
2981
2962
2691
2933
2973
2868
2709
2569
1629
1473
1645
1694
1492
1379
1559
1463
1383
1397
1533
1418
1488
1474
1409
1285
1421
1071
1361
1473
1407
1261
1480
1486
1765
1977
2133
2407
2571
2805
2845
2847
3119
3112
3019
3056
2977
2612
2967
2837
2955
2994
2997
2981
2923
2949
3028
2875
2813
2853
2883
2263
2829
2781
2674
2734
2695
2665
2516
2539
2436
2455
2241
2345
1671
2277
2215
2227
2167
2169
2131
2143
1908
2197
2133
2172
2196
2196
2195
2145
2149
2149
2133
2149
2181
2186
2184
2067
2109
2187
2173
2113
2149
2085
2164
2085
1869
2149
2212
2161
1670
2076
2153
