2297
2225
2357
2321
2175
2335
2311
2315
2345
2289
2391
2004
2298
2149
2357
2357
2344
2273
2349
2340
1733
2325
2264
2343
2341
2299
2275
2345
2292
2333
2377
2453
2460
2509
2475
2431
2539
2501
2523
2451
2441
2411
1807
2181
1881
1887
1773
1779
1601
1641
1646
1589
1491
1607
1606
1581
1580
1509
1571
1508
1541
1565
1533
1509
1695
1651
1818
2071
1757
2395
2152
2621
2777
2798
2795
2769
2676
2705
2692
2669
2673
2653
2625
2609
2613
2609
2583
2576
2523
2616
2603
2452
2437
2313
2097
1826
1897
1829
1507
1669
1687
1649
1588
1565
1503
1475
1554
1557
1559
1471
1207
1509
1343
1556
1479
1473
1519
1624
2003
2253
2391
2417
2468
2775
2737
2799
2143
2268
2704
2165
2685
2588
2629
2631
2669
2613
2587
2595
2242
2493
2544
2515
2481
2483
2333
1983
1935
1855
1841
1747
1663
1675
1557
1391
1487
1427
1313
1509
1425
1429
1359
1557
1315
1561
1608
1196
1530
1591
1753
1989
2254
2385
2500
2679
2477
2829
2789
2836
2683
2693
2633
2623
2674
2488
2703
2545
2579
2581
2631
2597
2228
2531
2067
2401
1989
2171
1993
2031
1861
1707
1671
1687
1594
1594
1571
1437
1505
1489
1527
1452
1449
1532
1336
1380
1549
1207
1557
1363
1599
1555
2081
2281
2423
2012
2661
2783
2725
2757
2729
2645
2625
2652
2651
2627
2621
2544
2510
2575
2567
2519
2526
2604
2461
2395
2389
2284
2025
1883
1845
1845
1687
1653
1542
1359
1485
1588
1521
1493
1360
1487
1402
1489
1455
1460
1493
1443
1297
1555
1685
1821
2021
2197
2320
2441
2679
2748
2727
2793
2720
2717
2695
1984
2471
2135
2614
2565
2549
2551
2583
2551
2516
2515
2449
2471
2313
2397
2189
1972
1879
1829
1641
1180
1648
1489
1495
1405
1437
1411
1420
1383
1259
1076
1517
1347
1520
1511
1559
1416
1679
1725
1929
2109
2219
2311
2385
1999
2751
2451
2775
2741
2684
2705
2621
2625
2631
2578
2624
2587
2523
2551
2053
2537
2517
2527
2453
2395
2355
2177
1749
1783
1727
1744
1471
1493
1524
1431
1429
1471
1439
1460
1229
1440
1340
1444
1548
1396
1092
1491
1629
1479
1885
2071
2303
2381
2520
2677
2672
2763
2789
2117
2661
2597
2605
2371
2631
2624
2586
2550
2569
2549
2567
2464
2029
2435
2211
2353
2300
2183
1842
1661
1815
1191
1673
1231
1518
1501
1357
1501
1475
1389
1135
1200
1396
1267
1475
1503
1323
1505
1529
1695
1581
2027
2260
2370
2448
2557
2707
2751
2737
2741
2756
2633
2629
2639
2548
2535
2565
2557
2529
2226
2533
2521
2483
2501
2448
2375
2377
2181
1551
1765
1755
1775
1578
1623
1463
1493
1441
1479
1616
1361
1407
1463
1311
1388
1143
1068
1523
1501
1152
1541
1768
2037
2249
2019
2458
2577
2691
2719
2476
2737
2667
2728
2679
2631
2591
2428
2513
1927
2565
2493
2525
2565
2287
2519
2407
2421
2315
2121
1920
1701
1786
1707
1532
1603
1575
1543
1549
1503
1447
1445
1544
1416
1457
1345
1481
1367
1312
1411
1573
1524
1985
1856
1999
2139
2317
2381
1861
2757
2809
2777
2693
2658
2637
2645
2651
2415
2541
2503
2477
1864
2445
2453
2433
2483
2449
2492
2469
2313
2451
2460
2375
2452
2387
2433
1991
2384
2385
2425
2387
2411
2421
1815
2423
2405
2532
2341
2385
2383
2326
2342
2328
2397
2407
2387
2389
2352
2397
2323
2281
2343
2347
2357
2353
2325
2375
2365
2325
2504
2364
2355
2309
2385
2369
2281
2375
2215
2373
2421
2309
2372
