2514
2319
2175
2759
2742
2760
2335
2741
2055
2769
2719
2810
2685
2696
2719
2765
2661
2741
2023
2699
2759
2175
2711
2757
2759
2649
2593
2705
2023
2762
2748
2704
2743
2659
2881
2732
2829
2903
2855
2579
3016
2830
2587
2669
2446
1845
1745
1319
1719
1657
1625
1509
1605
1506
1491
1569
1513
1453
1375
1476
1463
1063
1460
1353
1511
1428
1579
1723
1769
1523
2055
2263
2469
2581
2691
2905
2912
3138
3044
2987
3037
2953
3013
2964
3024
2989
2941
2935
2928
2845
2879
2143
2821
2727
2692
2015
1769
1705
1703
1717
1759
1545
1488
1563
1529
1589
1397
1231
1445
1346
1487
1461
1424
1465
1393
1373
1615
1272
1601
1781
1937
2139
2241
2531
2725
2477
2821
3077
3013
3003
3021
2605
2973
2960
2952
2900
2847
2621
2897
2921
2855
2640
2861
2803
2721
2365
1919
1779
1655
1639
1767
1620
1668
1541
1460
1490
1516
1392
1473
1356
1476
1429
1313
1415
1279
1457
1429
1543
1490
1620
1811
1957
2067
1735
2557
2608
2717
2908
3199
2704
3043
2989
3033
3013
2961
2959
2978
2775
2891
2892
2909
2791
2845
2776
2096
2665
2133
1861
1673
1709
1650
1721
1361
1585
1582
1564
1565
1295
1444
1242
1493
1365
1480
1351
1357
1317
1393
1444
1578
1552
1581
1287
1943
2149
2453
2524
2741
2970
2932
3140
3029
2942
2319
2983
3128
2911
2909
2967
2933
2866
2839
2840
2212
2885
2783
2807
2685
2645
1952
1510
1709
1653
1732
1644
1589
1479
1369
1267
1533
1440
1391
1551
1188
1439
1441
1407
1341
1365
1364
1493
1657
1808
1781
1919
2181
2431
2556
2736
2759
2901
3144
2965
3029
2624
2935
2949
2963
2739
2893
2933
2873
2511
2901
2871
2952
2783
2773
1959
2413
1971
1689
1661
1633
1276
1667
1501
1379
1453
1063
1395
1445
1493
1360
1324
1411
1353
1449
1427
1344
1359
1399
1573
1648
1793
1765
2005
2252
2512
2676
2749
2241
3049
2993
3045
3063
2909
3032
2960
2980
2391
2894
2919
2933
2751
2815
2836
2829
2736
2708
2689
2120
1780
1738
1687
1732
1319
1497
1559
1455
1143
1489
1387
1496
1475
1332
1345
1329
1551
1365
1413
1415
1425
1156
1659
1648
1845
1891
2288
2445
2577
2704
2931
3093
3043
3096
3013
2997
2995
3005
2997
2375
2887
3087
2712
2191
2341
2804
2295
2807
2676
2719
2029
1799
1738
1655
1301
1615
1439
1453
1532
1567
1557
1473
1474
1323
1445
1215
1311
1325
1431
1425
1445
1565
1532
1692
1691
1853
2023
2215
2439
2621
2743
2821
2676
3115
3128
3012
3025
2431
2911
2675
2965
2703
2857
2885
2180
2884
2595
2805
2881
2704
2619
1924
1787
1685
1701
1753
1699
1362
1359
1493
1448
1413
1361
1609
1408
1516
1453
1229
1319
1331
1311
1440
1452
1587
1242
1728
1958
2185
2353
2679
2861
2805
2908
3199
2579
2972
3055
3005
2471
2511
2901
2907
2751
2703
2383
2877
2781
2847
2741
2719
2665
2476
1415
1255
1551
1693
1549
1575
1469
1567
1540
1396
1008
1323
1383
1303
1331
999
1297
1437
1326
1351
1548
1143
1549
1631
1937
2075
2173
2294
2609
2733
2853
2945
3027
2919
2915
2993
2959
2911
2841
2987
2964
2881
2925
2889
2861
2571
2847
2825
2453
2830
2841
2807
2720
2845
2755
2724
2700
2685
2672
2551
2593
2487
1828
2375
2341
2309
1984
2291
2297
2295
2271
2308
2415
2148
2207
2269
2311
2281
2313
2296
2269
2373
2283
2059
2293
2229
2269
2324
2197
2195
2271
2261
2223
2261
1719
2231
2163
