2711
2773
2775
2777
2783
2054
2711
2673
2387
2727
2743
2751
2788
2733
2781
2717
2640
2709
2755
2351
2765
2721
2709
2789
2775
2044
2807
2709
2383
2709
2376
2781
2867
3000
2941
2351
2915
2903
3000
2913
2885
2389
2183
2581
1737
1637
1611
1729
1597
1537
1437
1439
1547
1545
1534
1151
1389
1036
1349
1478
1297
1509
1109
1554
1353
1605
1719
1849
1908
2359
2471
2253
2843
2795
2933
3263
3035
2984
3041
3013
3004
2997
2751
2993
2925
2971
2693
2873
2927
2959
2779
2643
2485
1824
1653
1708
1677
1509
1175
1449
1555
1575
1407
1556
1417
1404
1443
1483
1325
1015
1351
1433
1517
1493
1401
1447
1648
1694
1891
2027
2337
2589
2703
2797
2933
3265
3086
3047
2981
2788
2992
2733
2919
2911
2976
2977
2191
2891
2842
2825
2212
2746
2644
1885
1651
1607
1648
1717
1348
1346
1100
1111
1443
1431
1427
1117
1447
1388
1459
1393
1365
1311
1404
1435
1557
1543
1743
1757
1853
1951
2145
2419
2637
2815
2807
2849
2204
3053
3083
3084
2835
2989
2877
2971
2877
2945
2907
2943
3056
2953
2936
2903
2853
2754
2288
1761
1657
1697
1751
1715
1597
1489
1495
1473
1231
1511
1365
1375
1463
1320
1451
1351
1413
1399
1469
1439
1429
1493
1555
1386
1919
2156
2376
2493
2863
2839
2987
3193
2546
3081
2945
2589
2983
2813
2925
2941
2989
2960
2961
3100
2897
2911
2364
2715
1904
1857
1633
1621
1748
1711
1575
1525
1181
1549
1460
1548
1248
1468
1477
1317
1325
1365
1301
1380
1399
1527
1333
1525
1636
1623
1959
2109
2197
2486
2685
2723
2831
3031
3009
3085
3216
3031
3029
2973
2419
2961
2981
2917
2911
2652
2903
2852
2513
2499
2652
1800
1739
1567
1693
1550
1633
1573
1407
1525
1561
1541
1469
1436
1382
1395
1396
1247
1431
1421
1361
1365
1524
1269
1172
1695
1287
1877
1972
2225
2385
2609
2765
2771
3005
3060
3093
3029
2965
3045
2935
3031
2263
2947
3025
2889
2884
2889
2833
2108
2829
2497
2127
1696
1669
1607
1729
1828
1191
1542
1551
1541
1568
1543
1469
1449
1401
1443
1437
1365
1421
1031
1373
1646
1511
1425
1580
1615
1941
2241
2471
2615
2826
2853
2367
3149
3013
2967
3043
2809
2941
2627
2997
2957
2975
2905
2899
2957
2751
2949
2840
2920
2635
1929
1681
1665
1586
1717
1551
1483
1235
1551
1509
1216
1287
1469
1413
1440
1338
1385
1313
1361
1465
1347
1516
1555
1689
1637
1781
2019
2231
2485
2705
2783
2975
3252
3108
2989
2265
3053
3054
2917
3009
2847
2995
2936
2885
2948
2959
2913
2757
2717
2624
1929
1579
1599
1585
1601
1597
1384
1504
1471
1509
1439
1505
1445
1429
1319
1429
1375
1335
1501
1371
1511
1379
1521
1548
1807
1755
2055
2067
2501
2722
2023
2993
2531
2981
3099
2987
2949
2991
2967
3002
2909
2557
2799
2951
2916
2569
2860
2832
2773
2747
2227
1757
1379
1535
1599
1671
1577
1455
1497
1513
1311
1365
1471
1399
1447
1344
1333
1297
1377
1464
1493
1343
1553
1607
1380
1420
1860
2119
2187
2549
2799
2779
2805
3055
3017
3062
2951
2936
2683
3020
2407
3019
2976
2929
2611
2901
2579
2909
2929
2830
2838
2835
2307
2804
2493
2711
2697
2631
2637
2597
2597
1903
2473
2461
2311
2143
2258
2275
2100
1991
1620
1949
1663
1823
1887
1745
1814
1813
1877
1885
1683
1873
1809
1874
1935
1815
1783
1831
1679
1791
1673
1551
1543
1695
1773
1711
1781
1494
1777
1903
1855
1619
1716
