2485
2453
2067
2515
2131
2507
2445
2568
2495
2452
2532
2469
2473
2477
2462
2149
2199
2448
2421
2423
2481
2487
2517
2409
2503
2545
2469
2601
2479
1865
2367
2597
2669
2735
2621
2747
2653
2713
2655
2649
2471
2505
2157
2367
1826
1858
1780
1832
1791
1189
1669
1363
1244
1541
1511
1473
1468
1551
1439
1563
1541
1559
1508
1553
1557
1677
1709
1856
2029
2199
2360
2655
2625
2751
3115
2948
2731
2773
2854
2812
2823
2841
2753
2759
2444
2699
2044
2272
2735
2723
2661
2464
2493
2548
2341
1935
1877
1797
1685
1535
1489
1635
1619
1527
1534
1417
1432
1415
1095
1527
1524
1409
1333
1495
1480
1194
1641
1741
1941
2218
2231
2399
2549
2762
2289
2941
2897
2927
2755
2901
2803
2221
2820
2761
2725
2752
2287
2695
2667
2629
2629
2518
2565
2527
2387
1963
1859
1681
1523
1669
1599
1600
1607
1577
1503
1505
1439
1499
1383
1503
1463
1493
1457
1461
1151
1548
1667
1683
1777
1829
2192
2076
2551
2572
2700
2977
2792
2889
2896
2703
2892
2793
2855
2761
2595
2806
2840
2497
2733
2623
2709
2677
2524
2589
2497
1751
1867
1843
1741
1791
1639
1571
1599
1584
1461
1545
1533
1397
1447
1475
1478
1235
1463
1493
1413
1191
1509
1509
1687
1935
2033
2079
2327
2568
2509
2659
2733
2877
2975
2875
2880
2839
2871
2791
2809
2773
2788
2807
2757
2756
2047
2246
2696
2615
2505
2493
2337
1876
1703
1760
1655
1681
1629
1567
1575
1500
1372
1095
1499
1368
1396
1389
1488
1289
1349
1488
1372
1553
1316
1625
1837
1936
2117
2280
2283
2503
2615
2709
2961
2579
2295
2853
2837
2803
2773
2839
2815
2151
2765
2672
2707
2675
2340
2685
2625
2537
2505
2369
1453
1639
1268
1692
1725
1611
1525
1543
1557
1543
1359
1447
1477
1291
1477
1440
1098
1469
1495
1372
1480
1463
1327
1351
1527
2161
2293
2471
2508
2673
2924
2911
2845
2841
2815
2835
2657
2479
2859
2862
2784
2775
2780
2407
2725
2736
2757
2605
2532
2493
2295
2116
1893
1781
1749
1703
1621
1500
1538
1501
1501
1344
1451
1329
1431
1403
1299
1477
1076
1444
1608
1517
1412
1577
1813
1944
2069
2256
2438
2632
2606
2511
2799
2791
2907
2765
2739
2713
2740
2805
2892
2803
2705
2704
2624
2723
2726
2804
2538
2539
2567
2331
2245
1924
1753
1738
1567
1352
1551
1557
1263
1597
1543
1513
1424
1481
1428
1151
1462
1485
1386
1417
1487
1545
1623
1864
1836
2039
2247
2374
2147
2551
2370
2359
2785
2899
2864
2755
2829
2753
2831
2760
2789
2761
2761
2657
2712
2285
2293
2523
2491
2545
1813
2243
1857
1815
1491
1491
1643
1345
1489
1521
1577
1395
1437
1367
1415
1311
1441
1389
1365
1481
1399
1235
1389
1088
1671
1759
1897
2101
1939
2421
2533
2590
2660
2693
2547
3013
2713
2696
2763
2805
2801
2803
2815
2771
2695
2661
2677
2711
2650
2549
2577
2481
2223
2247
1805
1777
1751
1701
1559
1504
1493
1583
1441
1315
1463
1506
1231
1415
1311
1445
1361
1425
1360
1401
1425
1591
1733
1833
1988
1673
2237
2452
2461
2518
2711
2558
2783
2725
2951
2120
2789
2303
2807
2741
2311
2778
2807
2795
2133
2759
2739
2711
2647
2651
2569
2679
2668
2405
2676
2623
2613
2665
2513
2505
2517
1831
2451
2451
2252
2427
2493
2500
1831
2336
2409
2477
2083
2461
1853
2423
2503
2575
1847
2457
2019
2421
1831
2381
2401
2521
2417
2401
2439
2428
2405
2461
2391
2407
2429
2407
