2231
2229
2224
2261
2249
2257
2215
1815
2217
2221
2204
2221
2205
2235
2199
2253
2027
2207
2267
1875
2237
2319
2250
2207
2251
1791
2227
2261
2051
2324
2388
2367
2389
2022
2444
2473
2423
2277
2384
2265
2311
2181
2228
2103
1663
1626
1775
2019
1477
2001
1492
1480
1973
1543
1951
1975
1468
1989
1937
1936
1757
2011
2151
1929
2251
2061
2548
2436
2678
2581
2151
2581
2480
2505
2495
2492
2493
2260
2444
2491
2221
2475
2470
2465
2425
2089
2487
1799
2449
2119
2283
1983
1843
2107
2079
1973
2048
2005
1876
1988
1909
1760
1925
1961
2064
1933
1840
1959
1973
1879
1975
1994
2045
2255
2227
2321
1790
2329
2519
2685
2545
2579
2589
2637
2545
2523
2131
2485
2460
2435
1943
2440
2421
2470
2469
2337
2391
2469
2448
2373
2245
1664
2109
1549
1919
2003
2012
2028
1957
1941
1823
2012
1972
1895
1896
1897
1929
1833
1877
1965
1925
1969
1605
2155
2241
2356
2407
2367
2517
2629
2387
2525
2533
2549
2481
2455
2485
2455
2429
2493
2335
1791
2451
2480
2423
2437
2405
2417
2429
2001
1999
2181
2141
2077
2022
2021
1985
1919
1911
1573
1431
1897
1415
1941
1972
1937
1935
1997
1903
1939
1964
2124
1901
2132
1672
2303
2353
2436
2519
2647
2587
2525
2440
2542
2451
1910
2459
2239
2484
2413
2429
2417
2445
2307
1908
2420
2441
2239
2067
2268
2340
2141
1893
2008
2021
2012
1981
1977
1524
1747
1893
1892
1937
1927
1876
1823
1936
1911
1958
1948
1895
1663
2071
2090
2157
2357
1831
2391
2385
2583
2007
2553
2514
2485
2055
2189
2485
2421
2395
2447
2460
1775
2384
2421
2461
2357
2439
2417
2436
2349
2199
2215
2121
2095
2035
1988
1733
1795
1893
1951
1949
1909
1945
1905
1478
1861
1859
1892
1923
1927
1869
1945
2001
2077
2261
2303
2369
1920
1891
2597
2591
2567
2533
2525
2527
2470
2500
2437
2433
2538
2383
2429
1895
2415
2452
2431
2393
2255
2389
2365
2239
2215
2183
2101
1994
2000
1951
1959
1919
1953
1869
1862
1845
1844
1887
1851
1925
1924
1967
1941
1808
1885
1543
2037
2132
2227
2334
2167
2385
2335
2577
2668
2533
2698
2572
2501
2457
2477
2431
2461
2409
2447
1820
2411
2451
2457
2439
2373
2255
2407
2356
1871
2214
2053
2011
1997
1941
1965
1917
1919
1943
1885
1663
1554
1501
1705
1841
1857
1845
1915
1869
1879
1954
2027
2043
1967
1759
2335
2427
2467
2608
2513
2600
2567
2489
2496
2449
2616
2439
2445
2367
2377
2389
2429
2333
2398
2431
2335
2423
2355
2393
2172
1631
2137
2015
2033
1919
1969
1908
1951
1519
1929
1895
1878
1937
1929
1869
1603
1877
2031
1927
1911
1992
2002
2039
2117
2310
2359
2219
2451
2620
2569
2433
2555
2513
2503
2461
2467
2401
1919
2147
2399
2427
2481
2411
1935
2385
2335
2411
1901
2371
2241
2084
2101
1960
2004
1840
1980
1813
1832
1876
1715
1895
1891
1915
1641
1791
1861
1809
1831
1476
1920
1937
1971
2053
2173
2313
2333
2429
2397
2556
2607
2227
2525
2399
2471
2540
2435
2461
2445
2391
2413
2359
2392
2375
1764
2375
2019
2096
2338
2336
2359
2368
2317
2299
2208
2341
2345
2330
2385
2303
2343
2285
2317
2271
2329
2243
2149
2281
1885
2315
2343
2315
2277
2368
2085
2269
2295
2249
2301
2257
2316
1671
2255
2176
2263
2260
2273
2293
2239
2245
2293
2177
2261
2249
2207
1933
2363
2293
2058
2290
2275
2291
2320
2265
2257
1815
2233
2241
2265
