2751
2800
2757
2220
2790
2791
2756
2731
2757
2744
2725
2773
2753
2247
2725
2789
2739
2135
2904
2045
2781
2831
2727
2077
2780
2777
2387
2773
2733
2725
2784
2748
2737
2757
2247
2855
3024
2911
2441
2958
2918
2892
2839
2821
2832
2697
2309
2153
2111
2090
2065
2111
1996
1949
2018
1856
1961
1959
1937
1414
1885
1797
1627
1901
1868
1791
1889
1893
1873
1989
1747
2185
2275
2439
2645
2819
2859
3025
3164
3029
3095
3007
3047
3054
3013
3053
3055
3021
3081
2955
3036
2883
2935
2909
2861
2877
2517
2192
2069
1963
2093
2067
1989
1437
2025
1651
1944
1941
1799
1565
1619
1287
1697
1813
1839
1929
1863
1672
1929
2022
2039
2159
2159
2345
2525
2681
2736
2663
2945
3223
3189
2987
2960
2993
3183
3011
2812
3012
2940
2739
2970
2527
2871
2903
2861
2511
2791
2159
2165
2064
2037
2101
2000
1819
1937
1887
1911
1848
1925
1886
1791
1869
1839
1813
1349
1895
1757
1693
1899
1415
1988
2107
2165
2355
2533
2647
2759
2885
3000
3047
2643
3045
3111
3031
3039
3045
2581
3029
2844
3007
2949
2703
2949
2311
2933
2847
2788
2813
2429
2237
2000
2116
2028
2085
2005
1587
1829
1865
1477
1925
1823
1831
1967
1775
1855
1717
1871
1699
1797
1893
1911
1952
2003
2165
2452
2461
2609
2813
2881
2580
3211
2287
2963
3089
3065
3009
2962
2614
2929
2287
3103
2934
2921
2949
2853
2869
2882
2749
1909
2216
2039
1983
2053
1791
2029
1861
1926
1943
1947
1887
1829
1845
1779
1815
1791
1791
1863
1823
1811
1507
1911
1985
2081
2141
2003
2509
2695
2909
2891
2920
3193
2900
3043
3019
2934
2981
3047
2943
2925
2995
2899
3023
2961
2863
2897
2648
2237
2756
1735
1795
2052
1566
2085
2071
1969
1943
1863
1905
1823
1967
1856
1821
1815
1873
1645
1785
1852
1732
1776
1895
1923
1925
1877
2157
2333
2509
2520
2741
2809
2929
3003
2904
2485
2921
2981
2993
2946
2967
2965
2941
2915
2947
2935
2935
2903
3044
2861
2791
2275
2231
2128
2081
1543
2015
2013
1927
1841
1877
1879
1911
1875
1863
1779
1787
1383
1847
1738
1799
1861
1809
1952
1949
2057
2179
2317
2533
2638
2735
2747
2959
2981
3173
3063
3092
3029
2997
3069
3031
3010
2905
2911
3002
2907
2892
2885
3000
2479
2740
2687
1784
2129
2022
1988
1939
2054
1949
1887
1937
1857
1931
1909
2024
1857
1571
1765
1863
1799
1812
1757
1855
1684
1876
1508
2111
2124
2309
2480
2585
2779
2281
2634
3097
2285
3045
2913
2967
2889
2975
3042
2941
2610
2188
2902
2729
2863
2882
2881
2829
2762
2463
1645
2092
1993
1997
1887
1992
1812
1889
1866
1821
1877
1787
1903
1317
1839
1748
1738
1857
1817
1823
1899
1847
1999
1971
1644
1783
2421
2532
2773
2843
2917
3043
3080
3067
2973
3049
2973
2929
2714
3005
2979
2611
2941
2741
2917
2925
2956
2839
2821
2682
2217
2077
2102
2025
2089
2021
1815
1913
1885
1919
1908
1935
1336
1777
1511
1857
1914
1844
1823
1860
1895
1882
1517
1983
1805
2295
2411
2679
2782
2801
2959
3089
2807
3077
3079
2981
2988
2915
2969
3018
2733
2945
2905
2864
2847
2735
2933
2812
2340
2643
2896
2794
2821
2793
2764
2789
2764
2689
2863
2601
2685
2580
2256
2428
2449
2415
2224
2389
2449
2403
2421
2249
2415
2476
2429
2425
2353
2378
2019
2345
2401
2289
2018
2357
2417
2479
2343
2391
2401
2357
2311
2341
2243
2411
1991
2389
1914
2387
2000
2386
