2773
2821
2548
2783
2815
2381
2839
2831
2759
2833
2839
2831
2836
2623
2795
2803
2815
2838
2839
2948
2775
2780
2801
2837
2055
2845
2837
2815
2835
2801
2807
2927
2802
2815
2869
2948
2176
2883
2871
2845
2703
2853
2782
2764
2577
2053
1775
2087
1993
1879
1615
1908
1873
1873
1896
1901
1788
1877
1805
1881
1785
2012
1695
1911
1899
1895
1833
2013
2135
2113
1919
2551
2627
2740
2897
2924
3136
3145
3248
2974
2992
2951
3008
2949
3004
2995
2929
2973
2700
2947
2891
2897
2431
2333
1460
2007
1831
1823
1887
1543
1444
1668
1841
1865
1997
1823
1773
1823
1753
1777
1365
1757
1777
1848
1829
1985
1947
2047
2230
2321
2452
2589
2729
2869
2867
2467
3165
3031
3036
2975
2817
2604
3087
2988
2225
2973
2977
2963
2925
2737
2857
2769
2592
2025
1975
2007
1969
1460
1805
1855
1864
1972
1831
1900
1400
1851
1681
1428
1857
1767
1695
1853
1781
1889
1873
1899
1869
2135
2079
2372
2487
2545
2624
2833
2893
2980
3143
2995
3047
3033
2765
2967
3005
2999
2783
2913
2721
2891
2885
2989
2915
2880
2703
2182
2069
1911
1855
1792
1857
1893
1853
1745
1855
1828
1725
1935
1791
1411
1781
1873
2004
1777
1383
1758
1869
1891
1731
2015
2207
2344
2453
2556
2605
2096
2884
2450
2748
2772
3043
3017
3007
2997
2993
2375
2991
2825
2988
3085
2953
2627
2119
2839
2721
2585
1985
2084
1933
1863
1619
1773
1891
1845
1805
1877
1829
1847
1653
1539
1407
1344
1897
1921
1316
1988
1692
1801
1965
2081
1872
2296
2261
2684
2732
2857
2607
2917
3151
3029
3005
3047
2961
2996
2949
3011
3052
2965
3023
2955
2876
2563
2660
2813
2666
2065
1997
1997
1828
1487
1780
1761
1756
1922
1827
1833
1980
1613
1813
1809
1551
1763
1779
1783
1797
1857
1903
1812
1951
2084
2181
2225
2480
2647
2088
2861
2956
2994
3156
2260
2957
2327
3029
2945
2915
2975
2973
2708
2965
2905
2889
2879
2855
2783
2647
2039
1472
1989
1716
1863
1789
1810
1861
1940
1857
1877
1767
1420
1805
1737
1407
1811
1754
1799
1788
1797
1853
1933
1981
1663
2111
2265
2423
2356
2705
2159
2837
2769
3157
3085
3013
3060
2303
2976
2983
2604
2933
2985
2889
2910
2941
2927
2876
2895
2749
2335
2029
1893
1897
1727
1877
1795
1777
1855
1869
1708
1797
1771
1733
1823
1783
1763
1871
1791
1868
1928
1876
1904
1997
2287
2183
2420
2445
2597
2813
2932
2451
2993
2303
3023
2983
2973
2967
2697
2943
3192
2957
2879
2925
2949
2865
2861
2864
2815
2703
2196
2060
1951
1980
1877
1828
1877
1831
1878
1885
1999
1833
2004
1809
1791
1719
1695
1831
1599
1684
1777
1791
1789
2053
1976
2009
2269
2433
2567
2761
2513
2859
2853
2943
3141
3005
3035
3003
3024
2663
2919
2919
3052
2909
2961
2981
2861
2871
2719
2765
2677
1845
2016
2032
1941
1809
1437
1825
1861
1869
1484
1879
1853
1967
1780
1791
1608
1747
1840
1866
1845
1773
1825
1976
1956
2077
2215
2063
2527
2685
2479
2853
2916
2979
2879
2279
3005
2327
2997
2981
3010
2969
2956
2932
2941
2917
2857
2909
2855
2855
2287
2884
2517
2812
2908
2809
2911
2748
2727
2615
2663
2527
2557
2447
2467
2055
2375
2289
2333
2330
2199
2332
2127
2260
2313
2285
2339
2245
2243
2263
2311
2276
2303
2237
1907
2309
2277
2297
2287
2293
2265
2245
2277
2255
2273
2274
2293
2267
2244
2261
2368
2285
2239
2281
2440
1783
2276
