2876
2857
2733
2855
2751
2821
2833
2865
2959
2839
2841
2895
2891
2891
2889
2917
2811
2815
2564
2893
2889
2847
2156
2821
2663
2825
2883
2815
2839
2847
2916
3013
2927
2993
2925
3031
3005
2993
2981
2901
2885
2805
2725
1923
1923
1989
2172
1973
1547
1927
1532
1999
1663
1947
2052
1941
1867
1813
1744
1943
1823
1913
1853
1860
2051
2151
1887
2268
2064
2705
2821
2973
2941
3061
3165
2303
3247
3043
2503
3069
3079
2340
3043
3181
3089
2543
2751
2982
2943
2231
2740
2044
1911
2063
1647
2069
1939
1927
1887
1941
1651
1872
1882
1929
1901
1968
1899
1811
1364
1827
1844
1915
1847
1821
1981
1948
2101
2397
2617
2757
2925
2929
2812
3184
2412
3020
3095
3045
2999
3045
3001
3043
3040
3061
2300
2955
2556
2999
2843
2163
1779
1951
2159
2064
1983
1891
1916
1925
1663
1652
1879
1729
1887
1853
1826
1889
1901
1857
1881
1653
1808
1748
1807
1517
2032
2111
2207
2497
2689
2735
2949
2260
3057
2309
2352
2723
3041
3095
3059
2767
2989
2996
2247
3053
3152
2964
2919
2883
2841
2721
1972
1573
1933
2039
2029
1921
1431
1845
1846
1949
1597
1907
1879
1908
1745
1791
1745
1884
1892
1833
1695
1861
1924
1843
1973
1827
2189
2324
2420
2733
2293
2833
3037
2410
3137
3043
3021
3069
2375
2981
3054
2861
2965
3060
3010
2341
2963
2707
2781
2719
2065
1951
1919
2047
2065
1963
1942
1860
1929
1887
1847
1867
1919
1820
1373
1905
1896
1891
1893
1783
1907
1535
1907
1913
2092
2040
2237
2357
2628
2766
2885
2943
3063
3177
3229
2687
3095
2993
3176
3045
2908
2356
2967
3097
2971
2974
2957
2182
3023
2727
2012
1941
2077
2015
2191
1917
1943
1372
1816
1823
1875
1384
1916
1881
1743
1841
1885
1837
1527
1915
1845
1831
1832
2020
2071
2100
2296
2317
2555
2807
2768
2990
2979
3137
3233
3069
3035
3007
3037
3027
2961
2973
3055
3029
3103
2957
3039
2936
2915
2343
2093
1887
1975
1939
2065
1931
1803
1935
1895
1751
1887
1621
1905
1859
1800
1816
1663
1873
1863
1845
1880
1809
1827
1991
2001
1605
2205
2493
2528
2777
2381
2979
3031
3092
3171
3089
3108
3039
2996
3053
2964
3059
3057
2967
2960
2911
2954
2996
2803
2759
2260
1909
1976
2045
2021
1825
1847
1917
2004
1740
1740
1936
1727
1837
1869
1809
1789
1357
1864
1891
1669
1803
1907
1931
1999
2005
2192
2389
2605
2733
2151
3029
2643
2896
3295
3108
3036
3007
3063
2755
3020
3067
3019
3167
3005
3039
3023
2976
2933
2791
2328
1918
1567
2057
1488
1985
1408
1851
1925
1941
1943
1865
1895
1853
1904
1803
1877
1855
1845
1773
1873
1863
1855
1895
1949
2101
2221
2343
2495
2703
2881
2387
2359
3013
3235
2735
3113
3026
3059
3031
3051
3063
2985
2873
2785
3056
3104
2903
2964
2876
2560
1919
1788
1969
2069
1985
1878
1783
1925
1921
1887
1571
1919
1447
1887
1827
1815
1769
1770
1765
1813
1727
1759
1840
1869
2037
2275
1903
2549
2580
2751
2267
2981
2977
3168
3067
3089
3101
3012
2957
2995
2991
2919
2981
2935
2531
2964
2792
3015
2873
2893
2922
2845
2829
2865
2825
2773
2810
2743
2642
2661
2551
2303
2533
2484
2367
2297
2405
2301
2143
2093
2118
2015
2003
2013
1945
2043
2188
1981
1919
2039
2039
2067
2037
2029
1951
2191
1989
2036
2005
1973
1999
1987
1996
1959
1923
1799
1971
2007
1756
2007
1571
1991
1559
1997
1943
2015
1973
1639
1699
