2504
2469
1872
2357
2510
2453
2453
2461
2481
2421
2477
2449
2455
2500
2500
2405
2461
2469
2460
2471
2461
2453
2455
2413
2489
2423
2439
2473
2471
2485
2455
2471
2436
2478
2005
2527
2660
2175
2613
2623
2613
2583
2567
2617
2525
2509
2359
2231
2205
2079
1775
2001
2069
2025
2004
1976
1984
1973
1937
1841
1949
2095
1971
1991
1436
1916
1916
1965
2045
2257
2343
2469
2601
2613
2175
2789
2843
2894
2685
2781
2891
2797
2673
2775
2710
2726
2741
2725
2105
2646
2615
2629
2613
2629
2523
2497
2461
2278
2197
2192
2047
2023
2127
1967
1951
1887
1959
1873
1455
1940
1901
1949
1919
1911
1895
1886
2015
2023
1961
2164
2315
2213
2477
2587
2683
2727
2781
2897
2852
2787
2387
2754
2167
2727
2100
2735
2718
2697
2684
2695
2647
2655
2000
2597
2525
2615
2534
2439
2125
2204
2031
2145
1663
1997
1980
1989
1855
1959
1885
1824
1944
1876
1837
1909
1865
1897
1997
1907
1973
1989
2159
2476
2459
2546
2645
2469
2543
2905
2639
2863
2861
2825
2757
2724
2707
2311
2637
2739
2709
2695
2301
2686
2593
2483
2581
2525
2671
2437
2092
2212
2135
2055
1905
1964
1987
1969
1870
1901
1940
1925
1775
1835
1927
1876
1860
1961
1973
1939
2007
2053
2175
2365
2461
2523
2609
2665
2765
2563
2861
2181
2815
2807
2750
2737
2831
2261
2447
2655
2663
2695
2629
2624
2625
2635
2541
2533
2585
2412
2243
2129
2175
1663
2044
2013
1951
1923
1893
1938
1909
1571
1847
1903
1847
1591
1941
1908
1992
1929
1971
2045
2225
2440
2481
2565
2684
2704
2589
2879
2359
2781
2813
2547
2789
2783
2768
2741
2260
2640
2735
2669
2583
2605
2664
2634
2587
2141
2609
2423
2319
1788
2145
2123
2081
1962
1953
1959
1861
1845
1883
1883
1889
1897
1879
1873
1855
1877
1927
2127
1959
2015
2149
2375
2443
2125
2583
2677
2673
2829
2732
2885
2795
2463
2823
2696
2773
2657
2733
2604
2628
2624
1959
2628
2681
2653
2416
2703
2163
1973
2389
2261
2164
2133
2006
1972
1922
1972
1965
1945
1885
1793
1845
1797
1819
1921
1883
1933
1801
1877
1781
1951
2053
2279
2379
2533
2633
2701
2583
2899
2899
2871
2847
2815
2775
2713
2757
2748
2693
2667
2699
2667
2165
2603
2683
2673
2565
2539
2559
2384
2337
2219
2196
2078
2061
1951
1852
1965
1959
1935
1891
1845
1925
1683
1829
1900
1812
1813
1836
1870
1955
2000
1756
2173
2323
1908
2533
2767
2681
2705
2953
2845
2836
2761
2620
2783
2754
2738
2658
2709
2733
2685
2569
2243
2637
2647
2621
2403
2591
2543
2493
2249
2221
2111
2077
2015
2013
1911
1768
1892
1807
1448
1844
1808
1921
1916
1905
1867
1909
1877
1909
1813
1973
1508
2191
2365
2359
2572
2752
2624
2757
2547
2869
2817
2755
2767
2772
2735
2612
2717
2668
2653
2622
2804
2597
2167
2596
2588
2610
2515
2460
2357
1896
1967
2133
2119
1979
1957
1965
1865
1845
1511
1383
1923
1879
1916
1821
1833
1873
1857
1809
1820
1937
1999
2136
2370
2433
2543
2621
2017
2665
3025
2812
2813
2809
2756
2781
2741
2505
2661
2705
2103
2591
2625
2692
2521
2618
2571
2092
2023
2599
2565
2524
2502
2443
2489
2515
2541
2455
2533
2513
1860
2509
2475
2573
2393
2513
2501
2448
2445
2021
2452
2529
2509
2557
2501
2084
2428
2501
2473
2476
2487
2481
2495
1863
2449
2489
2569
2409
2313
2439
2455
1821
2431
2473
2472
2451
2060
2477
2405
2417
2483
