2429
2453
2450
2433
2481
2319
2452
2391
2437
2468
2431
2431
2443
2421
2280
2281
2439
2419
2483
2454
2463
2576
2268
1951
2484
2420
2468
2572
2441
2393
2480
2459
2477
2317
2537
2772
2641
2320
2669
2663
2095
2653
2367
2551
2605
2508
2304
2049
2191
2068
2021
1942
1905
2008
1877
1855
1877
1603
1581
1737
1695
1847
1791
1759
1777
1700
1795
1825
1873
1989
2113
2231
2441
2428
2635
2479
2774
3053
2847
2917
2897
2839
2753
2087
2743
2789
2725
2741
2759
2761
2757
2635
2757
2591
2413
2365
2605
2409
2323
2110
2093
1847
1941
1527
1939
1893
1823
1845
1821
1845
1841
1888
1826
1431
1778
1835
1821
1841
1813
1901
1991
1975
1583
2380
2455
2621
2495
2636
2877
2241
2753
2841
2844
2839
2841
2813
2769
2831
2705
2673
2780
2687
2287
2716
2641
2485
2629
2609
2461
2167
2087
1565
2007
1743
1816
1913
1829
1523
1685
1989
1831
1787
1319
1799
1817
1519
1829
1800
1903
1695
1809
2028
2191
2197
2389
2507
2661
2697
2787
2607
2911
2847
2877
2805
2805
2531
2767
2783
2761
2789
2815
2733
2889
2701
2679
2647
1972
2572
2469
1924
2087
1695
2100
1951
1901
1845
1891
1837
1869
1841
1846
1743
1892
1551
1815
1765
1777
1514
1830
1348
1799
1953
1905
2203
2303
2405
2468
2605
2535
2791
2999
2877
2907
2877
2813
2769
2838
2781
2220
2791
2813
2703
2415
2685
2689
2625
2595
2593
2512
2477
2208
1981
2059
1952
1973
1863
1893
1908
1905
1841
1785
1738
1767
1633
1737
1743
1774
1781
1760
1781
1558
1948
1887
2069
2262
2396
2372
2581
2666
2705
2853
2951
2872
2704
2860
2847
2807
2823
2815
2717
2751
2655
2757
2649
2743
2715
2655
1991
2597
2147
2421
2149
2039
2013
2049
1430
1727
1945
2063
1791
1753
1555
1829
1751
1407
1713
1636
1735
1683
1807
1762
1875
1917
2023
2142
2293
1815
2497
1991
2679
2705
2965
2929
2892
2877
2829
2575
2805
2804
2775
2895
2757
2749
2761
2719
2717
2653
2655
2605
2703
2485
2475
2135
1871
1995
1969
1864
1853
1990
1823
1903
1799
1741
1703
1813
1681
1733
1804
1757
1719
1787
1804
1813
1980
2164
2237
2345
2462
2581
2605
2831
2759
3009
2925
2751
2768
2877
2855
2859
2833
2778
2787
2791
2757
2757
2725
2745
2693
2591
2609
1959
2504
2185
2135
2057
2021
1924
1925
1874
1927
1821
1861
1779
1750
1640
1719
1765
1809
1791
1821
1681
1745
1823
1904
1969
2125
2151
2321
2575
2629
2637
2708
2960
2971
2917
2885
2223
2788
2837
2837
2770
2807
2892
2783
2727
2679
2733
2451
2660
2605
2632
2399
2320
2151
1875
1958
1993
1941
1901
1743
1935
1833
1712
1755
1695
1759
1805
1796
1747
1721
1793
1592
1829
1872
1927
2012
2187
2239
2391
2481
2609
2661
2660
2802
2877
2865
2431
2798
2781
2777
2833
2761
2757
2786
2709
2721
2573
2727
2697
2659
2589
2255
2413
2316
2109
2010
2001
1971
1887
1887
1587
1965
1787
1809
1769
1813
1813
1705
1615
1750
1445
1279
1701
1729
1906
1460
2077
1935
2172
2273
2531
2643
2661
2676
2741
3017
2950
2903
2854
2853
2833
2821
2801
2781
2813
2771
2852
2713
2300
2763
2748
2087
2709
2629
2659
2513
2697
2581
2686
2669
2581
2299
2211
2553
2381
2551
2499
2538
2519
2221
2259
2513
2175
2449
2527
2524
2525
2628
2513
2485
2554
2469
2588
2508
2425
2500
2471
2437
2493
2269
2465
2429
2482
2453
2484
2493
2084
2469
2489
2213
