2853
2836
2845
2628
2836
2819
2895
2829
2848
2708
2897
2815
2351
2857
2892
2140
2837
2881
2355
2883
2877
2885
2851
2728
2870
2540
2783
2917
2864
2339
2837
2896
2855
2883
2863
2263
2893
2847
2946
2932
2995
3013
3044
2975
2881
2935
2843
2543
2085
2111
2109
2125
1931
1921
1832
1987
1763
1999
1886
1876
1887
1927
1891
1861
1821
1905
1825
1941
1989
1975
2039
2113
2257
2363
2571
2783
2751
2917
3013
2895
3099
3154
2735
3268
3053
3007
3028
3016
2967
2935
2955
2940
2986
2947
2883
2805
2363
2097
2021
2063
1772
1972
1444
1965
1913
1915
1941
1444
1860
1915
1873
1907
1895
1727
1861
2031
1911
1941
2021
2053
2139
2196
2284
2397
2687
2804
2921
2980
2487
3146
3087
3043
3098
3023
3039
2775
3031
3076
2959
3021
2940
3025
2976
2865
2133
2665
2169
2033
1688
2043
2143
2069
1855
1938
1885
1951
1959
1925
1881
1909
1745
1901
1791
1809
1869
1805
1896
1809
1925
1919
2085
2231
2357
1895
2697
2775
2465
2292
3183
3172
3095
3053
3092
3184
3112
2953
3061
3030
2549
2967
2957
2933
2905
2183
2789
2783
2161
2044
2057
2109
2141
2079
1989
1855
1861
1604
1452
1841
1929
1705
1905
1863
1472
1855
1812
1805
1356
2004
1965
2087
2071
2273
2429
2423
2581
2717
2258
2893
3089
3108
3145
2975
3133
3083
2847
3100
2897
3061
2957
2835
3029
2944
2972
2973
2948
2781
2345
2113
1667
1552
1551
2103
1967
1416
1712
1905
1847
1947
1844
1879
1805
1906
1852
1396
1904
1747
1875
1756
1583
2039
2068
2147
1817
2259
2563
2870
2847
2483
3109
3302
3157
3065
3111
3125
3121
3052
2996
3053
2244
3040
3047
3017
2973
2991
2483
2532
2360
1520
1501
2073
2149
2148
2079
1412
1860
1941
1919
1945
1863
1811
1809
1777
1777
1523
1879
1857
1847
1815
1815
1949
2005
1967
2225
2373
2501
2695
2822
2960
2973
3236
3146
2975
3101
2542
3025
3095
3049
2975
3013
3000
2791
3010
2999
2981
2899
2119
2775
2159
1744
2162
2123
1831
1799
2045
1791
1743
1887
1823
1814
1804
1866
1827
1791
1800
1773
1895
1869
1372
1479
1987
1965
2133
2258
2367
2551
2653
2823
2916
3037
3240
3047
3092
3009
3115
2975
3148
3027
3013
2671
3061
2989
3043
2933
2915
2877
2262
2440
2089
2091
2097
1983
1747
2004
1791
1823
1956
1941
1957
1876
1823
1876
1873
1843
1857
1788
1872
1781
1936
1905
2053
2114
2125
2211
2333
2495
2709
2636
2419
2980
3165
3137
3180
3103
3087
3077
2984
3081
3007
3047
3003
3061
3017
3069
2963
2881
2807
2681
2055
2079
2181
2080
2137
2004
1851
1791
1943
1817
1941
1813
1788
1891
1889
1843
1825
1813
1885
1805
1799
1873
1907
2009
2094
2239
2228
2557
2748
2866
2875
3063
3265
2624
3137
3078
3063
3045
3009
3025
3031
2999
2896
3013
3117
2941
2929
2959
2725
2313
2117
2176
2053
2021
2023
1928
1869
1900
1923
1900
2029
1831
1917
1863
1905
1829
1859
1808
1855
1473
1777
1663
2015
2071
2103
2207
2387
2500
2735
2830
2865
3025
2893
3127
3025
2996
3069
2661
3079
3186
3087
3045
2983
3037
3028
3005
2925
2849
2351
2869
2319
2445
2740
2882
2855
2721
2805
2685
2737
2257
2643
2517
2569
2524
2448
2391
2439
2415
2337
2385
2285
2216
2173
2229
1836
2141
2157
2132
2012
1726
2149
2108
2180
2137
2188
1893
2143
2147
2135
2175
2122
2119
2133
1777
2131
1935
2116
2154
2105
2140
2071
2180
2178
