2685
2698
2483
2735
2645
2680
2679
2655
2629
2589
2545
2693
2727
2697
1996
2655
2529
2613
2700
2661
2643
2685
2668
2591
2613
2211
2613
2549
2621
2675
2351
1967
2639
2323
2687
2645
2827
2688
2701
2723
2799
2789
2737
2839
2751
2596
2685
2669
2669
2583
2197
1763
2087
2015
2065
1960
1819
1877
1825
1511
1851
1885
1487
1635
1797
1815
1844
1860
1909
1877
2012
2024
2079
2237
2309
2525
2663
2257
2804
2827
2285
3027
3027
3012
3013
2891
2981
2917
2797
2915
2833
2909
2780
2776
2799
2807
2734
2055
2685
2673
2222
2101
2063
2007
2045
1751
1829
1903
1795
1849
1332
1828
1507
1791
1791
1997
1871
1809
1765
1855
1845
1855
1937
2037
1693
2303
2157
2651
2684
2781
2901
3019
2951
2961
2277
2943
2956
2957
3084
2895
2933
2835
2885
2864
2829
2804
2837
2795
2561
2673
2369
2199
2121
1583
2039
1668
1517
1480
1859
1799
1775
1767
1787
1869
1757
1743
1780
1823
1828
1789
1860
1847
1895
1943
2139
2213
2375
2485
2728
2893
2871
2875
3045
2971
2963
2993
2256
2981
2877
2903
2854
2916
2909
2861
2783
2841
2285
2789
2723
2649
2441
2231
2141
2065
2045
2001
1943
1901
1712
1701
1384
1780
1867
1789
1755
1755
1831
1887
1956
1781
1717
1905
1960
1969
2114
2100
2241
2071
2637
2731
2783
2303
3085
3037
2963
2949
2575
2941
2948
2487
2893
2189
3023
2940
2839
2823
2832
2815
2775
2639
2673
2663
2405
2260
2118
2077
2055
1884
2007
1509
1943
1901
1845
1729
1821
1348
1773
1446
1777
1759
1847
1823
1879
1879
1943
2017
2111
2256
2500
2621
2749
2736
2790
2319
2311
3015
2953
2961
2295
2884
2964
2351
2927
2909
2852
2915
2972
2837
2804
2791
2576
2655
2647
2154
2055
2021
1965
1971
1857
1909
1890
1909
1783
1463
1935
1857
1773
1737
1727
1383
1809
1854
1887
1842
1892
2097
2139
2260
2439
2463
2707
2815
2837
2965
3036
2953
2983
3015
2971
2971
2901
2907
2869
2877
2909
2885
2800
2868
2839
2775
2781
2629
2500
2100
1911
2081
2059
2001
1809
1801
1608
1825
1767
1571
1837
1900
1407
1783
1735
1753
1744
1839
1743
1798
1868
1651
1543
2161
2423
2547
2699
2789
2453
2973
3083
2949
2938
2982
2887
3001
3046
2959
2877
2876
2893
2887
2829
2791
2929
2148
2739
2717
2567
2229
1969
2021
2025
2021
2025
1843
1872
1941
1861
1356
1655
1789
1839
1767
1714
1772
1797
1783
1619
1999
1955
1999
2123
2099
2120
1927
2351
2780
2839
2216
3114
3029
2975
2881
2843
2989
2899
2943
2955
2893
2427
2881
2954
2845
2853
2812
2803
2653
2653
1717
2117
2022
2069
1927
1931
1943
1905
1999
1767
1825
1753
1819
1789
1664
1655
1785
1805
1797
1349
1921
1929
1989
2157
1644
2343
2404
2673
2789
2741
2888
3140
3084
3042
2953
2963
2981
2867
2668
2885
2916
2821
2869
2269
2551
2815
2769
2691
2733
2119
2288
2107
2037
2005
2023
2004
1511
1883
1867
1383
1797
1799
1861
1804
1513
1735
1804
1845
1719
1615
1799
1847
1997
2063
2203
2371
2535
2667
2636
2789
2867
3113
2969
3021
2916
2935
2972
2977
2973
3012
2894
2885
2901
2279
2805
2815
2589
2773
2845
2833
2715
2797
2563
2303
2765
2771
2685
2721
2649
2576
2629
2679
2519
2533
2621
2295
2525
2605
2597
2556
2563
2589
2690
2513
2501
2567
2581
2505
2639
2065
2420
2545
2495
2029
2527
2671
2524
2548
2469
2512
2553
2515
1991
2509
2527
2420
2468
