1993
1939
1985
1965
1984
1492
1929
1927
1960
1699
1989
2044
1982
1937
1969
1807
1953
2047
1944
1887
1971
1860
1951
2001
1944
1973
1941
2063
1981
1973
1911
1967
2047
1692
1986
1988
1988
1936
1940
2001
1953
1953
1989
1980
1974
2017
2005
2078
2131
2077
2108
2149
2197
1773
2105
2070
1941
1887
1893
1821
1789
1845
1773
1351
1765
1829
1813
1749
1724
1799
1727
1805
1699
1780
1747
1789
1596
1774
1805
1900
2012
2120
2004
2137
2293
2041
2271
2349
2326
2303
2303
2209
2197
2121
2231
2227
2207
2159
2263
1875
2199
2245
2193
2203
2149
2101
2016
1441
1809
1809
1853
1764
1827
1789
1828
1821
1839
1725
1757
1705
1785
1791
1732
1696
1769
1775
1717
1785
1783
1923
2007
2076
2073
2149
2244
2321
2300
2317
2301
2231
2373
1899
2237
2169
1767
2199
2169
1813
1639
2225
1719
2199
2215
2182
2252
2089
2021
1887
1781
1848
1821
1751
1745
1745
1791
1751
1751
1761
1735
1789
1533
1685
1695
1713
1713
1757
1759
1717
1773
1927
2033
1983
2162
2138
2177
2335
2281
2303
1965
2241
2161
2225
2199
2211
2157
1957
2165
2209
1839
2248
2161
2089
2214
2132
2133
2015
1932
1840
1887
1825
1847
1752
1737
1791
1791
1761
1749
1695
1694
1687
1391
1765
1781
1334
1759
1787
1571
1781
1427
1951
1607
2181
2255
2169
2147
2289
2295
2257
2277
2336
2245
1772
2219
2035
2195
2192
2174
2141
2026
2199
2181
2181
2173
2175
2183
2017
2001
1905
1855
1992
1767
1791
1697
1391
1733
1697
1721
1744
1807
1677
1773
1415
1751
1774
1781
1779
1757
1749
1789
1982
2079
2113
2101
2214
2096
1861
2325
2245
2248
1724
2237
2055
1712
2204
2165
2181
2183
2145
2166
2193
2151
2177
2140
2159
2129
2071
1989
1840
1872
1819
1827
1797
1332
1804
1789
1871
1701
1644
1815
1681
1856
1669
1399
1697
1724
1804
1761
1324
1857
1939
2100
2120
2087
2165
2261
2261
2245
2287
2225
2143
1859
1701
2211
2193
2139
2199
1709
2111
1843
2193
1623
2137
2161
2181
2125
2077
1989
1873
1677
1559
1741
1663
1765
1726
1407
1673
1773
1781
1727
1332
1768
1733
1759
1746
1670
1777
1777
1761
1865
1905
2079
1765
2147
2276
2300
2284
2325
2214
2111
2245
2240
2217
2143
2196
2165
2145
2129
2137
2175
2181
2159
2169
2175
2220
1804
2053
1927
1845
1781
1717
1763
1783
1713
1797
1675
1731
1697
1751
1735
1706
1313
1631
1407
1727
1672
1685
1747
1836
1847
1962
1779
2149
2065
2084
2239
2317
2293
2301
2253
2237
2215
2060
2194
2149
2008
2115
2187
2161
2055
2159
2228
2092
2195
2133
2143
1775
1941
1910
1765
1820
1729
1721
1789
1782
1757
1808
1759
1751
1767
1765
1757
1725
1764
1702
1731
1488
1680
1829
1881
1945
2071
2157
2091
2153
2193
2332
2277
1781
2221
2217
2231
2183
2153
2129
2148
2140
2143
2167
2064
2161
2183
2179
2129
1640
2147
1987
1939
1837
1812
1413
1757
1807
1612
1767
1771
1745
1685
1549
1741
1693
1668
1753
1652
1663
1455
1564
1783
1845
1861
1919
2045
2115
2157
2163
1837
2259
1975
2222
2239
2177
1975
2187
2151
2157
2143
2128
2127
2089
2133
2079
2093
2037
2061
2108
2091
2095
2057
2045
2081
1983
2027
2045
2071
2020
2037
2065
1936
2037
2061
1975
2044
2077
2063
1757
1573
1921
2002
1919
2015
2065
1767
2031
2073
2051
1983
2001
2053
2065
1981
1859
2061
1553
2045
1561
1880
2061
2057
2033
1607
1975
