2469
2429
2463
2407
2349
2443
2419
2490
2421
2493
2449
2449
2492
1876
2463
2429
2319
2485
2425
2444
2484
2404
2487
2425
2477
2436
2409
2513
2451
2469
2457
2491
2175
2036
2491
2316
2511
2528
2571
2665
2655
2735
2732
2512
2655
2805
2781
2731
2435
2509
2379
2351
2327
2279
1891
2201
2285
2304
2145
1949
2147
2181
2139
2131
2007
2165
2196
2205
2271
2292
1967
2476
2037
2452
2653
2541
2865
3037
2933
3019
2999
2983
2929
2847
2867
2864
2880
2779
2848
2445
2803
2830
2833
2679
2774
2797
2552
2733
2488
2449
2407
2347
2285
2287
2253
2230
2235
1709
2205
2180
2081
2159
2248
2165
2108
2180
2189
2181
2151
2237
2083
2385
2500
2545
2727
2725
2898
3061
2967
2929
2999
2933
2903
2870
2798
2860
2837
2409
2830
2847
2755
2803
2770
2831
2755
2588
2684
2661
2546
2359
2329
2301
2277
2223
2157
2244
2027
2179
2151
2161
2161
2135
1765
1996
2105
2116
2181
2111
1967
1701
2325
2405
2131
1988
2825
2783
2900
2303
3001
2931
2900
2941
2359
2869
2781
2375
2791
2839
2835
2805
2725
2801
2571
2831
2761
2790
2739
2677
2491
2061
1968
2167
2301
1701
2221
2180
2141
2217
2149
2103
2061
2053
2117
1600
2133
2023
2015
2097
2185
1957
2165
2377
2453
2621
2647
2807
2925
2957
3003
2940
2877
2595
2887
2815
2765
2859
2759
2725
2725
2623
2729
2895
2269
2771
2741
2753
2717
2451
2537
2341
2319
2343
2271
2226
1743
2213
2143
2117
2151
2085
2096
2125
2047
1971
2071
2083
2037
2151
2237
2285
2355
2353
2549
2579
2783
2729
2869
3005
2975
2920
2957
2909
2827
2529
2775
2845
2815
2575
2765
2263
2741
2725
2707
2711
2725
2277
2447
2545
2335
2349
2301
2204
2257
2140
2089
2149
1791
2163
2141
1607
2061
2069
2051
2083
2107
2113
2147
2177
2302
2276
2349
2421
2536
2647
2769
2748
2327
2948
2411
2885
2569
2867
2877
2795
2837
2795
2319
2797
2727
2773
2692
2765
2717
2721
2708
2676
2275
2615
1839
1903
2309
2271
2229
2197
1783
2101
2165
2191
2105
2109
2091
2053
2109
1908
2077
2085
2076
2087
2293
2245
2375
2417
2549
2643
2741
2777
2751
2953
2933
2868
2886
2845
2823
2633
2156
2197
2297
2396
2797
2751
2705
2767
2311
2781
2687
2693
2705
2312
2389
2283
2308
1781
2241
2077
2113
2111
2129
2129
2108
2061
2033
2091
2109
2093
1775
2016
2111
1692
2247
2340
2303
2013
2396
2652
2692
2727
2967
2915
2909
2853
2857
2900
2861
2953
2537
2737
2700
2741
2723
2685
2140
2780
2589
2745
2727
2684
2645
2542
2415
2311
2257
2257
2213
2169
2116
1935
2065
2074
2089
2023
2068
2017
2128
2057
2082
2061
2119
2239
2207
2292
1928
2509
2553
2621
2212
2705
2503
2892
3022
2703
2879
2847
2856
2747
2761
2741
2689
2739
2731
2741
2247
2717
2677
2676
2711
2699
2023
2485
2399
2327
2279
2245
2195
2188
2117
2113
1856
2021
2079
2106
2084
2039
2065
2083
2053
2186
2161
1637
2217
2271
2391
2071
2541
2761
2711
2781
2965
2943
2937
2777
2885
2829
2825
2485
2621
2689
2749
2659
2371
2689
2629
2657
2625
2665
2679
2669
2623
2645
2673
2652
2661
2591
2307
2603
2645
2175
2581
2625
2597
2535
2593
2613
2559
2589
2654
2541
2625
2603
2623
2580
2551
2666
2556
1975
2537
2579
2547
2613
2624
2295
2557
2551
2613
2577
2597
2533
2621
2589
2493
2671
2576
2561
2533
2026
2609
2523
2519
2465
2519
2535
