1717
1607
2151
1791
2159
1807
2125
2153
2161
2114
2180
2175
2129
2181
2176
1972
2180
2004
2151
2173
2271
2179
1693
2167
2120
2173
1703
2151
2096
2161
2055
2113
2123
1783
2135
2129
2213
2281
2309
2365
2375
2428
2385
2423
2361
1989
2372
1757
1791
2055
2100
1887
1971
1959
1949
1941
1924
1809
1895
1853
1785
1917
1853
1783
1743
1683
1921
1821
1709
1901
1973
2131
2287
2421
2435
2533
2732
2629
2615
2637
2620
2253
2567
2501
2439
2447
2503
2487
2468
2469
2384
1992
2484
2469
2407
2387
2159
2197
2083
1989
1965
1955
1957
1944
1925
1836
1775
1801
1781
1833
1777
1847
1837
1704
1879
1825
1834
1874
1881
1905
1747
2119
2256
2341
2461
2493
2717
2695
2600
2299
2501
2481
2517
2525
2491
1959
2455
2485
2485
2431
1929
2452
2472
2397
2369
2364
2309
1787
2025
1951
1937
1453
1940
1877
1909
1751
1844
1825
1831
1845
1791
1861
1845
1831
1835
1791
1781
1901
1965
1911
1637
2121
2356
2212
2445
2135
2629
2690
2583
2565
2340
2543
2437
2510
2491
2421
2540
2407
2455
2455
2451
2384
2504
2423
2372
2359
2267
2081
1965
1985
1862
1797
1937
1797
1829
1727
1865
1840
1700
1783
1801
1729
1789
1841
1804
1799
1773
1849
1947
2007
2091
2221
2379
2313
2423
2553
2639
2581
2527
2595
2481
2469
2429
2421
2467
2511
2287
2449
2039
2391
2436
2361
1841
1881
2365
2301
2187
2015
1959
1757
1873
1923
1909
1860
1631
1737
1501
1751
1845
1789
1719
1733
1735
1850
1857
1861
1764
1993
1936
1929
2223
2257
2308
2449
2341
2652
2551
2615
2618
2195
2541
2463
2435
1924
2405
2255
2391
2409
2397
2452
2455
2389
2407
2411
2389
1847
2213
2021
1988
1959
1845
1925
1749
1789
1867
1704
1364
1789
1815
1799
1871
1821
1500
1777
1903
1849
1895
1901
1900
2057
1740
2229
2337
2397
2367
2647
2557
2597
2006
2481
2541
2469
2466
2409
2467
2429
2371
2396
2405
2448
2453
2367
2348
2271
2380
2175
2087
2037
1931
1823
1795
1819
1813
1783
1759
1556
1935
1707
1699
1751
1739
1845
1696
1762
1791
1571
1807
1952
2005
2073
2143
2328
2373
2441
2501
2617
2465
2640
2493
2496
2524
2481
2467
2481
2397
2409
2437
2359
2389
2437
2385
2434
2383
2331
2239
2236
2095
2001
1981
1911
1571
1845
1764
1789
1749
1781
1884
1831
1829
1732
1803
1759
1732
1836
1615
1687
1861
1853
1942
2093
2139
1919
2419
2397
2633
2303
2585
2583
2483
2537
2399
2455
2446
2124
2439
2391
2273
2368
2377
2397
2507
2444
2448
2345
2239
2148
2017
2005
1953
1945
1893
1813
1789
1857
1849
1701
1831
1787
1713
1820
1621
1681
1815
1356
1841
1350
1885
1823
1991
2019
1987
2303
2417
2439
2615
2643
2515
2589
1992
2525
2505
2481
2457
2445
2345
2412
2364
2371
2377
2391
2303
2428
2316
2386
2263
1875
2027
1825
1972
1893
1791
1853
1852
1748
1409
1708
1815
1507
1383
1871
1699
1683
1719
1821
1523
1860
1893
1833
1943
2160
2241
2387
2372
2392
2609
2191
2240
2559
2501
2519
2324
2423
2195
2385
2325
2381
1889
1877
2313
2269
2325
1959
2277
2301
2332
2321
2301
2276
2337
2311
2239
2295
2303
2256
2315
2302
2249
2239
2261
2185
2071
1919
2293
2179
2261
1732
2225
2213
2368
2250
1769
2269
2246
2256
2200
2213
1831
2239
2243
2272
1695
2043
2271
2207
2247
2195
2189
2257
2205
1695
2235
2256
2233
2241
2245
2229
2244
2165
2231
2230
