1991
2703
2385
2483
2653
2685
2079
2631
2061
2625
2679
2537
2291
2669
2637
2495
2631
2641
2673
2676
2677
2303
2679
2647
2666
2655
2675
2015
2621
2629
2197
2663
2636
2644
2705
2697
2757
2719
2839
2757
2805
2807
2617
2765
2597
2695
2660
2239
1823
1972
2124
1979
1601
1905
1901
1883
1821
1845
1279
1663
1777
1813
1815
1960
1844
1844
1861
2004
1992
2079
2128
2244
2285
2423
2553
2684
2467
2413
2980
2897
2897
2428
2899
2911
2909
2855
2893
2821
2687
2845
2563
2839
2085
2623
2863
2609
2084
1989
1776
1864
1964
1897
1823
1893
1865
1815
1808
1767
1357
1785
1753
1775
1838
1861
1851
1877
1943
1971
2020
2073
2161
2274
2291
2445
2647
2733
2757
2855
3071
2911
2827
2913
2879
2889
2719
2896
2773
2741
2836
2803
2447
2781
2745
2773
2669
2533
2039
2003
2021
2019
1951
1431
1935
1791
1798
1875
1908
1783
1967
1753
1663
1713
1797
1863
1737
1908
1885
1969
2087
2135
2133
2319
2208
2469
2432
2068
2751
2913
2899
2909
2869
2869
2821
2679
2857
2792
2775
2847
2811
2556
2807
2826
2765
2689
2632
2455
1968
1991
1965
1975
1985
1999
1882
1819
1853
1793
1815
1769
1789
1487
1813
1802
1727
1857
1824
1853
1872
1699
2021
2047
2061
2193
2271
1733
2493
2525
2698
2839
2997
2975
2901
2948
2811
2885
2132
2815
2833
2872
2787
2199
2547
2791
2790
2084
2717
2175
2022
1869
1909
1842
2025
1663
1909
1861
1752
1340
1781
1783
1399
1744
1648
1791
1725
1732
1381
1779
1935
1877
1999
2035
2093
2244
2237
2261
2486
2583
2577
2781
2917
2924
2911
2935
2879
2884
2815
2927
2815
2869
2834
2781
2790
2928
2781
2056
2679
2613
2210
2005
1965
1972
1957
1952
1964
1887
1972
1845
1749
1745
1789
1727
1784
1723
1791
1795
1709
1777
1891
1933
1560
2079
2115
2217
2245
2357
2140
2711
2341
2867
2926
2931
2865
2885
2844
2889
2855
2821
2796
2689
2761
2785
2732
2736
2789
2679
2612
2429
1941
1925
1941
1860
1953
1927
1905
1753
1797
1728
1813
1813
1783
1687
1752
1571
1781
1749
1871
1799
1801
1936
1396
2007
2117
2177
2249
2269
2461
2596
2673
2781
2949
2224
2909
2868
2833
2135
2825
2822
2837
2595
2871
2721
2719
2673
2821
2759
2645
2557
2251
1452
1492
1892
1875
1962
1777
1829
1819
1749
1809
1793
1721
1651
1408
1744
1693
1815
1679
1759
1919
1989
2019
2069
2135
2173
1983
2289
2392
2611
2727
2517
2499
2881
2939
2311
2663
2874
2835
2853
2649
2815
2868
2725
2689
2747
2373
2695
1964
2563
2036
2015
2007
1983
1972
1881
1881
1727
1813
1755
1757
1391
1685
1803
1767
1673
1729
1887
1745
1759
1781
1879
1889
1663
1917
2165
2225
2335
2543
2589
2719
2869
2643
2909
2925
2893
2260
2836
2937
2255
2284
2805
2445
2707
2789
2569
2751
2749
2661
2223
2001
1989
1927
1927
1959
1933
1855
1791
1803
1791
1748
1271
1491
1685
1640
1740
1695
1781
1725
1763
1843
1502
1975
2084
2041
2157
2308
2266
2526
2689
2325
2881
3013
2783
2897
2833
2744
2833
2467
2833
2805
2789
2759
2781
2733
2600
2096
2745
2665
2653
2609
2686
2697
2628
2613
2545
2463
2614
2439
2477
2417
2461
2441
2277
2274
2247
2152
2163
1933
1676
2255
2189
1711
2109
2183
2173
2165
2155
1915
2084
2192
2188
2139
2097
2063
2175
2069
2131
2145
2139
2068
2153
2135
2092
2061
2004
2117
2141
2069
2129
2059
2097
2135
1919
