2901
2835
2913
2917
2855
2932
2911
2921
2917
2867
2277
3018
2911
2941
2435
2853
2935
2845
2716
2900
2151
2939
2547
2877
2863
2847
2835
2415
2929
2840
2935
3028
2837
2177
2871
2877
2957
3030
3007
3032
3029
2671
2981
2901
2176
2764
2403
2229
1993
2243
2093
2123
2092
2104
2112
2055
2101
1671
2073
2145
2131
2015
2041
2072
1779
2101
1983
2159
2120
1668
2234
2356
2136
2449
2565
2353
2949
3028
2997
3137
3315
2537
3279
3039
3213
3111
3085
3151
3125
3147
3140
3091
3095
3119
3012
2756
2815
2181
1919
2252
2340
2247
1987
2085
2015
2084
2143
2117
2056
2065
1516
2100
1551
2059
1872
2053
1945
1743
1977
1728
2097
2079
2221
2260
2498
2645
2879
2963
2980
3029
3307
3147
3181
2381
2653
3000
3092
3120
3019
3137
3049
3017
2929
2455
2943
2867
2897
2561
2164
2095
2221
2165
2021
1775
2103
2137
1527
2141
2041
2077
2103
2092
1932
2069
1446
1975
1988
2057
1983
2059
2183
1764
2281
2305
2483
2735
2792
2885
2963
2644
2359
3197
3255
2358
2446
3140
3065
2789
3095
3123
3081
3089
3062
2975
2813
2911
2311
2637
2470
2184
2097
2257
1911
2134
2207
2103
2094
2133
2068
2128
1492
2053
2007
2035
1985
1912
1616
2084
2103
1993
2056
2205
2205
2273
2311
2492
2623
2495
3038
3136
3051
3181
3220
3164
3065
2625
3070
3119
3093
2549
3063
3100
3063
3051
3083
3013
2894
2657
2727
2207
2143
2187
2233
1985
2003
1895
2070
2097
2076
2109
1789
2073
2021
1989
2019
1975
1948
2013
2047
1871
2020
2156
2165
2327
2383
2463
2699
2499
2937
3031
2928
3145
3233
3101
2647
3169
2420
3162
3085
3037
3039
3083
3119
3105
3085
2856
2956
2639
2397
2125
2253
1655
2372
2189
2188
2093
2068
2115
2035
2101
2018
2037
1447
2005
1957
1877
2057
1827
1969
1663
2096
2023
2051
2213
1999
2333
2487
2630
2371
2919
3093
3061
2412
3279
3173
2771
3156
3113
3056
3254
3156
2703
3133
3027
3040
3183
3049
2967
2851
2539
2079
1612
2221
2133
2205
1977
1975
2036
1891
2037
2137
2013
2094
2005
2210
2031
2056
2055
1975
2037
2064
1731
2100
2033
2175
2325
2437
2608
2431
2855
2963
2965
3069
3032
2535
3089
2444
3172
3069
3087
3159
2509
2909
3061
3117
3079
3004
2956
3011
2930
2839
2450
2071
2161
2195
2215
2059
1987
1983
2091
1847
2021
1983
2101
2031
2055
2057
2015
2015
2056
2015
2047
2001
2037
2133
2125
2133
2031
2357
2535
2692
2791
3151
2927
3099
3209
3161
3145
3181
3215
3172
2983
3145
3069
3028
3063
3125
3047
3019
2997
2949
2907
2693
2207
1655
2181
2189
2205
2082
2044
2079
2087
2103
2036
2007
2065
2053
2017
2055
2067
1977
1740
2023
2037
1951
2125
2124
2183
2301
2399
2179
2644
2947
2977
3015
2981
3149
3196
2879
3087
3161
3027
3127
3116
2767
3029
3127
3183
3037
3108
2971
3088
2836
2595
2175
2216
2247
1728
2109
1955
1983
2053
2103
2015
2035
2077
2047
1973
1969
1973
2075
1839
1993
1990
1919
1987
2100
2081
2207
2271
2507
2633
2191
2959
2903
3029
2785
3316
2687
3169
3163
3111
3063
3063
3059
3121
2879
3109
3101
3021
2851
3085
2949
2767
2969
2979
3004
2943
2832
2881
2854
2861
2841
2805
2759
2788
2635
2735
1925
2607
2513
2108
2013
2476
2469
2255
2449
2455
2219
2439
2431
2435
2449
2405
2453
2435
2379
2419
2390
2431
2452
2344
2375
2573
2407
2239
2409
2399
2437
2252
