2949
2901
2919
2899
2901
2947
2955
2581
2957
2877
2896
2749
2899
2900
3039
2927
2892
2901
3023
2938
2898
2930
2933
2965
2529
2925
2961
2471
2961
3044
2925
2969
2893
2888
2879
2198
2399
2992
2917
2981
2525
3049
3087
2549
2997
2961
2987
2949
2789
2228
2057
2101
1620
2071
1699
2101
2105
1779
2057
2135
2123
2093
2029
2107
2091
2019
2005
1983
2039
1775
2083
2095
1791
2185
1703
2519
2732
2867
2911
2918
3069
3122
3285
2327
3156
3151
3047
3071
3140
3232
3054
3111
3115
3103
3093
3062
2965
2847
2661
2057
2101
2197
2245
2166
2164
2065
2203
2047
1788
2072
2087
2081
2101
2101
1987
2065
2069
1827
1492
2061
2041
2068
1855
2145
2277
2324
2421
2627
2769
2967
3061
3067
3115
3255
3143
3118
3117
2620
3134
3037
3228
3083
3139
2995
3033
2965
2951
2897
2649
2173
2135
2207
2256
2147
1954
1717
1997
2180
2141
2196
2053
1951
2047
1919
2042
1839
1943
1780
1956
1803
1957
2071
2103
2065
2225
2326
2163
2495
2757
2772
3017
3045
3181
3105
3122
2449
3098
2979
2579
3039
2771
2499
3085
2755
3100
3126
3017
3009
2870
2303
2131
1771
1997
2186
2113
1963
2029
2071
2097
2099
2003
2069
2113
2029
1908
2095
2004
1993
1941
1809
2036
2047
2003
2013
1511
2103
2413
2385
2303
2765
2851
2260
3039
2311
3255
3260
3147
3109
3085
3113
3067
2579
3055
3065
3045
3020
2975
2954
2933
2817
2171
2111
1559
2185
1933
1679
1983
2053
2077
2007
2004
2085
2058
1988
2039
2127
2033
2006
1748
2019
1647
1855
2003
2055
2036
2039
2189
2113
2351
2532
2553
2023
2917
3167
2835
3085
3294
3079
3188
3084
3052
3097
3108
3097
3109
3029
3252
3005
2912
2997
2996
2821
2253
2093
2108
2133
2167
1925
2037
1981
1524
2069
1880
2013
2047
2095
2055
1949
2033
2004
2000
1951
1951
1455
2085
2087
2071
2099
2186
2130
2431
2643
2165
3027
3103
3029
2971
3233
3019
3191
3101
3119
3162
3053
3021
3117
2659
3049
3045
3039
2431
2879
2500
2293
2045
2125
2177
1671
2029
1876
2048
2191
2055
2009
2017
2078
2021
2031
2017
2007
1472
1933
1825
1827
2007
1971
2028
2207
2142
1815
2285
2583
2655
2829
2228
3063
2703
3085
3153
3145
2611
3089
3071
3026
2703
3067
3111
3015
3068
3099
2780
2943
2869
2837
2329
2005
2111
2133
2160
2037
1951
1983
1764
2059
2017
1973
1957
1472
1933
2025
1936
2020
1957
1913
2029
1955
2055
2118
1644
2245
2219
2087
2525
2355
2821
3077
3021
3067
3167
3261
3104
3069
3126
3036
3144
3111
3049
3113
3065
3020
3061
2519
3164
2819
2605
2105
2133
2161
2177
2045
2120
2045
2058
2005
1985
1972
2047
2037
1991
2015
1956
2007
1917
1949
1989
2031
1933
2108
2029
2149
2173
2239
1968
2525
2757
2401
3097
3037
3136
3197
2407
3033
3143
3135
2300
2431
3026
2675
3031
3085
2731
3061
2956
2993
2867
2325
1923
2079
2133
2220
2057
2031
2043
2055
2068
2159
2019
2047
2128
1977
1980
1925
1872
1925
1855
2010
1711
2005
1593
2111
2149
2271
2399
2589
2693
2845
2981
3105
3111
3083
3268
3091
2965
3095
2503
3053
2279
3056
3007
2981
3035
3215
2957
3020
2989
2916
2988
2957
2903
2735
2853
2829
2759
2765
2769
2768
2711
2627
2087
2597
2517
2487
2260
2399
2342
2270
2229
2103
2189
2287
2101
2191
2196
2141
2179
2107
2001
2124
2276
2161
2147
1607
2101
2001
2098
1853
2055
2116
2207
2077
