2769
2785
2823
2773
2773
2793
2781
2765
2771
2751
2116
2805
2833
2807
2628
2676
2802
2279
2765
2689
2777
2705
2660
2880
2723
2759
2813
2747
2736
2743
2834
2805
2815
2191
2863
2954
2939
2230
2917
2421
2884
2809
2814
2715
2416
2301
2116
2261
2231
2212
2122
2090
2129
1928
1765
1973
2021
2058
1928
1975
1949
2023
2037
2039
2097
1805
2229
2280
2429
2574
2641
2725
2923
2416
3068
2758
3029
3055
3124
3061
3167
2734
2969
2937
2965
3031
2995
2923
2751
2963
2252
2921
2837
2789
2677
2420
2271
2173
2205
1700
2091
2101
2041
2125
2113
2064
1871
1996
1986
2070
1988
2037
2060
2015
2021
1767
2109
2156
2285
2445
2631
2689
2809
2925
3087
3162
3164
3137
3037
3021
3023
3066
2957
2939
2755
3015
2989
2877
2969
2991
2942
2869
2953
2853
2193
2543
2321
2237
2257
2220
2193
2093
2149
2115
2125
2099
2077
2013
2039
2016
2037
2106
2049
2159
2071
2113
2075
2245
1671
2345
2555
2628
2797
2803
2948
3029
3117
3129
3007
3111
3047
3077
2939
3031
2960
2832
2915
2927
2921
2868
2967
2940
2849
2197
2801
2605
2343
2063
2245
2288
2168
2197
2282
2059
2119
2129
2097
2064
2071
2119
2191
2068
1604
2077
2047
2127
2191
2061
1605
2303
1749
2531
2580
2608
2857
2469
3013
3269
3095
3107
3061
3108
2988
3053
3047
2717
2901
3020
2939
2989
2684
2940
2871
2154
2850
2823
1957
2359
2248
2244
1639
2190
1607
1991
1819
2039
2154
2039
1541
2021
2081
1511
2077
1517
2073
1763
2101
2164
2141
2189
2327
2481
2339
2697
2880
2879
2789
3109
3204
2432
3079
3105
3080
2991
3065
2929
3017
2380
2917
2980
2925
2931
2972
2359
2839
2857
2261
2567
2377
2247
1891
2197
1671
2151
2077
2084
2001
2067
1931
2039
2065
1591
2053
2039
1956
2064
1989
2009
1857
2051
2065
2257
2327
2327
2387
2244
2805
2935
2965
3247
3079
3117
3105
2995
3104
3087
2989
3030
2917
2913
2940
2935
2891
2972
2845
2484
2161
2737
2609
2343
2239
2067
2181
2209
2148
2280
2121
2077
2111
2015
2001
1617
1972
2009
2023
1973
2084
2065
2057
2068
2113
2169
2292
2447
2641
2620
2547
2825
2967
3139
2590
2503
3053
3113
3037
3019
3041
2797
3113
2751
2885
2985
2514
2980
2897
2898
2153
2811
2743
2607
2341
2197
2185
2168
2155
2056
2151
2108
2117
2009
2037
1989
2061
1487
2053
2069
2087
1973
2132
2055
2021
2113
2064
2303
2316
2503
2036
2549
2887
2215
3059
2457
3210
3112
3101
3108
3017
2971
2969
2981
3020
2959
2921
2925
2975
3023
2862
2884
2847
2779
2431
2277
1970
2245
1869
2157
2117
2071
1628
2079
2015
2001
1999
1940
2045
1779
2061
1991
2021
2064
2007
2077
2193
2269
2264
2356
2531
2004
2843
2934
2885
3183
3131
3101
3103
3011
3010
3044
3013
3032
2789
2933
3015
2886
2975
2925
2899
2884
2403
2805
2557
2285
2249
2231
1891
2193
2183
2183
2139
2087
2099
1558
2021
1980
2077
2020
2069
1997
2013
2045
2053
2095
2119
1756
2188
2241
2552
2645
2741
2823
2783
2969
2831
3147
3009
3077
3069
3063
2984
3051
2965
2988
2865
2260
2954
2961
2876
2909
2898
2821
2941
2855
2839
2917
2183
2877
2870
2837
2135
2775
2772
2753
2721
2745
2661
2645
2640
2577
2581
2567
2591
1901
2519
2583
2543
2550
2557
2567
2485
2595
2481
2351
2634
2535
2452
2337
2549
2567
2516
2625
2531
2192
2515
2552
2527
2546
2533
2397
2519
2021
