2257
2269
2293
2325
2325
2285
2341
2343
2229
2263
2324
2309
2231
2335
1789
2341
1781
2269
2337
2348
2333
2359
2293
2265
2343
2316
2341
2309
2245
2245
2317
2335
2315
2263
2301
1791
2345
2381
2368
2447
2179
2435
2437
2492
2477
2509
2485
2461
2439
2403
2283
2089
1927
1943
1877
1759
1527
1909
1920
1853
1861
1841
1725
1835
1683
1725
1775
1845
1791
1729
1789
1789
1591
2001
2053
2102
2325
2449
2513
2671
2951
2801
2774
2431
2799
2669
2663
2557
2167
2557
2563
2575
2588
2517
2595
2495
2485
2512
2417
2477
2349
2013
1945
1949
1887
1871
1763
1905
1727
1869
1791
1872
1817
1781
1573
1813
1777
1821
1748
1791
1823
1713
1749
1772
1919
2093
1999
2339
2401
2527
2599
2849
2797
2275
2084
2689
2629
2696
2581
2621
2597
2580
2559
2541
2539
2587
2495
2523
2465
2471
2335
2272
2037
1973
1917
1876
1479
1899
1828
1844
1845
1845
1667
1767
1673
1791
1797
1813
1692
1773
1829
1829
1384
1823
1848
1663
2045
2284
2416
2550
2652
2675
2741
2789
2733
2708
2060
2427
2517
2585
2404
2613
2151
2603
2533
2545
2531
2493
2039
2493
2355
2147
2032
1615
1879
1767
1773
1893
1885
1873
1809
1739
1319
1829
1492
1783
1813
1733
1683
1319
1815
1729
1769
1660
1887
2031
2033
2193
2303
2432
2519
2620
2836
2769
2697
2682
2653
2627
2671
2645
1959
2564
2589
2555
2519
2655
2524
2508
2453
2408
2389
2395
2157
1989
1900
1910
1883
1856
1847
1763
1790
1797
1813
1757
1724
1797
1781
1787
1720
1687
1705
1789
1703
1792
1853
1839
2027
2117
2189
2343
2452
1929
2109
2884
2739
2723
2700
2135
2112
2475
2617
2593
2593
2580
2609
2533
2580
2571
2521
2439
2472
2197
2101
2055
1652
1845
1864
1771
1799
1701
1815
1817
1685
1719
1813
1753
1807
1871
1673
1805
1769
1447
1856
1788
1823
1463
1891
2071
2117
2213
2344
2420
2537
2197
2808
2730
2604
2641
2678
2628
2615
2487
2647
2341
2551
2440
2613
2463
2487
2515
2351
2452
2343
2247
2045
1861
1877
1881
1735
1841
1869
1769
1871
1829
1523
1773
1388
1715
1699
1734
1653
1668
1773
1447
1783
1868
1873
1845
2065
2132
1991
2417
1984
2629
2807
2789
2371
2721
2701
2617
2023
2669
2591
2601
2556
2591
2577
2589
2547
2485
2449
2575
2348
2323
2244
1972
1958
1791
1809
1777
1815
1762
1822
1821
1819
1821
1765
1756
1413
1745
1781
1729
1685
1749
1771
1776
1853
1907
1941
2065
2164
2309
2385
2551
2569
2705
2758
2732
2724
2617
2704
2653
2573
2607
2625
2357
2469
2528
2531
2557
2448
2431
2199
2115
2313
1991
1927
1836
1841
1845
1845
1700
1833
1843
1719
1705
1805
1769
1717
1604
1798
1764
1744
1749
1758
1797
1452
1885
1919
2073
2155
2301
2414
1920
2569
2268
2661
2769
2679
2645
2287
2675
2370
2641
2593
2580
2613
2493
2581
2499
2476
1957
2449
2127
2336
2221
1775
1945
1635
1849
1821
1845
1829
1853
1847
1539
1681
1631
1725
1839
1755
1679
1765
1659
1636
1733
1705
1839
1779
1949
2113
1983
2317
2437
2434
2571
2629
2383
2807
2645
2477
2630
2215
2645
2572
2229
2537
2595
2549
2685
2515
2561
2173
2565
2485
2548
2493
2195
2445
2483
2468
2499
2439
2430
2435
1815
2380
2485
1756
2343
2142
2311
2333
2321
2357
2371
2452
2375
2366
2359
2319
2400
2383
2281
2311
2329
1863
2324
2247
2349
2293
2348
2293
2027
2335
2321
2271
2115
2283
2293
