2876
2594
2813
2805
2861
2984
2888
2852
2193
2860
2835
2862
2905
2836
2835
2879
2832
2783
2901
2855
2867
2811
2872
2795
2813
2797
2761
2868
2887
2805
2757
2885
2888
2965
2965
2951
2986
3012
2981
2825
2985
2944
2188
2839
2125
2263
2197
2221
2259
2289
2028
2135
2171
2239
2177
2103
1633
2149
2141
2180
1542
2103
1647
2143
2181
2252
2147
2248
2436
2407
2513
2685
2839
2962
2999
3141
3135
3221
3083
3212
3181
3127
2976
3143
3113
3063
3057
2975
2999
3028
2955
2423
2915
2789
2379
1724
1733
2273
2268
2175
2183
2191
2112
2246
2196
2199
2149
2183
2070
2045
2045
2019
2025
2077
2117
2128
2173
2175
2239
2373
2477
2575
2787
2998
2917
2987
3131
3219
3199
3279
3210
2707
3064
3060
3117
3013
2279
3056
3151
3053
2991
2581
2927
2949
2885
2469
2267
2263
2301
2277
2302
2197
2157
2141
2157
2173
2118
2135
2103
2180
2037
2117
2117
2020
2069
2101
2117
2103
2229
1886
2433
2557
2725
2829
2837
3013
3136
3237
3157
3057
2863
3142
3071
3057
3041
3063
2852
2441
3085
3124
3031
3031
2965
2881
2857
2421
2245
2241
2167
2257
2264
2129
2129
2125
2135
2197
2093
2156
2087
2037
2015
2079
1511
2100
1541
2124
2088
2004
2068
2227
2370
2461
2627
2767
2925
2980
3037
3349
3123
3279
3179
3173
2439
3110
3061
3010
3093
3031
3025
2226
2975
3055
2903
2865
2849
2016
2349
2237
2212
1859
2245
2241
2135
2113
2149
2141
2149
2133
1564
2068
2041
1647
2041
2191
2075
2077
2143
2179
2143
2148
2322
2455
2711
2540
3016
2836
3053
3221
3154
3127
3092
3171
3141
3024
3045
3124
3089
2624
2972
2965
3007
2712
2897
2892
2596
2349
2403
2288
2214
2193
2199
2111
2084
2180
2155
2189
2117
2067
2119
2116
2077
2025
2134
2076
2071
1844
2141
1687
2165
2263
2311
2354
2667
2658
2879
2885
3019
3238
3187
3181
3180
3155
2943
3084
3035
3077
3017
2292
3025
2747
3013
2988
2935
2895
2921
2637
2396
2279
2235
2241
2241
2207
1543
2133
1724
2081
1915
2119
2015
2037
1973
2113
2065
1945
2065
2093
1963
1687
2137
2197
2245
2313
2141
2717
2865
2948
2855
3135
3171
3155
3177
3017
3069
3129
3012
3119
3183
2985
3088
3015
2961
2965
2901
2877
2901
2796
2413
2296
2237
2227
2252
2237
2185
2009
2155
2035
2080
2111
2043
2057
2064
2084
2007
2007
2055
2052
2029
2057
1795
2141
2229
2368
2511
2637
2759
2875
2943
3077
2644
3143
3121
3145
2746
3060
3031
3053
2927
3065
2390
3069
2977
3015
3007
3064
2853
2823
2763
2419
2281
2217
1911
2313
2011
2117
2115
2065
2169
2143
2117
2091
1784
2070
2015
2077
2082
2047
2077
2053
1559
1771
2193
2383
2215
2517
2707
2861
2851
2997
2343
3201
2469
3133
3185
3044
3129
3108
3059
2541
2971
2356
2973
2921
3029
2965
2949
2823
2365
2051
2256
2237
2174
2223
2137
2088
1764
2129
2080
2077
2015
1637
2060
2015
1860
2059
2001
2066
2047
2055
2084
2143
2100
2261
2375
2463
2737
2837
2949
3039
3147
3372
3112
3037
3133
3212
3141
2974
3085
3033
2949
2431
3031
2931
3015
2828
2906
2940
2981
2909
2703
2935
2930
2853
2903
2801
2956
2842
2751
2777
2690
2767
2615
2587
2581
2535
2515
2496
2525
2483
2607
2573
2461
2487
2417
2456
2492
2462
2473
1932
2453
2475
2445
2147
2413
2475
2452
2403
2425
2449
1901
2429
2379
2451
2429
2415
2385
2421
2421
2437
2329
2287
