2669
2623
2608
2659
2593
2403
2686
2653
2695
2609
2660
2615
2419
2619
2679
2166
2552
2645
2175
2653
2447
2545
2647
2625
2725
1943
2693
2004
2683
2512
2609
2038
2655
2627
2639
2587
2719
2733
2753
2729
2769
2791
2827
2741
2406
2756
2621
2565
2101
1993
1917
1901
1972
1815
1797
1753
1829
1789
1744
1780
1771
1472
1623
1858
1753
1815
1849
1956
1974
2077
2101
2161
2256
2271
2420
2220
2739
2253
2957
2279
2929
2785
2893
2826
2771
2924
2181
2803
2715
2141
2076
2777
2486
2769
2765
2553
2257
1549
1851
1947
1955
1863
1767
1810
1901
1777
1753
1816
1725
1759
1701
1807
1706
1485
1820
1815
1849
1877
1921
1976
2087
2117
2167
2099
2401
2451
2745
2788
2874
2981
2867
2869
2998
2787
2847
2479
2821
2835
2743
2843
2839
2833
2813
2451
2628
2509
1945
1887
1919
1905
1869
1883
1999
1837
1811
1715
1395
1695
1776
1723
1335
1833
1853
1741
1805
1703
1885
1921
1989
1779
2077
2077
2097
2257
2111
2544
2623
2268
2783
2429
2688
2896
2663
2413
2867
2767
2821
2869
2785
2236
2964
2752
2788
2781
2641
2180
2304
1821
1905
1911
1683
1851
1916
1860
1839
1542
1819
1759
1787
1423
1703
1527
1829
1858
1765
1741
1863
1911
1973
1939
2021
2097
2165
2279
2421
2515
2674
2863
2859
2967
2960
2901
2563
2764
2868
2801
2775
2773
2759
2932
2749
2821
2741
2323
2644
2607
2443
1871
1797
1892
2031
1879
1663
1789
1843
1791
1703
1551
1683
1756
1765
1804
1809
1825
1519
1749
1856
1851
1921
1964
2025
2129
2180
2241
2303
2473
2667
2745
2919
2940
2925
2877
2890
2839
2636
2847
2839
2798
2543
2729
2821
2807
2828
2644
2655
2564
2443
1380
1879
1893
1841
1924
1951
1796
1823
1783
1766
1357
1749
1709
1747
1663
1799
1757
1799
1791
1783
1879
1913
1811
2212
2085
2106
2111
2359
2497
2701
2751
2903
2865
2881
2904
2837
2815
2699
2471
2783
2761
2743
2719
2833
2824
2431
2748
2701
2684
2375
1916
1899
1891
1824
1999
1773
1841
1599
1801
1839
1844
1721
1713
1733
1756
1736
1761
1813
1485
1503
1845
1887
2021
2037
2093
2111
2193
2321
2487
2673
2737
2839
2629
2909
2247
2822
2815
2839
2807
2745
2763
2871
2711
2156
2757
2789
2681
2673
2589
2371
1809
1893
1818
1909
1675
1901
1831
1695
1773
1799
1655
1764
1765
1744
1653
1860
1805
1644
1958
1834
1851
1436
2093
2043
2069
2164
2245
1709
2481
2644
2717
2673
2220
2902
2841
2877
2783
2853
2895
2596
2773
2807
2055
2783
2585
2852
2705
2652
2005
2005
1789
2004
1957
1887
1835
1837
1484
1695
1735
1783
1669
1755
1417
1695
1649
1825
1777
1759
1737
1695
1857
1887
1993
1997
2069
2135
2217
2325
2473
2677
2649
2833
3087
2865
2853
2911
2323
2803
2863
2701
2821
2763
2840
2829
2804
2727
2727
2757
2525
2269
1821
1895
1924
1900
1887
1815
1815
1802
1703
1685
1780
1751
1715
1735
1733
1672
1739
1269
1732
1518
1827
1727
1991
2015
2055
2198
2227
2239
2483
2581
1988
2823
2477
2917
2533
2839
2671
2841
2828
2085
2797
2166
2826
2783
2351
2649
2687
2687
2717
2710
2632
2692
2629
2676
2719
2563
2425
2439
2432
2381
2193
2309
2221
1856
2199
1709
2129
1827
2159
2109
2143
2137
2047
2133
2109
1925
2145
2128
2089
2037
2009
1711
2095
2015
2113
2069
2105
2117
2105
2020
2097
2068
2043
2094
2061
2051
2093
2021
2023
1933
2041
2057
2085
