2933
2983
2951
2967
2981
2789
2909
2643
2917
2924
2925
2885
2881
2906
2973
2935
2938
3007
2919
2901
2472
2977
2947
2909
2893
2957
2841
2899
2999
2965
2905
2927
2913
2977
2956
2799
2981
3020
2991
2808
2975
2948
2850
2064
2287
2185
2115
2301
2221
2189
2149
2069
2068
2157
2037
2059
1733
2087
2073
2047
2005
1661
1556
2067
2133
2231
2104
2354
1989
2596
2799
2919
2933
3154
3217
3205
3174
2917
3059
3201
3063
3085
3067
2944
2961
3093
3132
2961
2431
2875
2301
2783
1971
2141
2245
2251
2205
2193
1941
2047
2081
2097
1912
2039
2085
2015
2073
1479
1989
1964
1488
2029
2046
2095
2033
2197
2165
2449
2592
2556
2873
2913
3013
3105
3237
3185
3132
3131
2381
3137
2791
3082
2985
3020
3086
2911
2737
2690
2954
3031
2955
2781
2339
2012
2179
2167
2263
2301
1701
1981
2128
2125
2047
2084
1479
2144
2073
2017
1976
1923
2037
1985
2124
2191
2037
2127
2297
2263
1732
2483
2627
2357
2516
3039
3053
3367
3306
3175
3123
3108
3145
3099
3115
2965
2285
3067
3095
3015
2659
2973
2993
2947
2837
2415
2364
2203
1983
2213
2310
2161
2013
2033
2087
2045
1937
1959
2035
1981
1961
1983
1964
2000
2027
1557
1951
2036
2113
1983
2226
2255
2423
2623
2667
2412
3149
3060
3207
3137
3147
3152
3106
3140
3067
3031
2755
3089
2685
2975
2967
2487
2953
2878
2865
2848
2149
2097
2183
2180
2297
2227
2163
1988
2027
2061
2037
1628
2077
1970
1953
1889
1549
1953
1933
2033
2127
2077
2116
2084
2179
2237
2417
2525
2611
2877
3063
2671
3187
3185
3173
3180
2919
3120
3005
3030
3024
3103
3095
3041
3061
2905
2963
2943
2941
2859
2301
2277
2177
2313
2189
1717
2217
1663
2055
2228
2073
1511
1981
1953
1973
2013
1925
2003
2063
2039
2159
2045
2143
2065
2221
2213
1895
2513
2643
2829
2865
2971
3088
3175
3157
3111
3252
3156
3164
3107
3067
3093
3044
2997
3079
3055
2421
2939
2901
2843
2781
2279
2149
2332
2253
2229
2241
1605
2007
1983
2099
2192
1757
2045
1954
2021
2047
1965
1956
1956
1951
2005
1948
2114
2077
2247
2160
2076
2677
2701
2871
3001
2579
3320
2539
3167
3109
3119
3028
3052
3001
2703
2800
2996
3011
2925
2999
2224
2929
2934
2384
2349
2049
2229
2103
2244
2074
2091
2033
2071
2071
2223
1773
2018
1953
1807
2031
1933
1927
1957
1981
1807
2085
1875
2157
2247
2331
1959
2549
2663
2419
2972
2997
2941
3164
2863
2835
3100
2677
3159
3125
2885
3044
3077
2639
2967
2579
2941
2986
2983
2841
2825
2324
2189
2162
2244
2290
2231
2167
2153
2035
2070
2068
2191
2033
1915
2037
2013
1989
1683
1943
1913
2055
1480
2077
2151
2261
2447
2397
2637
2623
2741
2926
3039
3227
3166
3121
2851
3124
3108
3153
2993
3027
3031
2929
3063
2943
2335
3136
2983
2932
2841
2300
2233
2244
2245
2211
2229
2184
2025
1955
2093
1993
2071
1511
2037
1996
1933
2112
1917
2004
1779
2055
2060
2091
1759
2148
2213
2261
2421
2645
2823
2953
2199
3101
3263
3167
3007
3178
3161
3125
3098
3025
3143
3064
3121
2991
3044
2977
3009
3007
2715
2547
2151
2933
2871
2918
2960
2822
2733
2799
2764
2711
2717
2596
2621
2436
2541
2470
2317
2231
2253
1847
2268
2195
2193
2180
2226
2183
2229
2091
2225
2312
2183
2201
2199
1932
2184
2141
2181
2197
1871
2015
2137
2155
2204
2141
2009
2165
2111
2133
2157
2185
2155
2171
2204
