2371
2291
2357
2391
2291
1786
2291
2331
2257
2295
2056
2361
2386
2271
2303
2391
2324
2447
2309
2338
2420
2365
2187
2338
2368
2311
2343
2367
1743
2357
2343
2337
2421
2452
2485
1968
2476
2503
2549
2614
2549
2555
2097
2303
2301
2247
2189
2173
2135
2180
2164
2101
1605
2073
2090
2037
2125
2093
2141
2119
2124
2077
2089
2085
2349
2327
2323
2345
2503
2597
2615
2765
2727
2683
2549
2687
2529
2463
2528
2135
2593
2501
2545
2569
2525
2465
1949
2549
2579
2609
2575
2577
2445
2416
2285
1863
2230
2117
2157
2093
2011
2132
2101
2047
2185
2085
2113
2045
1791
2076
1663
2037
2185
2125
2132
2053
2271
2343
2437
2525
1943
2004
2740
2621
2630
2627
2573
2624
2632
2594
2565
2505
2539
2555
2573
2319
2101
2567
2553
2648
2607
2567
2461
2279
2273
2217
2203
2177
2151
2141
2191
1985
2087
2065
1899
1924
2071
2160
2108
2087
2109
2033
2053
2071
1575
2186
2303
2271
2417
1927
2565
2588
2685
2696
2660
2623
2565
2625
2615
2623
2583
2591
2581
2554
2660
2522
2505
2441
2553
2483
2108
2587
2549
2418
1967
2269
2255
2135
2173
2068
2084
2109
2087
2068
2100
2092
2079
2015
2005
2012
2100
2109
2069
2073
2085
2115
2315
2327
2372
2488
2127
2569
2644
2721
2292
2637
2665
2661
2557
2559
1956
2551
2093
2102
2588
2500
2519
2243
2551
2429
2055
2487
2436
2517
1831
2277
1775
2143
2172
2087
2133
2099
1919
2099
2088
2097
2076
2084
2000
2067
2095
1837
2021
2123
2139
2117
2207
1893
2175
2360
2453
2573
2544
2641
2631
2215
2631
2339
2615
2557
2161
2505
2581
2485
2584
2549
2477
2039
2531
2513
2521
1968
2533
2487
1892
2309
2181
2189
2101
2115
2221
1605
2109
2061
2164
2065
2089
1717
2001
2079
2001
2057
1525
2067
2023
1668
2167
2192
2277
2371
2438
1980
2537
2704
2625
2669
2753
2612
2551
2609
2585
2565
2565
2518
2541
2236
2535
2481
2568
2543
2466
2581
2548
2533
2461
2317
2257
1703
2147
1645
2130
2093
1511
2065
2045
2103
2052
2085
1613
2067
2134
2009
2069
2015
1636
1839
2073
2133
2217
2281
2355
1941
2485
2395
2627
2719
2665
2557
2613
2732
2544
2609
1909
2509
2527
2489
2451
2543
2531
2607
2584
2545
2565
2559
2549
2373
2381
2311
2099
2135
2103
2189
1564
2099
2017
2108
2069
2053
2079
2039
2047
2031
2065
2079
2077
2101
2107
2109
2167
2249
2247
2412
2340
2545
2541
2739
2005
2597
2596
2541
2588
2531
2495
2537
2495
2523
2501
2467
2448
2509
2596
2263
2541
2523
2473
2403
1799
2283
2275
2137
2185
2071
2079
2069
2005
2148
1972
2055
2013
1765
2191
2045
2009
2067
1981
2013
2081
2029
1716
2242
2301
2357
2394
2469
2505
2556
2244
2545
2673
2577
2573
2180
2575
2544
2448
2294
2537
2515
2537
2136
2493
2551
2501
2255
2092
2149
2299
2504
2317
2115
2133
2218
1941
2045
1823
2148
1559
2092
2157
2077
2080
2029
2023
2013
1903
2020
2204
2125
2101
1807
2229
2247
2359
2359
2541
2565
2650
2685
2629
2592
2583
2565
2303
2524
2633
2493
2541
2527
2503
2581
2375
2469
2487
2437
2453
2407
2445
2449
2473
2316
2447
2309
2369
2434
2484
2391
2373
2405
2446
2251
2437
2389
2389
2419
2384
2357
2353
2423
2389
1927
2405
2347
2419
2389
2361
2421
2384
2420
2429
2389
2406
2441
2401
2359
2423
1949
2251
2391
2353
2417
2432
2399
2373
2413
2357
2327
2429
2389
2343
2372
