2659
2581
2725
2665
2584
2631
2717
2729
2665
2709
2676
2673
2641
2383
2625
2580
2629
2693
2290
2643
2593
2681
2715
2483
2637
2657
2669
2248
2719
2647
2180
2303
2801
2740
2789
2725
2821
2839
2725
2660
2765
2711
2651
2373
2356
2293
2263
1892
2175
2151
2137
2119
1888
1936
2064
2069
2023
2005
1981
1783
2019
2129
1764
2069
2191
2137
2215
2207
2573
2408
2805
2768
2813
3129
3051
3029
3009
3021
2935
2967
2941
2901
2869
2893
2885
2231
2773
2372
2869
2799
2765
2287
2701
2749
2593
2369
2275
2253
2225
2219
2157
2031
2143
1766
2057
2069
1993
2069
1973
1971
2004
2070
2037
1997
2071
2101
2079
2111
2256
2485
2645
2669
2768
2829
3002
3149
3021
2993
2923
2929
2937
2943
2907
2957
2900
2837
2567
2871
2797
2884
2845
2805
2753
2735
2242
2399
2289
2263
2145
2213
1767
2059
2180
2057
1668
2013
2021
2069
2020
1955
2069
2023
1984
2074
2095
2073
2079
2157
2309
1900
2537
2660
2804
2797
2358
3002
3035
3027
3031
3013
2965
2928
2949
2665
2735
2885
2783
2797
2547
2837
2611
2773
2664
2685
2741
2143
2468
1828
2069
2263
2165
2101
2075
2071
2103
2039
1989
1983
2003
1623
1807
2009
2029
2007
1925
2053
1969
2012
2181
2217
2365
2501
2631
2724
2790
2847
2916
2687
2967
2980
2998
3007
2973
2893
2903
2632
2183
2930
2785
2807
2793
2783
2759
2775
2699
2828
2295
2516
2349
2037
2083
1827
2164
2166
2093
2109
2065
2093
1988
2053
2021
1989
2053
2025
2044
2033
2047
1951
1979
2100
2170
2301
2461
2495
2619
2781
2855
2837
3183
2993
3002
2949
3049
2253
2899
2916
2858
2834
2865
2873
2885
2815
2853
2846
2779
2805
2767
2787
2609
2442
2333
2263
2222
2135
2157
2127
2005
2133
1575
2069
2069
1981
2017
1957
1959
2053
1986
2015
2020
2003
2041
1981
2279
2453
2558
2623
2733
2801
2835
3018
3085
3045
2956
2933
2997
2971
2853
2832
2885
2919
2917
2827
2853
2867
2815
2323
2773
2737
2687
2541
2207
2285
2067
2173
2057
1869
2037
2012
1791
2058
2037
2001
1807
1973
2015
2005
2053
1953
1987
1741
1983
2117
2133
2237
2429
2551
2583
2673
2789
2769
2980
3183
3023
3028
2997
2964
2407
2691
2941
2871
2880
2815
2819
2375
2564
2788
2827
2708
2676
2672
2531
2448
2247
2212
2221
2164
2093
2006
2053
1855
2089
2033
1947
1879
2004
2039
2029
1888
2005
2033
1811
1549
2111
1740
2292
2484
2497
2631
2756
2116
2823
2911
2848
2989
3035
2915
2973
2923
2953
2925
3036
2897
2845
2900
2851
2815
2789
2773
2741
2772
2757
2615
2417
2277
2224
2171
1863
2065
2075
2029
2045
1940
2023
2014
1975
2009
1991
2006
1548
2015
2132
1940
1940
1790
2121
2213
2439
2497
2533
2000
2672
2693
2855
2879
3037
2995
2949
2913
2885
2943
2955
2855
2841
2865
2863
2852
2869
2303
2843
2775
2711
2751
2633
2569
2315
2273
2237
2117
1637
2101
2060
1781
1941
1919
1973
2003
1929
1859
1993
1987
1956
1795
2007
1955
2007
1564
2197
2327
2477
2525
2571
2725
2771
2833
2866
2796
2965
2943
2933
2686
2768
2975
2901
2921
2887
2861
2897
2975
2737
2833
2707
2857
2878
2709
2786
2655
2829
2840
2807
2705
2743
2741
2737
2718
2629
2709
2676
2661
2693
2669
2672
2591
2683
2635
2615
2613
2141
2008
2731
2629
2666
2633
2645
2597
2567
2599
2641
2614
1991
2627
2571
2615
2703
2545
2601
2589
2631
2521
2581
2537
