2704
2675
2621
2711
2674
2673
2653
2631
2609
2593
2653
2642
2631
2527
2685
2625
2657
2621
2667
2631
2679
2054
2812
2707
2675
2673
2700
2705
2623
2765
2645
2591
2679
2501
2689
2558
2458
2669
2647
2677
2645
2603
2691
2681
2769
2667
2183
2713
2666
2739
2547
2679
2545
2461
2046
1985
1937
2081
1983
1716
1977
1927
1476
1918
1456
1988
1959
1919
1581
1881
1621
1925
1927
1911
1408
1813
2057
1973
2159
2241
2469
2547
2609
2751
2957
2998
2910
2827
2962
2953
2918
2860
2247
2611
2823
2881
2793
2277
2801
2855
2780
2619
2134
2007
1985
1924
1853
1612
1773
1893
1843
1949
1985
1959
1789
1824
1828
1828
1559
1844
1773
1397
1804
1777
1799
1902
1925
2069
2271
2357
2571
2128
2737
2887
2471
2960
3087
2925
2188
2835
2483
2891
2836
3028
2181
2869
2783
2815
2733
2827
2601
2225
1993
1645
1917
1763
1925
1777
1540
1948
1583
1973
1940
1861
1856
1791
1841
1683
1829
1761
1765
1855
1847
1895
1929
1911
1927
2085
2097
2335
2511
2626
2725
2515
3028
2969
2925
2950
2877
2917
2902
2911
2833
2861
2827
2753
2681
2845
2804
2804
2663
2569
2068
1961
1865
1455
1695
1785
1821
1477
1869
1813
1524
1605
1351
1874
1901
1892
1679
1360
1800
1861
1695
1791
1807
1913
1955
1948
2205
2252
2429
2565
2756
2805
2885
3061
2751
2699
2937
2851
2843
2845
2801
2839
2891
2852
2835
2757
2623
2109
2655
2573
2125
1971
1779
1877
1940
1811
1415
1845
1827
1911
1759
1799
1805
1877
1744
1734
1791
1856
1732
1829
1901
1721
1938
1815
1889
2160
2255
2279
2493
2576
2745
2229
2881
2997
2927
3088
2939
2853
2879
2869
2848
2879
2855
2504
2774
2815
2807
2108
2677
2631
2039
1988
1968
1904
1779
1837
1759
1831
1937
1953
1872
1616
1765
1475
1724
1754
1793
1935
1765
1780
1735
1963
1841
1809
2057
2065
2197
2347
2485
2589
2689
2780
2807
2515
2956
2935
2871
2869
2719
2887
2857
2885
2725
2814
2815
2813
2805
2260
2741
2093
2049
1957
1939
1901
1893
1847
1799
1893
1741
1997
1808
1781
1901
1748
1733
1681
1499
1865
1847
1776
1702
1619
1965
1987
1877
1909
2157
2257
2448
2119
2701
2767
2829
3091
2913
2911
2859
2862
2922
2901
2871
2867
2167
2835
2705
2828
2773
2755
2763
2581
2184
2000
1502
1975
1844
1929
1873
1349
1755
1895
1895
1863
1728
1935
1813
1420
1316
1733
1775
1846
1835
1781
1893
1871
1875
1997
1969
2245
2463
2549
2623
2719
2807
3045
2877
2829
2852
2820
2805
2829
2855
2884
2781
2861
2920
2781
2781
2781
2767
2665
2080
1991
1957
1784
1876
1859
1830
1809
1874
1877
1837
1735
1909
1831
1700
1741
1857
1763
1791
1800
1741
1756
1359
1975
1917
2015
2145
2352
2519
2553
2592
2713
2385
2652
2892
2881
2197
2909
2868
2836
2869
2883
2387
2839
2821
2776
2860
2777
2731
2436
2101
1989
1933
1887
1956
1781
1879
1887
1945
1749
1767
1868
1859
1751
1495
1865
1674
1687
1744
1809
1769
1799
1797
1846
1941
2082
1607
2183
2359
2542
2677
2181
2797
2956
2925
2721
2901
2611
2827
2837
2839
2932
2832
2317
2789
2725
2733
2743
2728
2663
2763
2699
2641
2645
2613
2655
2645
2553
2551
2505
2389
2436
2271
2332
2193
2244
2220
2073
2164
2069
2061
2148
2125
1823
2118
2069
1525
2009
2081
2055
2037
2087
2071
1590
1997
2005
2077
2061
2029
1983
2018
2117
2063
1949
1757
2020
1956
1969
