2423
2377
2357
2397
1991
2463
2409
2389
2337
2385
2439
1905
2441
2417
2439
2385
2468
2073
2389
2429
2397
2211
2365
2357
2135
2364
2361
1863
2429
2131
2185
2343
2401
2428
2425
1783
1919
2415
2477
2501
2496
1950
2525
2549
2589
2549
2533
2461
2064
2071
1987
1928
1791
1901
1873
1855
1810
1717
1847
1855
1869
1845
1827
1853
1825
1699
1818
1712
1663
1753
1783
1843
1938
2108
2187
2267
2453
2605
2619
2783
2871
2871
2804
2705
2781
2715
2632
2734
2847
2483
2701
2659
2661
2037
2653
2577
2551
2497
2604
2152
2023
1971
1628
1408
1651
1731
1855
1839
1565
1861
1857
1820
1741
1805
1829
1869
1687
1808
1769
1924
1897
1837
1985
2020
2172
2209
2499
2533
2618
2868
2869
2677
2837
2813
2812
2617
2729
2242
2767
2732
2748
2808
2711
2054
2601
2541
2546
2477
2375
1861
1983
2063
1879
1791
1904
1807
1908
1883
1759
1671
1846
1744
1741
1772
1354
1809
1805
1703
1789
1857
1853
1897
1965
2133
1735
2479
2461
1974
2719
2989
2509
2761
2801
2789
2759
2119
2739
2741
2102
2731
2629
2756
2609
2597
2597
2525
2557
2431
2319
2087
1699
1829
1816
1809
1831
1810
1909
1617
1841
1721
1813
1733
1679
1817
1372
1852
1683
1747
1848
1739
1751
1941
1905
2089
2203
2357
2344
2629
2634
2801
2815
2823
2435
2757
2287
2716
2749
2383
2419
2711
2175
2495
2633
2673
2077
2556
2545
2467
2375
2236
1937
1936
1877
1893
1769
1789
1853
1805
1829
1823
1815
1808
1815
1781
1790
1731
1721
1754
1797
1782
1861
1909
1955
2037
2079
2199
2477
2519
2647
2709
2907
2793
2775
2804
2721
2679
2705
2679
2677
2718
2663
2695
2639
2611
2589
2603
2108
2461
2548
2015
1985
1943
1938
1895
1857
1892
1845
1829
1775
1724
1809
1809
1761
1717
1757
1627
1669
1685
1869
1805
1791
1827
1981
2081
1748
2319
2431
2601
2669
2735
2793
2840
2815
2783
2777
2735
2697
2695
2665
2661
2615
2695
2068
2637
2627
2135
2676
2493
2468
2067
1991
1862
1864
1847
1813
1885
1777
1647
1732
1745
1491
1652
1774
1791
1693
1761
1461
1709
1744
1739
1608
1807
1801
2000
2125
2316
2405
2596
2653
2705
2692
2774
2819
2575
2356
2763
2752
2727
2175
2015
2637
2696
2583
2615
2517
2503
2478
2476
2413
2037
1924
1940
1823
1856
1845
1840
1781
1781
1835
1701
1744
1659
1303
1772
1777
1788
1671
1603
1295
1839
1845
1954
1991
2043
2173
2361
2391
2231
2583
2844
2814
2835
2815
2709
2759
2747
2629
2062
2705
2734
2635
2693
2499
2594
2497
2501
2539
2437
2372
2021
1923
1905
1880
1783
1773
1737
1877
1799
1737
1685
1823
1714
1683
1763
1757
1702
1657
1706
1713
1820
1859
1847
1783
2018
1884
2293
2421
2117
2609
2611
2751
2846
2387
2711
2749
2748
2704
2659
2733
2705
2677
2645
2663
2006
2604
2609
2535
2471
2402
1939
1907
1825
1868
1747
1805
1887
1849
1751
1718
1691
1687
1804
1697
1797
1727
1772
1719
1774
1669
1751
1349
1936
1929
2143
2183
2257
1933
2581
2679
2871
2769
2813
2733
2709
2716
2691
2733
2706
2603
2684
2076
2175
2611
2661
2277
2631
2547
2603
2629
2547
2501
2545
2545
2503
2520
2461
2409
1885
2453
2423
2321
2268
2251
2227
2185
2123
2214
2117
2159
2143
2008
2115
2133
2068
2143
2087
2085
2059
2068
2217
1728
1732
2089
2077
2131
2141
2115
1932
2121
2093
2035
2085
2015
2101
2113
2133
2123
1711
2125
2117
