2550
2540
1932
2535
2576
2601
2581
2577
2593
2621
2541
2567
2603
2591
2173
2552
2588
2586
2332
2535
2597
2519
2527
2195
2588
2708
2608
2671
2570
2596
2535
1927
2613
2535
2574
2639
2568
2541
2521
2605
2583
2589
2300
2624
2007
2665
2616
2705
2183
2741
2688
2655
2654
2725
2695
1768
2128
2133
1871
2039
1937
1959
1951
2019
2045
2036
2031
1943
2005
1789
1972
1865
1945
1650
1953
1943
1950
2004
1827
1985
2117
2247
2321
2671
2732
2733
2933
3015
3012
2461
2939
2981
2945
2925
2206
2897
2351
2861
2815
2876
2805
2797
2303
2748
2700
2635
2323
2207
2124
2037
2035
2071
2017
1756
1973
1969
1683
2005
1768
1919
1941
1813
1463
1873
1817
1887
1841
1857
1915
1969
2007
2105
2257
2385
1967
2773
2759
2837
3052
3011
2981
2311
2941
2917
2835
2869
2885
2924
2696
2833
2795
2842
2773
2773
2757
2479
2293
2173
1543
2097
1989
1741
1957
1937
2031
1937
2028
1957
1790
1858
1919
1819
1909
1844
1587
1587
1825
1895
1965
1925
1973
2100
2237
2375
2589
2737
2707
2935
3109
2959
2959
2877
2919
2949
2841
2957
2817
2820
2812
2786
2397
2821
2802
2681
2872
2615
2331
2127
2101
2005
1981
1991
1893
1911
1929
2003
1775
1897
1967
1943
1855
1873
1905
1727
1809
1460
1829
1847
1925
1909
2047
2077
2111
2341
2515
2645
2801
2895
2812
2935
2930
2873
2180
2925
2902
2871
2350
2846
2781
2761
2789
2748
2794
2832
2421
2695
2315
2153
2109
2015
1997
1909
1893
1460
2006
1991
1940
2063
1600
1708
1999
1651
1803
1812
1683
1813
1825
1359
1841
1969
2021
1604
2149
2327
2453
2624
2753
2872
2937
3016
2263
2881
2893
2893
2657
2815
2821
2781
2837
2783
2679
2721
2788
2213
2649
2673
2263
2183
2109
2031
2039
1790
1951
1712
1936
1941
1832
1980
1897
1879
1834
1873
1911
1503
1835
1759
1861
1861
1877
1897
2079
2016
2207
2263
2459
2676
2697
2125
2981
2915
2825
2919
2877
2852
2785
2891
2741
2639
2821
2740
2807
2792
2801
2753
2671
2668
2315
1735
2069
2063
2026
2036
1887
1965
1973
1992
1872
1875
1679
1887
1815
1847
1895
1831
1843
1869
1876
1909
1877
1796
1907
2037
2167
1772
2448
2599
2661
2765
2929
2948
2671
2913
2907
2819
2897
2845
2860
2836
2429
2245
2781
2738
2335
2717
2703
2719
2271
2005
2069
1791
2037
1927
1909
1629
1903
1957
1468
1923
1857
1925
1920
1805
1845
1821
1781
1773
1951
1809
1854
1853
1917
1887
2161
2271
2300
2069
2697
2480
2871
2922
2837
2833
2404
2850
2499
2732
2801
2788
2829
2751
2789
2397
2761
2039
2666
2727
1943
2163
1988
2011
1989
1941
1937
1951
1893
1975
1886
1951
1925
1923
1820
1759
1821
1837
1751
1873
1885
1879
1511
1959
1891
2013
2111
1940
2457
2178
2625
2793
2845
2980
2215
2837
2223
2151
2813
2795
2851
2749
2775
2781
2799
2769
2702
2743
2703
2749
2555
2119
2076
1988
1941
1975
1839
1824
1861
1957
1823
1939
1829
1687
1771
1836
1988
1365
1799
1715
1812
1865
1731
1948
1999
2033
2130
1879
2411
2429
2652
2591
2865
3089
2932
2953
2837
2780
2763
2467
2841
2780
2731
2727
2752
2789
2183
2761
2707
2788
2709
2733
2776
2465
2023
2701
2655
2792
2589
2701
2583
2657
2535
2146
2411
2469
2449
2405
2309
2394
2341
2391
2367
2393
2415
2083
2069
2408
2373
2127
2405
2313
2405
2343
2417
2394
2396
2365
2345
2479
2279
2341
1860
2356
