948
889
916
893
1039
949
644
1060
811
831
956
655
885
924
859
980
877
825
853
837
951
831
935
1101
845
983
905
1023
1041
1199
1192
839
1296
1293
1413
1031
1381
1410
656
440
287
254
223
204
208
287
195
247
314
191
127
71
139
202
141
399
297
335
313
229
292
168
271
385
325
419
395
935
881
1141
1169
1214
1127
1171
1127
1124
1137
1255
1262
1247
1215
1279
1325
1358
1448
1372
721
525
370
317
299
194
195
267
229
163
313
131
201
129
320
123
321
214
208
272
227
202
191
195
243
426
159
249
472
550
652
1119
980
1087
1173
1229
1231
1215
1172
1261
1230
1308
1221
1264
1241
1317
1417
1429
1135
785
614
419
410
279
176
364
223
346
314
220
146
295
297
191
203
287
171
40
335
215
204
351
271
351
266
208
247
452
338
439
889
775
1079
815
1263
1243
1255
1217
1159
1175
1236
1171
1173
1239
1347
1281
1504
1199
1101
720
533
388
322
416
275
205
184
464
327
171
223
140
71
204
258
151
96
232
143
207
317
255
293
257
255
175
276
398
279
557
716
1072
1073
1236
1359
1151
1151
1121
1233
1257
1215
1263
1193
896
1212
1373
1328
1369
1087
649
569
409
436
304
193
267
202
227
164
399
287
324
99
299
311
213
223
218
237
221
345
291
385
295
231
355
289
296
150
356
525
703
1042
1154
1073
1185
1087
1203
1171
1087
1079
1204
1237
1256
1286
1253
1395
1463
1477
1375
768
549
411
303
311
351
295
222
323
221
239
112
127
293
205
206
352
295
213
230
355
318
280
244
252
327
287
381
421
359
371
849
1056
1133
828
1098
1109
1190
895
1217
903
1257
1265
1279
1247
1333
1397
1425
1341
1176
673
356
403
208
297
282
231
304
196
231
167
197
131
146
202
279
132
180
143
256
325
394
150
388
251
359
326
335
289
311
475
685
1145
1073
767
1089
1109
1202
1221
1116
1217
1320
1183
1316
1011
1257
1262
1295
1156
1311
815
533
411
341
330
261
261
171
255
304
392
52
301
102
193
96
203
303
140
191
224
227
309
328
248
287
347
235
295
432
503
952
1045
1137
1159
1185
1041
1243
1412
1153
1271
1237
1233
1193
1255
1297
1397
1436
1403
895
468
516
448
275
287
241
292
202
283
244
323
189
291
257
178
189
126
95
268
209
341
335
195
390
259
207
224
356
372
383
611
1013
1143
1183
1095
1109
1220
1237
807
1247
837
1247
1238
1204
1285
1303
1415
1295
1348
865
667
541
329
401
295
327
269
233
119
310
277
188
149
150
160
167
157
145
166
343
382
278
377
341
275
214
289
381
303
401
672
1043
1149
1295
1141
1022
1147
1087
895
1199
911
1253
1043
1252
1193
1182
1271
1302
903
1239
862
1265
1175
1189
1279
1189
1248
1171
1193
1127
1062
1092
993
1041
811
774
708
599
359
629
534
649
584
576
679
543
732
597
535
596
579
509
384
623
592
571
491
561
362
364
585
631
448
364
612
525
513
530
485
485
515
461
500
595
563
577
528
559
511
489
483
530
472
491
