951
933
1023
1040
980
976
951
1063
728
1039
1045
977
928
1047
1036
1039
992
967
808
977
984
668
803
984
1029
959
1061
647
1021
1060
1138
1249
1313
1167
1406
1509
1511
1446
1509
1029
1479
1351
383
329
287
290
191
282
191
228
255
232
216
127
223
178
357
362
254
229
383
255
319
405
176
370
135
212
423
411
554
579
957
1392
1277
1321
1396
1356
1296
1524
1367
1046
1501
1543
1527
1548
1508
1495
1500
1445
671
369
359
360
364
193
328
348
248
288
221
259
215
151
231
341
149
163
212
372
361
397
263
289
224
231
256
318
327
512
625
725
684
1347
912
1253
1420
1440
1355
1333
1412
1407
1397
1498
1423
1525
1436
1253
1151
1495
1488
597
355
383
301
210
193
341
364
372
263
183
189
233
236
249
237
209
227
216
271
341
413
383
351
255
385
364
398
405
427
583
615
817
1213
1173
1325
1262
1121
1185
1247
1389
999
1419
1488
1503
1524
1259
1503
1447
1511
886
565
441
321
293
255
164
249
480
175
253
143
219
127
333
193
343
191
191
222
179
235
335
320
281
303
272
272
293
337
453
359
793
1204
1253
1307
1183
1358
1390
1244
1377
1437
1397
1143
1151
1493
1267
1527
1547
1467
1081
573
335
362
220
324
295
266
169
271
71
171
194
183
219
207
155
213
240
191
255
295
585
259
399
400
289
265
256
346
391
541
455
1105
1232
1299
1215
1344
1195
1275
1317
1524
1393
1615
1668
1463
1700
1517
1542
1460
847
489
485
407
372
287
341
327
254
180
271
183
253
241
338
333
170
203
237
215
512
301
323
252
314
279
340
191
277
351
445
545
759
1037
1199
1004
1247
1263
1093
1279
1125
1313
1425
1475
1440
1501
1527
1497
1516
1521
1042
454
455
415
439
335
248
336
241
241
238
220
340
199
168
127
261
327
108
244
258
251
369
415
373
295
271
197
305
209
368
431
717
860
1247
1267
1307
1233
1329
1351
1183
1361
1357
1458
1428
1479
1521
1509
1527
1029
1483
653
387
313
311
363
215
253
287
245
173
291
392
127
325
337
164
185
44
353
279
341
527
392
305
221
263
239
359
319
405
597
695
869
1213
1192
1266
1282
1327
1368
1452
1317
1139
1489
1439
1151
1327
1543
1295
1531
1478
575
500
167
415
283
279
189
399
221
299
211
221
320
179
92
231
265
224
201
456
277
211
359
312
263
191
218
287
108
364
631
708
912
1185
1288
903
1269
1335
1324
1348
1397
1453
1449
1507
1456
1500
1503
1525
1299
971
493
434
348
359
196
135
243
184
250
197
399
212
293
187
516
217
263
271
210
289
247
256
191
389
290
275
148
273
294
407
548
699
1109
895
1247
1416
1309
940
1373
1261
1332
1377
1304
1415
1500
1453
1572
1398
1417
964
1311
1151
1363
1375
1265
1287
1355
1353
1332
1327
1150
1089
915
1156
767
1021
952
714
703
721
661
593
627
701
593
669
625
583
543
643
555
515
602
583
495
612
567
606
561
599
552
572
423
519
445
327
439
432
565
358
618
509
573
565
607
579
601
507
