511
461
515
497
515
507
461
581
561
605
595
561
455
496
483
555
559
605
551
523
528
326
477
613
609
568
485
469
573
547
692
623
600
601
676
648
716
519
593
703
795
815
639
884
803
554
348
351
329
210
379
180
256
363
163
147
195
119
289
187
142
230
256
227
223
261
253
309
370
279
304
163
319
393
625
639
765
720
784
700
643
719
759
657
737
679
611
693
396
759
833
701
652
926
939
704
370
559
427
329
277
352
185
339
258
72
226
131
127
299
136
245
135
179
331
349
268
342
359
156
195
269
263
516
529
755
743
703
685
678
671
605
592
535
740
542
665
527
717
802
846
652
935
671
527
627
319
341
325
289
248
223
320
336
293
147
201
159
225
191
198
127
320
167
127
256
287
207
291
328
207
311
567
644
735
639
896
771
904
717
677
581
779
879
694
776
607
760
697
923
799
859
875
647
585
501
317
291
197
212
256
215
291
326
151
307
255
211
95
188
287
157
243
243
173
355
267
251
127
218
371
416
555
737
828
767
720
755
691
742
829
741
759
655
687
624
655
768
833
799
773
880
727
696
509
315
183
243
108
178
237
164
63
208
126
197
255
323
329
235
354
255
94
239
208
251
193
179
159
247
272
599
579
693
690
759
799
769
737
703
668
679
683
671
714
727
644
780
940
757
861
837
903
657
409
272
182
279
250
212
235
163
152
95
247
139
212
211
222
168
144
141
145
227
127
260
127
139
227
255
527
660
673
775
787
797
624
772
711
757
695
647
709
660
632
695
815
807
807
869
911
904
654
517
384
287
223
375
178
225
196
231
215
260
205
335
159
159
317
231
279
341
102
253
225
351
191
254
239
367
679
607
791
799
876
708
783
778
703
699
640
456
580
733
661
463
749
857
823
759
969
877
685
311
375
314
209
272
215
298
213
161
212
116
131
327
127
217
332
220
247
148
154
243
351
212
202
147
366
223
671
719
703
725
724
645
644
692
642
689
656
748
642
607
700
759
745
757
735
855
997
657
511
423
292
399
313
169
343
294
266
144
154
68
216
166
226
229
321
209
232
333
128
341
241
215
245
201
325
564
565
720
707
753
788
720
675
469
660
631
724
714
518
635
716
840
894
639
889
913
1028
695
493
335
429
306
186
335
269
308
132
116
271
298
137
242
213
149
134
325
179
175
181
166
147
257
281
346
396
573
667
725
789
703
725
771
720
717
780
711
759
725
701
601
423
594
739
675
617
625
535
556
660
583
575
679
665
779
661
601
689
672
653
634
448
585
599
671
584
669
604
612
561
592
631
585
599
535
533
748
719
565
675
630
673
412
555
600
640
545
584
518
551
566
603
599
603
631
659
519
606
621
657
384
527
547
612
384
447
557
