675
575
661
592
661
575
612
639
685
628
721
679
471
617
635
699
607
681
641
652
567
725
725
575
679
607
717
623
606
515
621
660
580
709
658
870
791
911
838
885
903
948
991
977
1005
963
980
647
573
387
325
365
273
235
209
127
209
127
265
229
205
211
336
324
228
109
323
181
257
214
283
157
170
329
255
461
684
737
833
733
741
787
799
759
840
791
891
907
783
887
853
964
981
936
1019
791
1093
765
684
277
320
293
205
198
324
355
229
118
239
325
193
330
205
319
288
159
205
198
365
351
201
191
400
303
343
264
327
619
767
797
795
863
703
875
805
895
829
891
831
901
927
961
959
1029
1062
896
977
883
591
598
452
415
232
221
337
147
209
225
203
211
197
150
133
84
172
271
226
177
330
226
351
276
216
157
334
205
215
635
727
619
776
740
787
749
940
901
860
719
892
912
945
831
973
915
928
1000
1029
1045
1087
623
414
421
315
392
217
284
262
359
230
213
134
186
108
327
191
315
315
94
225
111
171
229
176
355
320
297
226
297
508
673
655
767
767
936
703
901
789
829
807
786
811
825
933
893
925
991
1012
1075
1085
785
544
433
413
259
382
275
331
159
341
147
213
306
115
275
200
183
127
97
196
199
287
361
274
288
217
229
151
265
375
687
639
745
753
639
749
742
791
827
928
639
851
856
917
964
967
959
893
920
997
1063
756
431
376
397
392
286
373
187
234
273
63
208
191
268
127
193
164
327
190
89
325
254
301
388
245
341
334
235
205
542
607
700
783
791
723
707
741
745
552
820
1032
901
783
885
1039
978
952
915
1023
1109
723
720
302
421
454
211
335
270
248
233
133
119
209
301
269
324
203
180
392
95
72
296
336
259
88
289
192
233
331
351
645
648
597
607
506
745
757
703
796
866
896
929
976
855
875
950
883
911
1041
1067
1077
647
535
449
297
353
264
284
267
293
320
229
127
119
128
333
96
7
283
187
152
342
141
283
360
150
199
227
283
311
365
573
677
668
711
735
661
777
743
823
781
887
860
917
896
799
869
965
663
999
1013
981
771
447
388
383
403
220
287
189
303
191
127
117
127
231
230
109
296
285
294
102
262
295
213
213
160
303
175
205
211
348
606
644
671
667
679
721
722
820
869
996
725
887
934
935
989
1021
981
956
999
1015
735
487
449
319
237
234
328
196
375
315
327
167
221
95
204
71
201
177
109
299
195
122
187
181
234
263
148
327
241
318
413
486
573
537
645
699
749
677
572
744
853
767
849
789
849
819
905
853
583
768
869
864
791
871
833
864
825
916
853
839
743
775
701
727
743
809
689
524
817
753
767
799
711
717
768
805
623
802
621
775
752
676
732
703
775
759
761
673
711
665
624
559
492
628
788
639
757
773
