1007
825
886
869
784
861
779
827
887
911
831
849
913
767
871
639
781
519
878
580
975
899
820
789
799
845
900
868
787
877
871
899
811
799
850
869
1012
1019
959
1129
1127
1313
1167
1367
1431
1425
1351
1360
1385
777
378
278
158
247
364
279
208
215
315
309
145
352
127
236
149
173
277
319
321
294
298
309
331
269
257
311
372
503
545
829
1275
804
1295
1212
1253
1253
871
1245
1273
1269
1313
1152
1551
1461
1267
1460
1437
1487
628
564
417
167
251
316
200
268
319
229
127
340
212
220
103
159
223
316
259
68
220
415
378
127
164
335
203
265
253
527
530
931
1295
1189
1233
1176
1189
1179
1225
1007
1364
1287
1297
1363
1477
1495
1453
1151
1044
1421
555
375
284
207
273
214
236
361
295
245
262
232
139
335
129
191
211
279
309
444
207
306
211
135
381
198
373
376
455
445
671
1031
1092
1151
1160
1242
1241
1207
1183
1279
1363
1380
1421
1461
1431
1573
1548
1503
1429
903
558
450
369
266
220
384
239
351
168
191
327
151
203
189
127
131
207
335
405
237
273
285
405
295
373
207
295
317
373
511
656
1211
1109
1207
1176
1279
1171
1349
1200
1404
1231
1365
1425
1239
1632
1548
1524
1517
1437
643
383
289
307
238
185
213
225
463
192
322
165
161
223
335
191
115
195
335
283
269
309
525
287
254
148
86
329
413
391
468
421
1143
1143
1245
1215
1224
1039
1267
1356
1303
1407
1415
1155
1401
1501
1571
1463
1468
1393
560
467
402
353
176
167
359
239
252
251
191
187
211
116
218
193
183
103
349
431
260
329
272
275
311
179
369
392
309
417
521
720
1327
1359
1241
1295
1267
1351
1269
1327
1417
1367
1345
1387
1391
1512
1575
1495
1493
1501
823
533
458
394
311
229
360
240
352
143
159
156
317
157
300
214
79
200
241
294
319
289
207
287
295
228
282
293
269
198
471
543
879
1011
1352
1297
1255
1265
1325
1255
1319
1053
1335
1367
1501
1495
1487
1573
1471
1453
1109
554
428
321
308
234
328
128
331
229
234
250
175
263
211
253
327
198
193
373
403
385
243
301
279
309
352
320
296
276
455
423
391
1204
1196
1217
1239
1332
1255
1349
935
1373
1425
1421
1419
1419
1407
1554
1555
1525
1411
806
533
254
457
127
249
334
230
225
223
316
328
202
127
224
265
326
193
320
215
273
293
322
264
305
349
255
349
504
368
372
656
708
1193
1223
1423
1241
980
1039
1279
1365
1319
1415
1093
1139
1207
1335
1511
1467
1551
1009
495
474
367
272
200
192
147
167
223
221
266
223
167
159
196
169
195
257
396
303
276
327
401
229
352
236
249
456
321
413
592
719
1059
981
1236
1091
1151
1268
1319
1412
1305
1291
1341
1401
1369
1316
1425
1445
1450
1382
1079
1416
1349
1366
1343
1387
1045
1261
1375
1295
1227
1264
1169
1170
1023
807
1068
1021
1101
1045
992
1053
1052
977
727
1061
994
1047
937
955
943
989
1013
1023
950
1103
775
1023
964
997
1022
991
1047
975
913
1103
929
959
945
981
999
