659
645
666
775
648
757
759
639
703
751
735
767
679
695
671
723
785
455
519
639
773
723
737
685
775
641
527
679
708
780
751
788
775
961
951
931
967
1067
1013
1194
1145
1087
1168
1155
1009
519
417
288
286
257
335
214
323
159
160
197
259
143
131
293
168
151
191
353
167
392
357
128
245
159
309
408
319
859
887
660
1103
933
925
996
1013
977
1011
724
1077
1015
1103
977
1096
1119
1149
1109
1261
882
558
361
240
191
171
145
240
245
241
144
311
159
172
311
197
107
111
225
271
288
257
201
329
310
259
199
308
479
659
727
901
935
887
963
911
911
1055
973
716
1029
1055
1085
1133
975
1217
1168
1228
1136
607
204
272
255
286
130
255
163
424
323
278
213
335
303
323
71
264
99
334
308
168
357
166
287
333
395
127
289
320
944
723
933
973
1009
965
1021
1045
977
965
996
1015
973
1020
1031
1147
1199
1243
933
1273
913
415
370
340
259
241
400
127
153
223
287
145
230
311
108
206
200
104
133
215
181
247
199
191
300
217
191
347
322
479
815
910
907
815
927
999
1045
997
951
998
929
929
1001
1100
1155
1121
1205
868
1229
979
543
479
377
423
392
196
270
308
169
325
194
127
202
191
307
175
118
309
144
215
285
264
257
179
219
71
209
287
343
1017
832
950
1023
981
1044
1077
892
1060
851
905
1047
985
1097
1085
1109
1219
1237
1067
896
965
564
424
287
275
359
136
253
247
196
189
127
268
136
233
300
168
223
197
197
202
205
308
229
228
214
287
226
227
398
1009
703
959
968
1009
957
1021
1022
1031
1031
1012
1069
1055
999
1127
1159
1123
1241
1233
1129
717
533
445
345
180
362
241
215
231
300
159
161
287
179
139
111
299
199
288
209
290
341
255
214
239
284
212
263
228
277
961
817
929
1004
1019
1000
976
996
959
1009
1103
1036
1038
1090
1220
1181
1151
1257
1139
1132
902
547
303
455
204
327
199
209
267
211
269
147
137
124
170
129
138
185
208
315
335
191
286
156
192
236
211
288
359
439
691
972
925
679
919
1076
943
1037
944
767
947
844
788
1001
895
887
963
1253
1151
1180
841
564
415
319
286
215
289
317
145
196
87
274
180
187
177
259
151
126
297
127
299
172
321
223
275
233
159
311
256
353
381
855
867
995
952
991
789
1013
1103
962
957
1040
991
983
1127
1291
1196
1201
1219
1278
991
685
320
359
309
385
273
336
214
303
191
159
340
191
399
241
159
129
119
164
204
171
208
179
247
204
227
229
271
332
432
911
876
855
917
1013
951
957
1029
991
1009
1009
1041
1023
986
927
1053
1118
1100
1085
1079
1087
1088
1072
1047
1061
1119
1111
1163
1119
1116
790
759
752
1029
857
783
812
773
773
484
645
772
665
737
660
840
573
628
737
792
671
621
624
621
746
681
689
661
639
579
607
609
685
709
693
847
679
729
715
677
729
607
694
596
633
681
485
645
719
