391
260
309
414
341
227
307
269
79
423
372
347
409
243
335
332
298
176
295
270
337
419
291
165
229
417
373
252
397
255
403
383
419
225
464
301
319
289
416
445
259
464
269
377
362
476
423
576
703
524
604
465
433
460
231
184
309
289
217
422
292
226
381
432
253
338
387
207
241
352
167
351
291
240
375
167
285
385
335
520
455
487
435
513
440
475
489
357
497
419
503
403
442
430
436
477
533
481
720
645
558
589
435
421
306
319
271
405
369
385
293
195
237
367
255
283
216
239
331
422
159
399
116
104
179
313
232
396
564
527
355
666
402
447
481
392
471
501
479
357
343
361
514
493
320
431
487
617
595
727
561
512
517
328
341
276
378
275
399
287
367
372
341
385
180
357
361
228
207
156
223
373
292
165
255
247
355
297
428
393
540
628
509
466
356
336
487
433
465
339
333
484
405
320
413
453
431
455
591
627
665
518
319
436
329
495
235
365
259
255
189
378
375
262
356
253
220
255
291
272
245
215
215
370
272
255
303
365
441
487
583
583
573
548
467
447
381
463
411
660
493
484
361
505
388
319
527
485
551
647
561
559
422
495
298
241
381
275
245
273
354
277
239
211
263
212
192
249
143
183
268
237
251
325
193
329
134
268
411
476
503
529
398
551
483
445
421
428
517
343
504
481
349
395
488
439
450
533
776
583
615
472
418
393
463
332
271
143
281
305
203
177
173
276
375
373
267
175
127
264
328
340
154
256
333
175
356
288
391
244
486
576
308
491
559
530
576
371
429
367
524
514
404
420
417
409
463
610
567
613
687
495
383
285
437
288
299
279
336
278
251
199
377
199
255
257
246
243
245
346
259
250
161
190
135
264
197
245
261
351
263
487
563
469
393
479
433
537
429
401
416
431
445
411
554
497
428
378
388
729
579
443
466
390
341
398
275
212
253
272
183
164
171
351
273
132
264
187
183
247
227
236
258
179
215
319
160
212
319
383
417
551
454
450
503
382
343
453
427
495
395
351
433
495
407
409
485
533
397
641
484
471
528
165
375
405
384
275
287
285
381
386
273
371
261
166
351
298
319
388
369
372
244
231
127
250
332
229
313
457
392
446
558
443
311
359
397
479
429
527
449
322
397
381
436
493
309
413
516
653
544
479
510
317
405
204
225
223
295
319
303
323
287
273
218
167
141
151
221
252
169
223
287
255
251
304
145
355
406
411
443
403
501
425
520
505
415
350
513
431
479
389
439
410
341
341
453
391
231
319
381
391
461
335
365
391
437
374
395
477
441
456
196
354
345
357
471
443
404
283
469
392
461
329
467
214
375
351
316
427
397
364
391
339
441
319
319
431
440
409
397
360
255
383
405
374
443
320
404
261
