823
844
853
759
580
805
747
799
789
859
853
916
771
782
703
755
911
740
807
775
791
823
739
725
932
932
911
773
845
773
855
869
889
937
1053
1088
1095
1053
1181
1253
1287
1309
1199
861
613
358
336
134
385
390
251
226
154
162
127
337
217
191
324
291
172
92
313
213
307
385
351
360
388
237
191
288
527
937
944
1103
964
1004
1059
982
1095
1131
1109
1108
1173
1032
1131
1207
1107
1268
1285
1310
1125
801
509
385
349
276
282
303
305
287
141
317
352
136
189
208
135
279
127
157
310
251
389
213
386
167
166
362
195
195
445
387
901
676
1039
847
979
997
1041
1071
1041
1109
1049
1186
1151
1039
1216
1249
1107
1271
1284
908
547
433
452
294
287
225
159
147
161
208
215
199
193
183
196
163
159
183
205
346
180
397
191
219
269
159
365
157
283
531
831
1069
1021
996
1039
1055
1111
1111
1172
1066
1263
1158
1110
1127
908
1293
1261
1265
1287
915
549
376
353
271
177
195
241
175
195
95
333
146
195
223
183
301
107
302
191
179
391
524
274
219
165
227
183
233
351
628
1068
912
1069
1040
1093
1108
1037
1051
1231
1053
1097
1149
1080
1059
1165
1203
1189
1175
1059
928
577
498
196
341
264
181
211
191
79
177
329
191
232
127
320
111
258
315
183
241
54
363
416
348
365
265
374
495
411
785
881
905
1109
1069
1077
873
1040
1008
743
1231
1072
1149
846
1189
1168
1259
949
1251
1233
1039
605
437
341
325
373
324
408
183
230
317
209
177
286
270
189
281
307
170
312
391
295
195
208
261
247
227
163
277
331
429
913
615
999
1026
783
1076
1033
748
1089
991
1111
1107
1138
1164
1139
1247
1375
1271
1241
1055
711
655
488
465
202
159
287
244
161
272
188
206
204
149
95
163
153
71
151
299
248
358
227
317
291
247
223
200
291
346
497
1071
967
716
1023
977
767
1167
1231
679
1063
1161
1095
1125
1099
1181
1253
1316
903
1485
967
617
434
341
527
258
326
221
299
221
191
199
231
200
218
177
275
232
190
187
279
365
356
375
242
288
128
212
292
333
512
897
953
928
1037
997
1031
1075
1045
975
1041
1109
1178
1181
1141
1221
1119
1273
1143
1324
863
424
495
319
299
265
343
132
302
195
230
211
137
149
95
227
175
188
198
318
231
336
240
279
234
179
135
218
269
349
505
919
968
957
1053
1049
999
1021
1231
1111
1145
1105
1095
1229
1206
1133
1232
1297
1265
1354
890
586
263
372
321
195
253
359
183
209
247
266
72
244
297
116
275
256
184
179
252
371
353
367
276
321
295
261
319
431
759
924
995
999
1093
1047
1101
1055
1131
895
1149
1051
1115
1149
1169
876
1169
1121
1117
977
1143
1292
1203
1197
820
1101
1181
1183
1095
1185
1075
1015
980
752
869
849
869
818
517
567
703
767
777
627
659
789
719
550
757
781
792
777
815
703
717
689
639
685
655
792
911
699
697
755
863
784
743
669
719
725
663
759
735
723
678
708
