1045
900
1029
759
965
929
1077
1057
1023
972
959
1075
969
1127
959
1031
1016
1068
1055
1085
947
1031
1085
1109
1053
1167
1039
1109
963
1293
1401
1385
1463
1631
1355
1637
1344
1599
1675
1579
760
779
684
575
687
545
565
481
470
403
461
435
535
479
471
426
513
469
587
415
418
620
503
531
497
517
517
577
659
939
1189
1323
1201
1257
1319
1231
900
1279
1287
1285
1355
1424
1095
1644
1591
1567
1711
1515
1453
1527
1589
1073
730
631
429
526
455
316
399
566
542
452
547
571
489
459
383
503
503
388
543
465
597
467
605
471
415
623
649
679
1013
1244
1260
1083
1225
1003
1296
1253
1320
1436
1355
1381
1376
1545
1595
1661
1172
1661
1584
1653
1679
1207
723
689
625
599
684
485
452
449
263
477
407
407
564
720
474
383
561
464
561
458
528
402
413
447
719
528
548
527
701
1236
1201
1305
1199
1277
932
1233
1205
1221
1251
1293
1500
1543
1159
1638
1545
1657
1667
1541
1613
1539
1065
882
703
555
503
445
461
415
487
550
543
336
327
471
542
473
457
439
367
519
559
495
593
357
515
465
547
694
660
773
1197
1183
1314
1298
1194
1293
1185
1212
1289
1320
1281
1387
1443
1607
1711
1589
1621
1303
1581
1547
1152
1018
756
664
603
533
611
415
403
450
557
375
422
409
407
477
559
464
391
357
311
421
355
375
449
512
584
481
687
803
883
1217
1200
1175
1232
1221
1215
1199
1271
1075
1268
1492
1383
1443
1575
1321
1579
1615
1503
1498
1217
1169
700
749
648
557
561
533
573
487
474
410
480
449
644
477
511
469
384
355
364
479
401
587
495
550
529
493
657
578
623
1017
1199
1105
1293
967
1234
1261
1104
1237
1236
1229
1313
1487
1600
1620
1548
1500
1586
1526
1190
1533
961
801
741
541
547
477
533
544
453
520
415
419
469
508
455
397
456
429
415
397
327
255
513
465
554
529
479
509
652
766
1012
1169
1242
1212
1215
1211
1125
1237
991
1247
1241
1095
1427
1469
1565
1677
1555
1427
1570
1400
1481
1088
944
687
532
541
479
470
375
503
572
565
544
263
379
385
437
434
583
528
376
498
543
452
461
455
466
386
533
495
844
967
1023
1159
1233
1189
1240
1119
1231
1183
1279
1361
1396
1412
1565
1597
1477
1651
1521
1481
1095
1167
1024
745
772
583
565
541
662
578
324
571
553
499
389
545
369
423
523
401
433
437
421
563
513
324
587
601
491
653
767
655
898
1075
1225
1183
1217
1143
1168
1166
1159
1364
1351
1472
1517
1461
1479
1525
1477
1583
1532
1549
1155
841
668
639
633
624
503
424
479
652
461
407
447
303
441
453
339
520
379
335
397
445
485
453
413
479
607
606
739
624
743
1012
971
957
1143
1104
1222
1133
1220
1237
1215
1295
1243
1113
1169
1201
1161
1193
1379
1463
1483
1545
1475
1603
1189
1551
1540
1553
1573
1164
1471
1672
1447
1424
1535
1439
1541
1507
1499
1473
1117
1412
1472
1461
1398
1092
1495
1427
1396
1469
1407
1461
1271
1447
1369
1477
1477
1378
1088
1216
1361
1477
1452
1029
1404
1417
1477
1463
1462
1551
1047
1447
1431
1383
