1541
1505
1517
1479
1487
1541
1505
1615
1476
1425
1541
1485
1615
1485
1527
1525
1511
1604
1457
1505
1527
1535
1476
1429
1359
1425
1461
1492
1453
1421
1548
1533
1583
1443
1716
1701
1804
1759
1861
1791
1777
1921
1776
1797
1772
488
657
458
383
501
388
534
612
446
450
552
456
382
456
401
526
449
523
463
475
507
557
572
447
504
617
590
906
848
1038
1265
1732
1707
1645
1685
1556
1756
1700
1717
1748
1935
1287
1879
1877
1859
1802
1845
1841
894
739
351
593
537
449
327
487
327
437
312
509
489
496
469
485
550
565
566
637
419
367
544
399
549
506
609
671
516
785
976
1296
1543
1717
1725
1724
1829
1759
1615
1747
1759
1839
1873
1823
1881
1879
1856
1765
1844
1478
821
628
545
491
599
343
578
451
680
512
324
479
392
551
435
463
452
510
593
366
579
479
645
663
470
507
678
693
616
801
973
1204
1471
1636
1673
1789
1732
1903
1872
1759
1823
1692
1351
1873
1887
1867
1407
1829
1844
1257
583
626
486
463
556
592
493
473
571
492
573
438
544
547
415
467
335
585
623
447
625
581
528
491
627
573
606
607
650
789
1066
1191
1333
1657
1796
1727
1713
1631
1636
1729
1587
1791
1817
1789
1843
1813
1992
1787
1814
1935
912
679
596
540
615
589
457
496
471
429
451
469
399
467
536
451
582
423
483
611
519
525
550
511
453
508
465
525
671
711
912
1005
1141
1207
1892
1671
1668
1756
1699
1757
1775
1785
1410
1935
1571
1822
1819
1967
1333
1759
1799
887
693
439
535
383
383
263
367
553
475
445
434
468
446
428
568
519
320
488
580
505
517
511
582
587
661
727
677
870
991
1161
1315
1839
1647
1655
1755
1705
1727
1807
1231
1740
1751
1935
1829
1831
1865
1829
1799
1791
861
742
576
516
295
537
371
383
577
514
496
457
471
448
532
485
479
556
528
550
531
539
481
564
479
534
533
587
787
838
1007
1090
1032
1279
1693
1729
1758
1749
1695
1701
1733
1801
1825
1972
1397
1697
1759
1845
1777
1761
948
675
593
583
507
605
592
447
447
367
680
557
422
400
487
413
554
408
664
524
533
550
599
447
544
447
566
689
733
817
1053
1109
967
1717
1715
1715
1435
1869
1395
1729
1791
1777
1821
1821
1797
1864
1788
1903
1835
1739
921
665
518
544
531
489
592
453
508
384
505
447
471
476
542
704
565
340
594
502
624
580
575
495
497
544
596
593
629
767
973
1047
1311
1548
1655
1647
1759
1745
1733
1436
1408
1631
1715
1279
1344
1877
1825
1749
1555
1781
1044
591
617
701
479
467
586
478
535
400
438
442
531
303
423
399
511
432
447
517
255
490
623
623
602
503
533
521
709
713
967
887
1087
1047
1623
1613
1712
1344
1327
1737
1716
1245
1453
1795
1721
1589
1713
1697
1748
1695
1693
1363
1709
1751
1456
1723
1703
1585
1623
1623
1578
1503
1594
1565
1493
1477
1348
1381
1367
1348
1355
1368
1251
1315
1286
1239
1360
1361
1231
1269
1285
1015
1346
1349
1356
1133
1341
900
1305
1233
1346
1341
1171
919
1215
1335
1313
1224
916
1265
1303
1311
1210
1328
1318
1221
1296
