1153
1196
1087
1239
1151
833
1108
1222
1105
1095
1292
1233
895
1168
1152
1263
1143
1189
1005
828
919
1095
1197
1196
1171
1184
1137
1105
997
1151
1093
895
1214
1215
1391
1263
1557
1564
1687
1645
1743
1653
1779
1701
1663
1252
789
659
595
584
542
623
430
487
495
355
567
324
438
573
352
519
388
494
578
498
580
597
383
529
493
592
597
495
1045
1419
1480
1448
1383
1413
1423
1396
1484
1444
1493
1563
1591
1657
1691
1583
1649
1648
1727
1682
1713
1095
729
532
579
495
385
420
475
468
573
507
541
383
434
468
375
327
373
383
503
470
530
503
541
591
660
554
793
801
976
1375
1111
1389
1387
1381
1397
1447
1436
1483
1095
1180
1664
1685
1645
1666
1695
1700
1671
1693
1617
719
705
499
526
547
438
493
434
437
521
383
429
385
447
439
563
365
355
431
252
533
430
350
517
527
477
627
725
839
1023
1407
1377
1311
1389
1413
1455
1419
1521
1540
1543
1568
1220
1711
1713
1681
1641
1669
1668
1523
1373
913
743
610
671
546
517
519
469
483
409
521
445
427
429
373
373
415
459
591
565
519
505
617
332
613
373
661
771
832
1005
1451
1385
1016
1388
1430
1448
1469
1439
1541
1416
1605
1681
1683
1695
1723
1670
1382
1652
1721
1420
983
671
478
724
573
447
483
507
522
481
471
311
450
511
547
447
388
513
462
463
509
511
468
543
495
327
447
597
872
1034
1379
1373
1410
1309
1320
1447
1493
1187
1520
1461
1572
1671
1639
1701
1663
1641
1709
1681
1733
1375
1141
803
643
567
661
719
374
478
445
376
437
352
382
292
375
497
447
429
461
487
523
533
514
533
579
528
505
653
777
726
1319
1317
1345
1445
1425
1311
1480
1485
1429
1461
1549
1276
1653
1175
1653
1617
1705
1749
1643
1603
1157
755
621
589
639
545
591
450
487
431
549
361
546
495
533
500
541
548
532
375
447
375
584
455
557
500
497
667
836
927
1060
1318
1402
1393
1077
1424
1447
1425
1485
1445
1481
1569
1631
1629
1303
1653
1584
1661
1697
1669
1752
1125
705
681
677
724
500
519
530
471
385
527
478
453
421
467
447
357
467
362
300
548
509
581
493
479
481
595
547
677
871
1059
1357
1393
1436
1317
1321
1341
1453
1068
1467
1489
1570
1607
1223
1669
1657
1701
1653
1801
1645
1036
848
677
452
663
513
509
387
406
499
527
428
591
522
383
465
407
523
529
383
471
415
676
535
532
535
563
569
726
564
735
1325
1393
1421
1306
1331
1370
1477
1172
1543
1124
1343
1603
1589
1751
1607
1588
1463
1733
1697
1456
913
685
569
615
375
533
466
443
355
406
533
505
477
383
465
397
407
452
292
459
456
453
533
575
551
530
519
623
968
903
1431
1417
1151
1423
1365
1297
1353
1407
1424
1459
1096
1475
1363
1563
1549
1647
1549
1569
1683
1677
1732
1423
1544
1471
1623
1623
1631
1623
1552
1625
1669
1617
1517
1523
1528
1391
1513
1291
1369
1437
1495
1499
1425
1471
1412
1456
1490
1431
1497
1110
991
1453
1388
1460
1489
1414
1419
1423
1415
1365
1441
1327
1039
1447
1385
1357
1460
1358
1452
1461
1357
1471
1389
