721
684
660
711
547
697
795
615
655
601
757
728
581
463
618
733
799
725
768
581
720
756
707
627
759
656
687
689
610
741
659
891
837
989
1101
969
1073
1079
1156
1169
1045
963
900
900
734
683
423
627
623
689
677
515
606
636
575
647
541
448
644
615
645
451
644
481
665
483
565
487
348
670
693
669
805
540
848
753
925
793
867
855
813
903
879
947
1029
1064
1017
995
1159
993
1183
927
919
775
765
510
667
335
535
644
611
666
647
586
618
505
467
479
601
586
592
593
452
506
634
491
621
540
564
575
739
672
773
751
781
822
814
791
773
896
548
943
913
902
819
935
930
1015
895
1127
1095
1075
958
859
751
621
535
589
552
635
488
510
477
521
558
543
456
643
578
543
449
497
467
573
533
678
439
406
565
575
749
687
725
629
820
727
768
767
598
843
821
751
912
928
965
895
965
1081
1073
1033
1016
971
855
820
702
655
609
404
587
613
491
561
563
626
390
451
519
578
531
643
431
655
443
606
569
423
523
528
540
547
568
707
768
757
823
814
805
763
841
855
631
913
893
891
883
991
1127
1124
895
967
1079
973
919
656
719
584
661
549
653
603
521
465
495
435
668
462
517
452
499
708
493
415
570
580
515
575
516
525
647
587
668
757
468
628
863
535
701
801
805
733
789
909
973
1054
1032
1006
653
1036
991
947
928
1001
831
651
748
552
660
564
583
544
639
396
634
645
589
423
520
508
529
423
625
391
625
511
619
536
445
476
575
709
679
700
616
721
681
809
839
882
655
745
755
901
919
983
1063
963
989
1095
1061
1035
821
1013
940
737
637
602
663
413
593
479
439
653
532
593
547
569
647
547
533
625
436
556
599
641
637
455
564
523
515
591
776
713
609
657
773
828
789
789
725
807
895
755
929
759
883
1133
1029
1069
978
1113
1101
913
931
879
641
756
593
628
604
593
551
610
537
541
527
609
573
551
447
567
548
509
419
636
631
631
592
517
444
724
695
713
709
711
799
855
841
837
880
832
940
993
1071
901
1061
1111
1033
855
963
1091
892
922
901
740
557
589
538
472
616
526
548
587
383
600
523
607
567
335
617
429
608
531
437
383
516
467
591
549
596
755
676
673
757
711
689
886
837
718
831
897
851
929
929
1060
1053
991
1013
1124
1137
1119
1076
1003
677
789
661
420
617
609
480
525
647
596
397
567
565
604
453
487
517
487
619
466
423
525
561
415
535
511
671
704
790
756
609
821
703
615
735
816
691
853
814
835
679
811
717
789
773
672
663
879
813
548
719
767
624
911
829
684
759
673
669
801
796
741
709
807
732
806
519
700
767
767
524
799
621
759
719
735
714
657
793
795
693
802
671
575
695
775
775
749
779
651
721
745
745
704
716
689
612
717
631
584
527
701
705
707
738
735
739
551
