1133
1157
1128
1069
1060
1051
1055
1084
1077
1087
1089
1165
1060
1043
1208
912
1187
1063
1220
1055
1181
1016
1189
852
1117
1231
1144
1153
960
1269
1143
1444
1679
1673
1649
1709
1666
1691
1711
1839
1251
999
709
721
613
569
617
471
644
507
400
314
400
424
456
344
519
432
373
389
543
462
566
533
510
543
501
438
487
799
1129
1367
1068
1351
1411
1431
1374
1489
1407
1517
1503
1679
1685
1663
1708
1691
1633
1689
1757
1651
1279
833
739
521
481
538
479
405
517
471
469
410
437
385
491
530
553
548
533
474
311
496
407
509
444
416
464
661
765
895
1484
1032
1399
1343
1399
1139
1405
1407
1228
1566
1563
1589
1661
1745
1710
1669
1681
1751
1752
1219
1140
751
556
619
484
541
483
482
579
569
524
427
557
428
388
425
505
358
528
232
401
583
648
584
435
533
571
679
724
1029
1431
1252
1348
1361
1329
1461
1380
1553
1585
1572
1135
1271
1684
1729
1717
1741
1733
1681
1677
1365
1029
688
573
611
539
492
511
655
405
465
483
353
549
355
323
455
533
387
454
435
528
312
447
602
447
387
467
708
747
1016
1571
1413
1383
1391
1429
1423
1419
1364
1524
1439
1591
1599
1693
1745
1712
1671
1487
1689
1669
1461
1179
695
671
573
571
609
595
501
334
437
419
451
505
429
379
371
433
506
538
546
472
431
609
340
576
527
551
559
765
914
1207
1424
1395
999
1251
1412
1415
1381
1295
1711
1330
1613
1223
1255
1717
1637
1713
1701
1677
1656
897
923
671
605
617
523
548
447
439
400
389
430
411
263
455
508
367
433
391
535
490
503
515
383
524
517
587
466
639
821
997
1344
1375
1407
1332
1397
1343
1463
1063
1481
1568
1511
1565
1623
1664
1653
1712
1717
1733
1696
989
1041
639
792
597
601
498
471
383
401
510
548
419
371
381
401
339
373
452
439
332
415
332
489
460
517
499
533
423
723
928
1239
1213
1389
1375
1397
1413
1432
1426
1416
1084
1493
1621
1616
1617
1641
1695
1671
1751
1541
1635
1204
628
649
551
563
621
461
465
502
655
474
518
215
535
405
443
420
413
393
432
433
427
581
465
479
599
523
607
759
831
1018
1301
1425
1423
1345
1315
1377
1413
1471
1251
1461
1589
1543
1645
1207
1684
1661
1695
1667
1631
1229
689
716
397
535
592
592
312
573
544
403
459
395
432
532
407
326
479
384
495
503
552
524
484
515
479
569
599
683
707
959
1469
1203
1398
1372
1311
1356
1151
1425
1385
1511
1511
1601
1204
1260
1621
1695
1635
1747
1749
1692
1045
683
727
550
613
469
450
415
423
501
401
482
461
339
500
445
413
386
432
513
562
437
514
535
620
488
476
637
689
821
1085
1389
1431
1381
1412
999
1279
1313
1397
1517
1509
1223
1517
1127
1491
1552
1581
1521
1629
1680
1670
1633
1651
1584
1764
1532
1301
1655
1577
1628
1676
1629
1511
1591
1256
1616
1095
1461
1588
1525
1449
1548
1573
1544
1535
1555
1525
1554
1499
1552
1559
1588
1558
1488
1557
1489
1456
1456
1479
1525
1421
1500
1549
1452
1545
1543
1440
1479
1476
1503
1477
1063
1424
1486
1593
1512
1439
1429
