936
1033
945
989
896
1025
1010
961
872
948
1029
897
935
871
719
933
1013
743
993
985
933
935
1008
995
936
988
1015
1009
919
1019
1109
1077
1381
1335
1365
1443
1468
1482
1260
1397
1051
747
643
627
615
568
565
479
479
561
430
498
487
374
498
497
485
487
399
562
329
507
603
550
411
554
473
748
805
959
1077
1044
1077
1063
1140
1127
1125
1207
1269
1257
1354
1353
1389
1429
1449
1403
1420
1489
1429
1297
917
735
549
592
485
580
479
554
429
435
359
445
485
295
567
455
471
467
503
688
453
415
429
447
521
444
572
661
1014
1071
1019
1098
1033
1061
1159
1154
1216
1277
1296
1047
1007
1394
1360
1399
1363
1412
1449
1437
1399
1105
845
660
619
531
609
587
455
515
483
532
415
327
467
479
453
366
501
407
553
459
429
425
553
436
525
458
669
691
977
949
1095
988
1098
1103
1183
1090
1265
1244
1192
1329
1311
1311
1421
1437
1343
1494
1451
1421
1139
1121
805
653
617
708
503
387
423
575
343
548
401
465
473
415
464
556
425
512
425
415
555
447
427
600
405
551
583
735
1044
927
1029
1041
1000
1156
1155
1087
1295
1307
1303
1329
1399
1334
1373
1328
1461
1470
1505
1477
1455
1047
739
605
637
451
492
383
471
444
561
457
447
591
536
463
580
468
429
507
449
455
471
527
445
449
412
611
711
639
1057
977
1021
1229
1096
1151
1119
1215
1287
1359
1374
1429
1359
1447
1332
1381
1472
1399
1102
1375
1229
947
757
436
359
543
606
560
472
467
310
556
320
501
558
425
428
459
423
687
541
562
555
327
517
554
500
556
815
929
1047
985
1079
1093
783
1119
1103
1276
1321
1311
1307
1397
1343
1444
1437
1345
1400
1469
1164
1516
1092
895
663
657
513
476
485
545
482
427
447
546
451
279
549
447
491
537
372
370
427
371
444
477
383
469
441
571
532
1169
951
1079
1021
1108
1133
1169
1185
1139
1296
1444
1171
1263
1399
1349
1337
1445
1231
1485
1493
1369
1119
853
668
591
546
548
488
531
455
513
471
520
344
423
294
541
453
552
518
418
423
535
260
515
354
439
543
604
492
1095
1095
991
1090
1102
1139
1220
1207
1313
1331
1508
1379
1100
1423
1335
1437
1474
1425
1469
1458
1376
1006
880
657
645
483
509
447
557
487
412
444
477
479
477
588
480
392
463
476
460
607
533
461
255
395
487
463
654
868
1105
1231
1041
975
1117
1039
1107
1290
1321
1221
1279
1393
1313
1369
1405
1445
1401
1469
1375
1444
1361
1335
969
703
662
486
549
488
565
437
447
371
523
263
533
488
316
429
339
490
536
423
479
437
576
439
687
452
511
690
798
1015
1039
1045
1109
1101
1119
1199
1095
1325
1314
1411
1407
1312
1349
1123
1341
1455
1301
1269
1381
1277
1037
1332
1233
1293
1215
1327
1302
1270
1267
1143
1088
1237
1311
1251
1265
1265
1303
1043
1213
1285
935
1211
1327
1279
1243
1140
1285
1391
1231
1205
1237
1215
1277
1189
1286
1249
1167
1279
1215
1223
1260
1213
1241
1261
1251
1223
1186
1167
1253
1192
1129
1191
1175
1071
1253
1225
1069
1224
1197
1247
1292
