1363
1429
1443
1399
1445
1383
1379
1413
1413
1428
1492
1333
1355
1349
1472
1332
1353
1389
1500
1429
1291
1440
1425
1549
1425
1352
1047
1445
1227
1391
1344
1620
1629
1687
1663
1807
1813
1775
1713
1799
1783
1619
1804
1008
691
553
686
501
491
517
333
340
367
427
505
467
496
381
523
410
470
477
553
431
453
527
630
528
502
767
813
962
1181
1748
1489
1471
1677
1279
1701
1637
1661
1700
1727
1727
1841
1809
1795
1786
1867
1817
1677
927
743
607
594
551
533
478
474
543
564
453
433
378
437
510
392
401
445
490
666
582
511
575
515
506
435
583
733
799
676
1151
1505
1255
1625
1513
1639
1668
1673
1738
1781
1695
1769
1598
1833
1857
1859
1825
1903
1556
1187
847
727
584
518
435
517
522
545
438
495
560
415
437
520
369
401
449
429
672
383
648
502
468
491
584
580
756
697
799
989
1093
1509
1645
1159
1695
1748
1524
1348
1359
1773
1628
1551
1740
1524
1857
1847
1845
1831
1751
1151
639
649
598
502
528
465
461
343
474
508
443
458
446
437
512
453
465
474
465
448
468
441
565
521
573
384
586
664
823
742
981
1636
1612
1653
1602
1645
1644
1741
1749
1695
1752
1729
1806
1782
1831
1767
1407
1780
1481
1157
767
646
595
638
383
528
599
519
487
436
444
440
452
385
407
444
387
339
471
496
660
577
463
599
535
404
617
590
920
977
1130
1031
1591
1517
1637
1679
1775
1641
1279
1308
1772
1813
1572
1789
1791
1784
1279
1759
1735
1188
927
667
557
552
451
581
496
717
551
458
455
503
453
448
443
417
435
429
479
518
489
661
477
383
503
519
537
711
811
812
1108
1367
1637
1605
1613
1701
1693
1630
1705
1700
1759
1683
1791
1475
1559
1813
1324
1831
1808
1277
821
723
412
528
584
496
517
491
493
452
428
374
400
511
300
528
500
444
531
479
479
563
583
391
536
533
462
559
772
628
1183
1445
1567
1618
1610
1703
1738
1661
1807
1676
1733
1808
1791
1837
1852
1737
1749
1871
1605
1125
799
783
660
535
543
485
528
521
529
467
447
416
533
412
461
455
416
497
573
383
499
473
513
469
302
501
629
663
726
604
948
1351
1605
1575
1716
1349
1693
1628
1681
1599
1717
1687
1767
1773
1877
1801
1956
1789
1791
1141
869
689
632
516
449
566
403
535
488
465
415
559
437
451
551
427
401
425
504
713
501
513
604
552
476
554
649
525
685
819
1034
932
1395
1159
1659
1648
1647
1669
1638
1653
1701
1332
1749
1461
1647
1967
1407
1804
1713
1189
803
640
612
466
500
533
324
481
664
578
335
391
401
320
421
417
469
415
457
509
535
517
478
523
491
610
719
627
669
791
1051
1329
1639
1605
1300
1701
1623
1492
1719
1599
1757
1733
1728
1808
1740
1701
1797
1739
1777
1672
1629
1645
1704
1677
1593
1671
1591
1588
1620
1565
1473
1492
1269
1392
1245
991
979
786
647
964
923
863
931
888
860
929
900
947
767
930
932
943
967
831
955
933
853
903
919
719
831
917
851
912
845
615
1000
623
599
919
881
893
833
861
844
885
919
783
598
