1071
1405
1477
1475
1084
1461
1467
1485
1425
1456
1481
1463
1421
1031
1425
1267
1485
1279
1459
1401
1407
1435
1440
1476
1439
1479
1293
1464
1379
1453
1492
1315
1588
1700
1383
1695
1787
1813
1711
1853
1935
1829
1351
1727
1751
726
541
509
533
613
447
447
356
461
438
583
466
391
569
472
450
553
548
469
531
383
549
533
540
423
533
619
844
919
1064
1231
1589
1601
1717
1727
1741
1748
1737
1729
1847
1811
1935
1815
1548
1813
1683
1753
1833
1804
851
683
617
621
529
541
589
597
399
628
451
479
327
383
479
599
387
505
481
523
500
368
529
595
665
510
609
613
735
855
936
1194
1319
1791
1703
1747
1871
1745
1720
1776
1244
1829
1933
1720
1972
1861
1837
1763
1820
1773
799
603
503
439
490
564
471
471
493
439
409
469
418
238
546
391
472
501
460
477
468
561
583
510
592
614
644
677
842
919
1103
1279
1631
1780
1681
1729
1729
1268
1239
1411
1801
1841
1853
1803
1857
1893
1804
1791
1856
1223
833
607
372
497
459
501
554
477
429
464
483
534
535
294
556
616
570
457
383
531
529
560
474
499
612
563
704
742
757
905
1121
1227
1671
1679
1717
1663
1701
1681
1783
1717
1807
1695
1885
1863
1367
1805
1509
1767
1769
755
599
531
565
532
452
595
581
515
340
584
493
436
449
410
552
419
549
435
496
443
547
611
455
531
415
564
541
751
758
952
1015
1455
1668
1663
1725
1705
1278
1695
1709
1717
1812
1799
1715
1823
1845
1966
1860
1773
1812
1089
631
544
621
583
403
587
484
591
477
456
454
355
497
416
540
429
575
497
340
492
655
447
415
552
628
608
677
797
837
1038
1093
1349
1661
1159
1823
1703
1685
1663
1868
1789
1738
1781
1767
1831
1820
1679
1792
1993
1713
951
701
719
375
475
457
497
448
505
577
499
421
327
463
454
296
481
548
495
437
511
465
528
463
547
537
609
596
943
783
1083
1129
1087
1765
1623
1671
1487
1287
1781
1791
1703
1739
1815
1873
1851
1893
1759
1813
1539
1797
901
691
659
383
509
531
441
509
484
439
326
429
431
383
433
406
478
576
552
528
508
514
517
616
550
539
525
712
709
809
999
959
1199
1507
1735
1176
1653
1680
1721
1769
1809
1728
1727
1570
1749
1815
1295
1487
1759
1412
1799
1255
803
533
579
591
543
587
433
560
565
387
591
417
399
489
532
560
458
575
535
517
546
582
497
581
419
533
412
729
709
915
1078
1137
1427
1639
1807
1735
1301
1693
1735
1745
1699
1791
1798
1799
1663
1865
1825
1777
1829
1797
933
671
595
526
471
433
447
495
383
581
383
424
511
382
388
564
298
371
520
595
314
492
577
557
528
625
513
575
663
768
903
1088
1221
1317
1573
1191
1181
1476
1765
1759
1796
1695
1731
1743
1776
1823
1723
1791
1759
1713
1697
1682
1749
1745
1687
1724
1685
1604
1611
1428
1645
1672
1524
1437
1477
1295
1151
1394
1365
1339
1245
1156
1105
756
911
1021
1069
1055
1116
1077
1108
997
1041
1013
1055
997
1095
1081
1061
949
864
867
1013
961
1023
969
961
999
1031
991
1002
960
1061
1029
1007
