697
695
677
645
487
665
558
604
532
605
648
687
710
747
784
733
647
703
773
755
681
782
706
504
780
687
758
751
691
663
806
619
504
715
725
813
961
861
973
998
1091
957
1095
832
1063
959
882
751
708
661
597
463
651
593
599
489
601
607
528
453
359
435
547
647
579
586
514
639
383
617
616
487
619
609
777
594
723
731
849
740
861
909
928
815
599
885
907
1007
941
805
884
1020
1011
1052
1045
999
947
901
779
516
540
456
634
607
628
655
593
575
529
667
600
576
554
464
469
639
719
383
581
565
501
452
599
625
823
743
703
775
805
723
875
868
685
837
927
863
1048
1005
1152
1067
947
1095
1121
1011
1077
847
919
944
759
601
691
529
472
663
482
541
545
517
527
621
565
601
578
489
455
443
629
493
551
568
541
538
451
669
642
701
781
684
759
806
805
813
869
855
894
932
966
951
917
947
1079
998
983
908
1061
1072
1114
732
705
730
464
553
597
597
435
672
559
547
653
533
599
621
543
471
447
457
625
419
499
567
517
364
508
575
785
671
711
719
627
809
735
823
909
789
914
927
1108
971
991
998
1051
1095
1102
1167
1117
1057
994
980
821
753
544
584
629
659
519
577
583
627
497
654
534
458
469
502
629
515
530
459
559
467
599
511
627
584
707
713
667
715
687
805
811
780
919
892
823
837
808
928
985
815
1111
767
1015
867
1081
991
1019
931
811
707
629
621
692
640
623
509
612
375
585
463
631
650
551
564
465
479
567
591
508
548
507
534
535
601
643
609
748
703
640
791
551
813
885
859
853
908
985
947
1055
943
980
766
969
1076
812
1057
1001
805
684
737
647
574
567
661
448
601
655
479
579
656
531
581
648
496
523
543
648
535
581
553
471
505
584
662
767
663
619
695
737
703
827
525
837
887
845
664
851
1021
1075
1079
1065
836
814
1092
957
959
951
695
713
607
673
608
592
602
643
571
527
562
486
447
467
452
569
584
431
488
541
485
596
584
567
482
487
601
647
645
708
701
662
757
765
737
813
900
959
668
945
943
990
1004
1016
1037
1058
1025
1039
1053
871
881
633
487
544
447
631
501
692
543
597
768
509
543
647
634
384
582
599
637
608
539
461
479
601
597
527
556
651
671
610
712
778
807
791
813
808
833
936
909
967
929
1063
1011
1023
1194
1077
1019
743
985
741
869
641
726
478
647
610
557
499
673
471
679
544
551
407
482
495
631
625
635
419
615
535
463
526
548
548
676
709
669
658
762
519
532
871
740
857
880
741
659
791
773
739
801
743
627
772
692
801
737
520
797
797
839
675
777
605
733
602
773
749
821
773
779
721
716
687
803
813
791
735
781
716
717
657
648
492
733
759
728
780
721
578
639
624
634
766
778
735
743
640
813
672
705
721
755
727
625
766
764
815
687
745
803
