1501
1433
1461
1473
1093
1495
1477
1413
1439
1239
1295
1383
1407
1489
1380
1476
1499
1485
1368
1240
1488
1470
1488
1479
1343
1335
1375
1442
1420
1503
1543
1605
1716
1783
1583
1897
1619
1844
1887
1681
1853
1838
1331
593
464
607
539
559
616
583
543
512
415
475
414
466
593
447
751
534
581
607
396
599
561
479
661
767
971
884
945
1205
1357
1468
1653
1727
1681
1759
1728
1789
1791
1863
1893
1833
1911
1885
1853
1692
1803
1129
509
521
669
576
367
640
503
431
592
511
545
452
615
473
559
527
477
448
515
440
525
716
515
561
327
621
639
759
883
1077
1205
1421
1505
1633
1661
1788
1749
1773
1509
1773
1487
1845
1879
1729
1727
1575
1777
1832
885
769
582
584
533
625
484
526
434
571
373
458
581
655
370
465
545
323
481
513
507
503
655
533
620
515
543
604
839
749
962
1129
1269
1458
1799
1641
1388
1700
1871
1749
1788
1745
1831
1861
1785
1842
1407
1727
1696
1791
955
820
547
589
545
497
383
495
509
439
568
455
497
408
509
355
469
477
295
591
383
348
688
532
599
536
611
495
587
677
912
1127
1151
1311
1172
1278
1677
1325
1735
1724
1713
1407
1833
1351
1876
1889
1780
1825
1817
1817
1369
751
785
577
588
494
555
599
535
447
593
524
575
437
451
362
472
479
512
481
537
517
351
469
626
611
419
367
511
629
673
1008
1013
1237
1533
1525
1286
1807
1737
1735
1727
1679
1812
1633
1803
1404
1829
1791
1810
1845
1653
967
661
559
580
513
543
520
435
343
443
477
571
428
429
483
447
509
559
371
479
503
592
383
447
542
372
647
552
735
829
1004
1137
1313
1525
1731
1684
1669
1687
1757
1789
1757
1844
1873
1599
1821
1883
1759
1615
1663
1444
533
643
420
575
492
424
332
579
541
449
567
415
491
383
439
491
553
543
477
479
479
509
447
505
493
605
556
724
621
655
949
1085
1203
1160
1748
1735
1759
1757
1812
1631
1505
1759
1316
1863
1823
1810
1779
1839
1763
1671
963
726
592
399
592
493
471
549
496
492
439
561
419
423
429
415
448
300
533
510
544
620
617
625
511
613
592
550
1055
980
979
1245
1331
1533
1709
1443
1741
1783
1839
1772
1668
1777
1845
1861
1863
1603
1789
1741
1575
919
789
647
607
551
621
447
522
567
532
484
511
561
530
447
569
505
429
687
487
463
415
497
599
511
515
673
447
592
715
848
668
1233
1317
1561
1809
1687
1732
1699
1783
1753
1737
1399
1745
1861
1564
1801
1809
1903
1751
1369
753
721
583
607
556
463
383
479
517
521
417
327
519
584
519
421
612
692
551
455
431
485
607
527
600
532
497
589
492
783
921
1188
1091
1575
1767
1543
1739
1761
1767
1735
1261
1791
1745
1741
1776
1695
1487
1713
1747
1663
1740
1737
1670
1655
1617
1669
1602
1612
1591
1541
1452
1421
1425
1305
709
949
679
707
695
844
814
725
559
773
516
741
506
657
785
518
691
761
742
693
743
796
640
719
563
715
847
701
611
772
510
753
723
720
745
714
690
567
708
695
700
768
519
654
723
688
709
