1024
924
900
931
879
941
908
947
736
895
933
963
945
925
975
907
956
932
828
929
903
1071
953
927
903
843
835
933
964
952
872
871
1043
1060
1205
1213
1383
1397
1377
1489
1335
1485
1068
1477
1431
867
829
674
709
611
483
508
468
626
441
604
455
483
501
510
609
484
650
479
507
612
491
459
607
413
419
442
607
815
933
1125
1145
1045
832
1069
1106
1133
1105
1107
1389
1360
1389
1499
1460
1489
1515
1135
1413
1459
1459
1393
1101
795
661
645
503
481
503
460
423
415
549
561
712
436
497
509
537
514
452
431
517
615
539
592
469
449
499
551
751
1045
1119
1149
1041
1142
1155
1105
1156
1137
1157
1212
1351
1411
1439
1495
1409
1501
1485
1505
1515
1445
1021
1076
731
589
543
559
335
476
604
384
388
368
388
505
585
590
428
454
497
431
519
412
423
570
547
399
498
679
767
931
1137
1125
1111
1163
1127
1157
1199
1169
1180
839
1313
1325
1483
1501
1412
1429
1464
1449
1047
1377
1365
1047
749
749
603
643
511
505
524
327
569
529
484
448
507
503
356
509
464
531
537
443
481
471
547
383
601
585
713
1063
1145
1051
839
1061
1170
1109
963
1131
1221
1281
1316
1369
1509
1361
1490
1505
1441
1437
1491
1361
1084
904
556
696
501
629
567
521
499
498
509
383
435
448
564
494
595
491
544
399
589
484
517
592
541
582
509
555
753
1023
1071
1081
1143
1121
1180
852
1188
1137
1264
1293
1339
1467
1493
1515
1084
1489
1438
1365
1473
1449
1167
883
617
613
589
543
543
503
447
425
589
464
503
466
423
551
613
448
429
436
496
443
445
475
422
383
589
648
767
1055
1167
975
1172
1109
1137
1137
1153
1236
1052
1359
1413
1405
1468
1439
1445
1341
1501
1441
1423
1347
1015
833
581
657
645
613
517
407
408
578
316
563
459
623
533
529
419
447
479
485
583
455
514
454
411
451
455
487
1012
1163
1021
1159
1042
1049
1125
1084
1205
1191
1239
1393
1479
1443
1393
1412
1413
1333
1461
1450
1487
1043
931
695
682
599
444
521
514
375
459
383
383
503
553
485
396
611
563
431
591
555
591
583
562
551
403
455
723
831
1059
1087
1063
916
1037
1117
1171
1271
1245
998
1143
1396
1345
1235
1216
1497
1392
1289
1448
1361
1297
1073
853
655
613
524
447
493
513
503
343
400
589
471
543
490
566
469
605
600
459
421
435
499
577
535
435
570
597
608
1089
1088
1043
1125
1113
1149
1129
1027
1253
1281
1373
1321
1366
1473
1251
1466
1407
1457
1503
1425
1341
835
821
709
640
561
560
469
449
448
455
529
589
559
522
519
597
599
433
535
564
468
445
333
455
573
539
566
576
1009
1295
1049
1148
1105
1169
1125
1221
1238
1279
1327
1213
1213
1200
1136
1225
1256
1210
1247
1151
1151
1203
1202
1223
1293
1122
1087
1117
1157
1231
1070
836
1293
1156
1137
1172
1141
1066
1107
1129
1121
1172
960
1061
1141
1093
1175
1111
931
1133
1181
1055
1118
1130
1172
1111
1085
1029
1023
1119
1101
975
1231
1156
1169
1161
1105
1107
1141
1109
1092
1111
1135
1023
1139
1118
1105
