1474
1521
1501
1525
1498
1447
1497
1383
1445
1411
1375
1409
1489
1409
1497
1519
1171
1504
1497
1588
1551
1441
1648
1393
1477
1489
1502
1471
1489
1352
1359
1477
1495
1457
1521
1613
1475
1783
1815
1845
1809
1876
1831
1849
1761
1839
763
663
458
564
447
439
611
597
471
459
339
565
503
461
399
621
607
471
359
437
560
719
470
451
708
796
869
1095
1308
1757
1623
1617
1717
1739
1755
1777
1687
1729
1756
1751
1851
1924
1821
1831
1879
1765
1345
987
671
604
677
391
525
531
328
479
520
573
510
513
534
465
479
463
541
462
343
465
501
629
467
641
512
486
685
632
797
963
998
1267
1617
1637
1635
1700
1629
1699
1653
1876
1755
1411
1761
1319
1814
1831
1655
1829
1733
1357
896
773
496
403
445
348
471
528
535
410
385
564
416
513
388
524
497
484
477
387
480
455
359
493
496
596
751
455
627
757
968
1031
1131
1392
1767
1639
1516
1471
1617
1625
1255
1644
1318
1719
1725
1780
1745
1547
1837
1828
1821
995
861
644
685
447
375
517
494
480
485
415
335
473
423
439
325
533
327
589
613
527
455
479
388
696
631
534
503
717
715
955
815
1644
1589
1649
1706
1303
1732
1653
1732
1725
1751
1763
1767
1773
1797
1721
1775
1636
1365
1045
771
653
463
511
416
457
471
401
557
339
478
437
454
525
444
540
412
574
626
622
592
499
447
447
509
501
598
671
620
887
916
1129
1655
1629
1487
1621
1665
1695
1335
1633
1745
1631
1765
1749
1845
1839
1766
1837
1759
1375
980
732
779
678
593
501
517
577
451
515
551
327
471
492
433
463
533
383
463
487
496
327
621
565
571
576
590
639
703
927
1016
1287
1734
1527
1484
1677
1685
1567
1691
1655
1734
1653
1733
1805
1852
1813
1935
1812
1664
1309
964
739
631
383
469
589
382
489
544
439
465
401
528
391
551
343
491
511
567
459
517
343
509
480
565
579
705
761
940
704
1215
1537
1511
1617
1689
1705
1561
1716
1744
1303
1271
1838
1731
1759
1777
1303
1787
1608
1379
1301
911
749
624
677
348
506
447
457
593
529
469
453
463
519
500
453
292
458
572
595
487
447
615
529
640
511
679
711
703
975
1284
1252
1619
1661
1588
1646
1637
1408
1767
1765
1681
1759
1769
1725
1811
1761
1827
1845
1759
1537
1125
868
605
772
476
514
501
533
471
463
485
401
420
483
373
532
532
473
456
603
578
535
621
655
523
564
545
713
693
884
1010
1321
1701
1198
1673
1681
1633
1749
1491
1769
1776
1645
1777
1763
1844
1772
1793
1729
1745
1489
1020
845
595
551
383
340
340
513
531
456
488
455
415
389
451
364
526
519
459
477
447
515
485
504
593
505
533
597
737
701
630
1042
1095
1711
1791
1540
1379
1191
1447
1741
1655
1655
1717
1730
1731
1701
1783
1765
1732
1709
1732
1718
1759
1407
1716
1239
1619
1597
1657
1546
1268
1238
1180
1525
1490
1381
1073
1051
1077
946
917
863
874
955
947
820
725
919
868
861
863
844
801
821
744
885
913
753
874
885
869
875
810
778
935
827
855
799
886
893
901
549
805
807
