1269
1087
1313
1317
1289
1249
1216
1317
1335
1328
1300
1324
1345
1265
1348
1324
1342
1238
1223
1281
1284
1245
1285
1187
1303
1281
1287
1253
1328
1376
1429
1439
1608
1605
1717
1759
1540
1743
1776
1789
1584
1245
781
661
643
607
529
436
532
433
552
383
503
532
543
555
403
351
496
440
592
494
583
609
492
584
633
503
553
724
798
1089
1535
1493
1493
1437
1564
1615
1581
1487
1628
1623
1657
1661
1703
1531
1717
1753
1785
1765
1751
941
703
689
640
549
508
359
543
587
471
567
400
551
466
371
441
417
433
445
567
599
595
433
532
386
447
562
615
737
583
1111
1509
1493
1493
1478
1422
1513
1509
1575
1570
1641
1585
1675
1242
1703
1638
1767
1774
1753
1567
1158
812
671
575
538
532
510
554
497
436
519
433
435
533
546
519
542
358
520
537
473
457
510
509
622
551
383
384
603
821
1045
1444
1473
1456
1483
1457
1428
1556
1493
1535
1567
1631
1707
1735
1689
1753
1728
1757
1511
1661
1151
809
684
588
600
542
461
548
571
464
455
465
355
378
511
495
307
455
456
447
453
419
467
553
621
416
501
744
599
856
1030
1447
1469
1347
1463
1517
1679
1589
1473
1501
1589
1673
1812
1544
1781
1721
1523
1768
1551
1549
1225
759
687
592
509
451
649
416
295
582
421
539
464
411
472
408
436
416
439
547
469
437
517
548
517
613
415
748
624
807
1073
1398
1429
1469
1443
1439
1467
1527
1555
1554
1359
1605
1631
1697
1669
1628
1671
1670
1745
1665
1215
783
721
618
560
507
569
586
418
459
407
433
370
513
437
344
308
323
404
483
487
430
543
588
507
513
567
613
872
706
928
1313
1151
1421
1088
1031
1440
1271
1509
1127
1621
1599
1593
1608
1773
1581
1246
1780
1788
1788
1285
797
580
578
511
469
660
516
392
485
465
350
295
623
529
254
199
410
351
295
455
324
589
545
687
543
497
648
741
789
803
1251
1438
1423
1389
1413
1500
1537
1479
1479
1544
1652
1383
1631
1648
1717
1445
1744
1694
1747
1217
878
711
607
507
543
529
468
571
511
469
452
404
420
514
521
383
433
385
459
320
482
463
388
481
469
477
605
663
725
886
1119
1469
1503
1365
1431
1345
1463
1539
1525
1127
1679
1599
1681
1653
1852
1743
1669
1701
1687
1107
862
711
552
539
567
359
335
563
417
421
541
403
388
427
496
591
389
255
501
583
535
335
447
464
596
509
602
673
705
919
1076
1473
1073
1429
1343
1068
1431
1441
1547
1527
1669
1287
1657
1673
1685
1703
1737
1701
1654
1714
1056
775
788
680
284
285
450
437
423
493
403
366
278
476
413
387
365
391
403
513
445
435
555
624
468
553
607
499
653
721
929
1247
1425
1445
1369
1464
1383
1411
1545
1381
1537
1636
1637
1609
1658
1684
1701
1691
1557
1662
1569
1713
1625
1604
1564
1605
1407
1469
1379
1652
1639
1579
1508
1501
1063
1471
1151
1445
1171
1453
1443
1443
1431
1457
1341
1379
1147
1450
1423
1459
1375
1459
1407
1232
960
1447
1548
1519
1108
1203
1409
1279
1396
999
1365
1361
1436
1367
1385
1421
1364
1045
1232
1401
1387
1197
1381
1400
