893
817
1076
911
1069
1028
1088
977
1023
1083
947
967
1017
959
1005
1161
956
993
964
1032
1167
937
983
1051
951
803
1018
1133
1092
1167
1181
1111
1221
1353
1135
1572
1674
1577
1651
1620
1653
1639
1245
848
750
620
492
642
399
597
450
577
464
548
464
449
464
543
411
461
455
447
521
399
640
439
519
513
569
659
805
965
1189
1245
1302
1364
1223
1287
1205
1255
1213
1285
1343
1387
1525
1553
1631
1591
1627
1625
1571
1534
1153
763
728
703
521
491
485
535
549
470
527
463
520
436
358
475
549
320
564
536
471
455
525
477
573
509
511
602
500
893
1159
1205
1271
1319
997
1265
1165
1210
1170
1259
1382
1405
1544
1620
1597
1685
1644
1236
1630
1628
1439
999
833
681
613
495
642
459
497
593
467
543
401
467
378
567
529
514
577
324
447
462
528
407
570
592
471
451
510
578
535
861
1117
1232
1197
1236
1162
1184
1239
1172
1221
1335
1421
1416
1559
1537
1620
1588
1634
1363
1629
1565
1168
1169
933
611
651
511
583
552
433
522
453
383
386
479
343
573
351
497
308
343
527
396
427
367
511
605
418
543
640
789
895
1195
1245
1321
1236
1162
1221
1218
1207
1216
1301
1247
1421
1500
1621
1623
1553
1573
1443
1605
1577
1585
1101
767
653
595
579
481
614
622
577
510
571
440
457
472
393
469
573
264
375
438
380
503
603
520
545
482
479
653
787
945
1227
1279
983
1293
1158
1071
1167
1223
1161
1251
1386
1497
1261
1567
1679
1130
1649
1205
1557
1607
1109
1005
663
711
662
448
536
467
407
591
535
401
513
358
564
438
452
562
535
389
417
500
571
512
532
655
550
603
767
839
1117
1172
1252
1088
1221
1303
1269
1147
1168
1257
1328
1029
1492
1541
1565
1471
1672
1660
1263
1604
1631
1167
797
698
683
383
506
605
534
644
575
484
567
401
511
408
424
523
520
548
463
455
522
510
529
617
558
471
613
724
875
1113
1119
1236
1303
1279
1140
1200
935
1279
919
1289
1283
1429
1503
1567
1199
1602
1606
1346
1597
1036
1023
751
617
552
569
464
492
551
483
465
450
557
385
364
460
389
433
503
455
349
564
561
507
435
615
584
583
452
765
861
1252
1144
1228
1221
1285
1232
1204
1201
1213
1253
1371
1445
1521
1237
1571
1569
1629
1152
1543
1517
984
948
738
653
567
557
593
445
500
595
447
461
415
490
447
295
410
437
483
319
452
509
493
429
583
511
631
454
669
767
1208
1125
1183
1364
1195
1039
1120
1159
1193
1255
1350
1429
1431
1428
1483
1589
1569
1475
1473
1556
1367
1108
801
690
487
513
447
541
465
510
465
475
411
423
428
385
554
488
447
551
499
385
418
617
551
422
650
552
499
880
707
941
683
1143
1196
1168
1253
1178
975
1195
980
1125
1215
1146
863
1181
1227
1293
1283
1482
1447
1552
1549
1497
1652
1363
1665
1583
1526
1605
1500
1579
1552
1407
1467
1463
1503
1541
1510
1445
1489
1455
1468
1048
1473
1575
1525
1487
1533
1235
1519
1491
1512
1507
1151
1405
1495
1359
1134
1424
1543
1453
1549
1499
1483
1469
1452
1364
1425
1467
1495
1385
