1323
1251
1313
1329
1362
1325
1285
1289
1361
1277
1360
1215
1233
1253
1309
1059
1323
941
1297
1360
1155
1247
1227
1317
1329
1270
902
1351
1323
1311
1269
1345
1401
1543
1600
1711
1645
1663
1728
1839
1884
1811
1491
1759
980
781
653
613
501
535
477
500
485
434
593
451
525
479
469
387
472
459
263
411
564
416
416
508
624
552
491
607
695
863
956
1525
1452
1488
1495
1652
1361
1577
1516
1652
1599
1669
1663
1695
1785
1713
1733
1761
1729
1172
1023
790
463
575
546
482
433
544
492
401
407
399
383
536
381
374
437
383
465
573
373
605
546
443
510
441
523
503
669
815
1086
1106
1453
1052
1469
1501
1606
1525
1501
1573
1638
1671
1693
1749
1777
1781
1300
1725
1613
1717
895
721
683
615
569
531
589
529
589
330
604
465
391
538
439
403
416
471
508
355
375
476
474
517
592
522
592
687
677
795
1165
1479
1474
1449
1443
1535
1561
1582
1489
1597
1561
1655
1665
1669
1523
1685
1711
1743
1719
1531
1005
794
575
547
559
607
420
479
580
668
477
558
384
401
415
528
344
387
381
442
479
565
510
445
501
513
425
648
629
711
1095
1477
1411
1412
1439
1471
1551
1352
1583
1619
1559
1684
1655
1871
1808
1768
1581
1763
1765
1397
1013
761
727
605
519
493
559
588
500
483
383
496
416
511
411
396
453
383
498
303
563
421
420
532
419
465
506
579
745
863
1059
1380
1458
1425
1383
1447
1591
1517
1581
1255
1621
1671
1567
1319
1755
1739
1375
1892
1753
1365
1009
808
452
511
295
481
447
457
477
439
325
311
488
414
417
433
535
549
401
446
467
437
576
415
712
523
557
577
781
849
1047
1448
1353
1028
1399
1088
1505
1447
1436
1581
1535
1655
1701
1708
1263
1757
1755
1772
1744
1373
1043
749
743
675
656
531
543
517
447
419
487
463
297
325
416
460
411
376
279
383
433
465
512
383
543
605
513
577
755
639
927
1092
1451
1477
1489
1451
1533
1595
1581
1555
1533
1655
1623
1608
1729
1743
1676
1749
1224
1385
1100
727
607
618
543
485
543
513
487
439
437
477
489
413
403
423
397
412
464
279
591
431
523
485
541
527
557
572
683
799
981
1453
1509
1380
1419
1461
1489
1457
1453
1612
1637
1589
1645
1236
1668
1767
1711
1695
1616
1456
963
817
704
663
384
475
448
570
439
425
420
527
467
471
407
357
506
482
520
535
548
443
585
540
391
509
621
657
724
769
1017
1403
1458
1413
1405
1488
1323
1485
1128
1556
1563
1191
1693
1772
1487
1732
1715
1747
1703
1427
1189
746
689
675
565
614
523
543
383
512
308
401
434
423
538
367
495
381
392
445
439
417
525
469
505
474
543
783
674
735
991
1437
1397
1441
1431
1489
1497
1539
1607
1564
1621
1639
1666
1697
1625
1685
1710
1693
1651
1633
1760
1713
1633
1701
1709
1693
1641
1605
1647
1639
1597
1601
1574
1437
1411
1449
1379
1375
1345
1313
1328
999
1363
1342
932
1271
1309
1362
1332
1328
1359
1381
1487
1375
1385
1261
1344
1360
1040
1353
1329
1321
1423
1335
1313
1241
1375
1348
1362
950
1485
1105
1345
980
1215
1367
