1461
1507
1457
1493
1439
1485
1267
1452
1493
1359
1479
1513
1511
1407
1516
1503
1511
1437
1433
1279
1117
1460
1501
1119
1433
1504
1500
1424
1361
1525
1597
1727
1781
1759
1879
1846
1867
1856
1837
1823
1820
1767
678
597
502
467
383
453
592
615
531
519
551
419
581
542
506
476
547
617
595
641
451
492
548
555
579
607
615
895
959
1157
1334
1440
1861
1621
1665
1732
1710
1765
1729
1603
1933
1901
1599
1829
1857
1860
1845
1523
1245
672
399
493
415
551
580
383
505
427
543
568
449
471
401
319
493
355
479
513
521
453
474
615
547
572
639
693
745
951
1153
997
1295
1752
1663
1653
1693
1725
1599
1721
1753
1695
1865
1780
1823
1861
1831
1765
1834
1088
524
557
545
533
415
545
496
543
433
387
469
443
438
401
391
436
519
585
622
548
503
625
555
599
581
400
599
607
804
949
1074
1263
1419
1713
1364
1801
1761
1396
1756
1767
1868
1813
1456
1720
1833
1868
1886
1773
1777
1331
689
544
625
619
481
461
528
371
687
360
468
660
479
320
457
487
445
534
561
362
548
488
571
535
532
551
575
767
519
714
1041
1169
1507
1968
1635
1757
1539
1628
1795
1707
1672
1861
1825
1901
1839
1886
1859
1727
1783
901
672
563
501
366
467
581
475
433
455
445
479
533
401
330
427
452
424
465
327
605
562
493
295
551
601
435
714
773
939
1061
1185
1383
1622
1735
1807
1745
1767
1781
1751
1479
1817
1829
1837
1872
1821
1884
1495
1841
1422
749
815
577
498
595
529
343
447
332
417
481
481
571
478
620
415
431
501
295
605
356
383
535
457
486
619
509
600
640
794
997
1057
1183
1187
1191
1697
1687
1705
1865
1725
1695
1790
1837
1856
1861
1608
1825
1867
1791
1477
1156
705
579
543
522
447
453
556
460
526
493
334
584
320
476
465
399
569
371
471
649
328
359
541
509
455
515
692
750
784
948
1137
1315
1375
1461
1703
1772
1751
1771
1799
1967
1572
1845
1920
1712
1845
1873
1984
1813
1833
1039
822
607
522
392
501
604
511
509
415
449
412
411
453
561
252
483
436
383
489
387
456
622
634
653
551
660
645
706
707
1104
963
1377
1621
1723
1699
1273
1772
1695
1781
1779
1828
1615
1382
1831
1940
1879
1359
1831
1503
640
593
543
464
581
399
439
511
499
311
468
419
509
392
477
390
500
496
332
543
603
383
548
521
447
574
575
667
813
942
1097
1165
1425
1588
1649
1411
1717
1695
1348
1729
1792
1647
1796
1351
1883
1407
1821
1617
1781
1180
821
621
639
629
508
522
581
476
427
590
565
420
422
383
395
465
429
431
518
545
519
561
621
494
508
585
658
663
759
831
1113
1172
1336
1733
1592
1661
1759
1693
1279
1604
1717
1279
1800
1717
1696
1784
1768
1759
1777
1759
1747
1740
1475
1703
1475
1736
1665
1395
1565
1589
1476
1512
1457
1389
1111
713
979
867
944
789
849
820
797
556
872
850
703
851
735
757
859
840
727
500
721
853
896
744
804
847
807
799
611
607
743
837
749
631
789
801
801
786
814
643
675
773
739
735
700
788
733
