3431
2647
3443
3442
2647
3387
3599
3135
2787
2535
3437
3369
2608
3477
3380
3381
3349
3391
2771
3443
3371
2642
3340
2960
3447
3347
3355
3325
3385
3427
3303
3353
3357
3058
3263
3477
3420
3339
3528
3339
3431
2907
3429
3403
3431
3398
3432
3199
3460
3397
3427
3424
3545
3366
2815
3389
2711
3043
2707
3383
3378
3263
3423
2867
2916
3429
3381
3389
3526
3381
3427
3407
3495
3341
3405
3436
3437
3394
3369
3349
3417
3375
3103
3369
3423
3435
3337
3299
3436
3438
3429
3283
3435
3377
3149
3355
3395
3403
3567
3431
3567
2633
3437
3430
3372
2755
3235
3441
3334
3488
2772
3356
3413
3337
3372
3349
2773
3385
3568
3337
3430
2599
3472
3445
3429
3523
3400
3717
3684
3649
3715
3545
3445
3469
3301
3277
3121
3087
3022
3015
3040
2973
2967
2688
2924
2957
2897
2949
2921
2999
2999
2995
2967
3069
3093
3311
3115
3633
3445
3209
3469
3519
3239
3533
3348
3386
3477
2679
3738
3590
3024
3529
3511
3543
3430
2967
3374
2657
3123
3179
3053
2983
3044
2967
2941
2972
2391
2764
2885
2703
2882
3015
2263
2947
3029
3092
2511
3302
3068
2615
3493
3455
2943
3631
3119
3561
2588
3107
2709
3529
2663
3593
3700
3638
3492
3447
3597
3385
3261
3253
2412
2535
3155
2986
2467
3023
2951
2993
2907
2911
2887
2855
2847
3021
3012
2483
3007
3109
3293
3277
2959
2599
3410
3575
3447
3481
3525
3482
3483
3449
3299
3491
3559
3530
3601
3537
3573
3465
3407
3345
3135
3277
3141
3053
3003
2751
2949
3028
3042
2997
2732
2903
3087
2900
2963
3087
3030
2964
3083
3189
3255
3347
3485
3394
3295
3295
3459
3471
3433
3527
3475
3507
2915
3555
3465
3536
2694
3730
3023
3527
3435
3367
2783
3153
3089
2945
2929
3037
2967
2935
2917
3015
2913
2983
2719
2965
2911
2287
2955
2463
3173
3211
3093
3277
3359
3380
3383
3509
3415
3197
3517
3513
3546
3455
3534
2625
3484
3551
3597
3463
3550
3515
3495
3340
3288
3147
3193
2771
3205
2769
2888
2933
2740
2956
2973
2903
2801
2925
2983
2943
2284
3121
3247
3279
3121
3421
3417
3469
3357
3490
3409
3447
3461
3576
3580
2997
3471
3519
3505
3525
3604
3555
3085
3419
2914
3251
3348
3177
3173
3247
3012
2999
3204
2941
3013
3034
2993
2889
2621
2893
2969
3063
3051
2764
3175
3149
3189
3383
3349
2663
2535
3365
3483
3413
3461
3460
3415
3580
3547
3313
3632
3541
3541
2979
3525
3409
3237
3309
3176
3207
3089
3083
3009
3077
3063
3068
3001
2889
3017
2999
2231
2963
2933
2595
2945
3101
3025
3213
3187
3432
3367
3373
3437
3658
3169
3411
3421
3165
3402
3517
2799
3490
3609
3598
3469
3507
3421
3473
3399
2584
3211
2863
3151
3139
3005
2943
2977
3027
2671
2967
3031
2933
2933
2431
2901
3015
2724
3155
3196
3183
3294
3448
3437
3447
3333
3357
3398
3411
3431
3485
3449
3537
3427
2684
3548
3541
3579
3431
3437
3231
3396
3252
3172
3167
3025
2972
2965
3043
3095
3013
3031
2985
2847
2911
2973
2924
3029
3031
2995
3108
3133
3263
3295
3303
3337
3263
2537
3274
3443
3331
2716
3443
2535
2978
3510
3583
3007
3455
3716
3447
3479
3367
3251
3236
3229
3217
3123
3109
3083
3083
2979
3045
3025
2901
2923
2318
2934
2645
2964
3058
3047
3141
2343
3165
3386
2615
3263
3355
3408
3423
3349
3423
3381
3467
3481
3481
3501
3359
3551
3547
3511
3371
3458
3364
3401
3285
3231
2999
3077
2884
2996
3047
3028
2675
2947
2929
3012
2901
2913
2949
2889
3045
3007
3017
3172
3205
3271
3359
3363
3313
3179
3375
3337
3437
2915
3527
3395
3395
3353
3456
3458
3506
3466
3551
3487
3429
3322
3234
3265
2516
2755
3149
3030
2799
3003
2233
2687
3009
2975
3052
2954
2823
2997
2975
3088
2407
3304
3146
3234
3354
3420
3383
3319
2737
3153
3387
3358
3260
3470
3441
3449
3430
3459
3557
2535
3650
3463
3395
3321
2543
3253
3197
2327
3111
3079
2967
2983
2949
2983
2981
2957
2979
2979
2883
2969
2311
3009
2703
3097
3143
3325
3381
3397
3349
3342
3264
2588
3352
2787
3379
3499
3441
3533
2757
3497
3719
2663
3165
3448
3005
3301
3222
3137
3083
2911
3103
3005
2961
3151
3151
2949
2993
2688
2965
2943
2949
3172
3029
3000
3180
2311
3063
3165
3289
3353
3249
3411
3290
3430
3347
3439
2599
3495
3535
3429
3655
3523
3573
3527
3399
3479
3473
3366
3227
3149
2627
3044
3053
2879
3033
3011
2879
2919
2978
2975
2245
2845
2231
2407
3068
2896
3083
2527
3089
2592
3135
3413
3552
3381
3319
2695
3315
3521
3429
2610
3409
3497
2996
3179
3494
3381
3383
2829
3471
3322
3327
3157
2476
3087
3054
2263
3051
3058
2999
2983
2955
2943
2269
2901
2903
2477
2911
3111
3161
3183
3211
3383
3403
3423
3294
3422
3241
3417
3365
2639
3467
2959
3463
3501
3497
3268
3583
3409
3467
3369
3028
3259
3210
2487
3084
3061
2989
2957
3011
2977
3063
2795
2953
2539
2879
2909
2973
3024
3093
2905
2447
3201
3159
3309
3322
3327
2740
3369
3407
3439
3416
3153
2804
3409
3413
3023
3449
3527
2535
3383
3401
3488
3331
3217
3289
3100
3095
2575
3099
2999
2991
2943
3026
2525
3046
2953
2942
2643
2963
2982
2325
3101
3164
2809
3245
3383
3345
3249
3351
3444
3301
3321
3147
3441
3397
3447
3488
3475
3151
3295
3631
3375
3613
2647
2709
3289
3223
3133
3189
3130
2581
3089
2943
3005
2493
3181
2983
3009
2881
2871
3003
2997
2999
2712
3121
2479
2815
2859
3195
3311
3495
3371
3396
3381
3576
3533
3356
3347
3459
3447
3527
3517
3529
3423
3403
3446
3301
3317
3088
3290
3193
3071
3039
2343
2921
3119
3037
2911
2969
2724
3079
2899
2287
2980
2921
3041
3125
3143
3301
2933
3316
3215
3460
3295
3323
