3034
3063
3093
2993
3053
2904
3057
3059
2969
3039
3051
3078
2872
3085
3094
3032
3036
3047
3029
3097
3105
2911
3031
3103
3033
2977
3098
3047
2897
3085
3063
3100
3093
3083
2977
3085
2373
3215
3095
3026
3059
3245
3093
2477
3044
3028
2311
2303
3093
3183
3093
3160
3025
3091
3161
3229
3205
3197
3256
3173
3236
3237
3207
2856
3051
3039
2832
2417
2519
2465
2417
2439
2427
2431
2371
2407
2283
2239
2294
2061
2253
2239
2248
2277
2229
2247
2273
2247
2279
2291
2333
2317
2401
2405
2429
2655
2463
2599
2737
2758
2068
2887
3031
2960
3059
2807
3288
3165
2937
3141
3127
3133
3165
3143
3295
3133
3033
3111
3130
2385
3201
3247
3205
3245
3143
2749
3048
2913
2719
2548
2583
2564
2423
2413
1847
2087
2003
1791
2280
2216
1667
1612
2161
2207
2165
2235
2159
2183
2129
2136
2230
2279
2391
2087
2356
2369
2374
2367
2447
2537
2679
2667
2729
2792
2955
2991
3033
2607
3043
3085
3105
3071
3111
3149
3069
3105
2499
3103
2999
3152
3057
3147
3140
2961
3159
2884
3295
3083
3059
2387
2687
2655
2585
2431
2437
2439
1987
2405
2292
2266
2143
2229
2196
1630
2167
1592
2264
2097
2125
2169
1937
2319
2190
2221
2303
2405
2410
2381
2379
1935
2444
2447
2501
2599
2701
2303
2905
2944
2531
2943
2703
2827
2864
3119
3115
3119
2311
3085
3069
3352
2993
3139
3139
3133
3091
3173
3161
3125
3167
3213
2398
3004
2785
2719
2623
2728
2535
2449
2420
2357
2340
2352
2179
2197
2272
2157
2163
2179
2159
1663
2143
2175
1807
1919
2167
2231
2272
2332
2327
1889
1740
1919
2441
2487
2596
2615
2591
2843
2879
2893
2919
3023
2296
2960
3017
3003
2990
2973
3030
2215
2989
2989
2580
2248
3164
3005
2736
2619
3183
3121
3007
3178
3095
2352
2285
2100
2725
2641
2565
2463
2337
2363
2125
2245
2372
2181
2196
2209
2173
2193
2129
1953
2151
2079
1889
2123
2249
2183
2112
2245
2227
2295
2401
1909
2463
2632
2289
2645
2771
2803
2831
2865
2351
3071
3033
3025
3100
2279
3132
3154
3105
3103
3127
2877
3129
3189
3175
3196
3216
3102
2541
3228
3303
3228
3152
3111
3049
2897
2689
2629
2549
2471
1846
1987
2301
2375
2245
2193
2224
2382
2192
2053
1925
1590
2161
2180
2207
2101
2165
2122
2275
2271
2295
2341
2239
2503
2272
2475
2335
2524
2631
2765
2839
3039
3009
3089
3143
3226
2821
3213
3295
3281
2941
3197
3217
3295
3460
3327
3221
3333
3249
2861
3420
3297
2813
3197
2478
3124
3036
2744
2695
2639
2523
2429
2378
2375
1735
2169
2335
2111
2081
1791
2033
2189
2205
2171
2173
1937
2195
2141
2113
2115
2143
2303
2267
1891
2295
1907
2335
2381
2369
2179
2725
2885
2883
2783
2373
2491
3167
3321
3525
3257
3241
3039
3108
3187
3017
3337
3532
3258
3292
3303
3312
3253
3127
2676
3299
2430
2599
3125
2900
2948
2553
2629
2512
2309
1845
2385
2271
1935
2215
1917
2161
2165
2053
2129
2125
2224
2167
1807
2143
2061
2017
2164
2205
2269
2284
2063
2357
2447
2035
2511
2421
2635
2529
2961
3151
3117
3123
3203
3287
3089
3289
3217
2564
3253
3287
3277
2685
2565
3246
3160
3306
3245
3261
3256
3296
3272
3253
3289
3149
2403
2848
2734
2599
2389
2631
2337
2289
1755
2199
1893
2179
2175
2149
2129
2179
2103
1727
2139
2311
2096
2109
1951
2085
2161
2189
2205
2223
2388
1733
2356
2452
2225
2540
1991
2791
2904
2945
2980
3175
3198
2797
3271
3343
3064
3256
3229
3176
3225
3273
3245
3253
3295
3268
3306
3269
3313
3285
3295
3089
3103
2847
2959
2008
2698
2565
2441
2367
2191
2181
1919
2241
2283
1763
2187
1575
1551
2133
2133
2071
2109
2033
2287
2099
2084
2311
2171
1663
1979
2277
1671
2349
2375
2375
2536
2573
2636
2851
2347
2965
3144
3095
3037
2675
2615
3267
3420
3161
3199
3424
3267
3277
3096
3285
3269
3285
2659
3247
3348
3252
3265
2823
3167
2721
3119
2849
2417
2576
2483
2047
2412
2572
1879
2241
2079
2264
2097
1781
2140
2192
2077
2112
2084
2113
2319
2319
2124
2375
1644
2352
1672
2199
2396
2231
1716
2303
2288
1860
2496
2810
2860
2981
3350
3255
3225
3269
3277
3293
3289
3087
3185
3253
3269
3471
3239
3279
3121
3297
3305
3295
3360
2580
3239
3299
2390
3171
3166
2869
2745
2643
2495
2640
2383
1791
2237
1751
2079
2215
2164
2428
2179
2154
2097
2134
2312
1855
2143
2047
1892
1992
1983
1657
2155
2167
2185
1924
2215
1700
2337
2601
2601
2727
2884
2943
2303
3223
3233
3166
2808
3167
3292
2463
3269
3237
3258
3277
3271
2580
3079
3199
3223
3193
3335
3275
3332
3253
3407
3153
2985
2975
2780
2280
2243
2431
2385
2385
2511
2303
1676
2287
2241
2208
2185
2101
1845
2097
2375
2003
2118
2128
1983
2097
2039
2109
2185
1623
1919
2319
2213
2177
2292
2056
2452
2647
2873
2174
2996
2303
3213
2398
3282
3088
3217
2632
2933
3269
3269
2631
2980
3243
3229
3293
3261
3221
3444
3219
3236
3331
3236
3145
3091
2869
2908
2668
2465
2312
2399
2327
2331
2445
2240
2243
2252
2173
2215
2112
2356
2113
2133
2055
2132
2117
2093
2121
2099
1976
2123
2132
2143
1575
2165
1765
2303
2003
2585
2773
2805
3239
3055
3005
3252
3259
3109
2579
3245
3185
3307
3448
3271
3265
3007
3324
3308
3194
3231
3229
3343
3227
3244
3283
3307
3444
3065
2932
2749
2689
2767
2724
2373
2373
2319
2263
2193
2177
1684
2215
2165
2320
2115
2153
1667
2089
1929
1932
2029
2055
2271
2081
2093
1983
2169
1728
2205
2133
1596
2019
2326
2603
2892
2975
3055
3092
3197
3294
3285
3306
3303
3167
3137
3412
3261
3283
3259
3287
3269
3241
3282
3273
3161
3261
2900
3283
2573
3266
3117
2697
2895
2695
2732
2501
2485
2384
2264
2359
1781
2211
2101
2218
2163
2173
2173
2137
2175
2137
2123
2101
2109
2319
2287
2114
2109
2192
1622
2155
1733
1891
2173
2407
2369
2535
2847
2655
2996
2303
3343
2580
3285
2973
2468
3231
2864
2957
3261
3281
3193
2663
2879
3245
3237
2462
3440
3268
3231
3057
2755
3269
2563
3059
2953
2805
2713
2597
2225
2436
2384
1891
2263
1955
2241
1967
2213
2173
2241
1884
2185
1795
2080
2151
1919
1779
1935
2268
2093
2245
2129
2015
2055
2245
2175
2245
2463
2323
2529
2695
2820
3017
3007
3148
3285
3439
3295
3243
65024
65024
65024
65024
65024
65024
65024
65024
65024
65024
65024
65024
65024
65024
65024
65024
65024
65024
65024
65024
65024
2509
2471
2453
2407
2395
1919
2266
2271
2309
1860
2193
2183
2241
2199
2204
1855
2137
2199
2163
2205
2171
2148
2188
2187
2065
2069
2341
2469
2020
2957
2851
2960
3181
3249
3367
3249
3364
3380
3393
3345
3461
3479
2792
3415
3341
3365
3418
3340
3329
3349
3217
3136
2844
3339
3337
3345
3164
3071
2913
2452
2469
2615
2525
2513
1955
2404
2461
2463
2380
2479
2447
2056
2197
2243
1639
2251
2216
1740
2228
1735
2188
2165
2205
2201
2161
2157
2243
2256
1815
2399
2632
2611
2705
2941
3007
3101
3188
3409
3271
3387
3428
3321
2557
3345
3349
2848
2703
3281
3261
3403
2837
3285
3365
3331
3373
3463
3387
3351
3314
3407
2871
2929
2825
2689
2631
2527
2437
2435
2461
2399
2389
2343
2391
2359
2399
1662
2241
2259
2213
2335
2159
2192
1855
1743
1615
2135
1985
2228
2243
2079
2279
2339
2413
2471
2259
2771
2837
2999
2611
3184
3317
3357
3327
3389
3365
2748
3360
3357
3353
2995
3407
3357
3412
3397
3349
3399
3225
3037
3342
3144
3449
2687
3237
2647
2879
2644
2675
2605
2291
2441
2441
2399
2405
2441
2420
2295
2295
2263
2309
2080
2225
2240
1686
2227
2285
2261
2036
2193
2219
2213
2175
2215
2193
2225
2088
2391
2335
2531
2685
2935
2408
2447
3199
3385
3373
3363
3329
3412
3508
3419
3346
2887
3401
3381
3389
3336
3290
3330
3383
3327
3326
3335
3423
2800
3427
3293
3191
2939
2807
2595
2663
2547
2471
2343
2199
1818
2359
2367
2353
2333
2269
2415
2193
2193
2201
2217
2180
2157
2348
2180
1880
2204
2112
2173
2213
2271
2019
2309
2421
2487
2563
2959
2515
3051
3047
3336
3308
3343
3291
3069
3420
3321
3363
3404
3295
3325
2580
3532
3383
3321
3421
3341
3413
3327
3317
3275
3453
3484
3310
3109
2531
2953
2644
2655
2367
2541
2573
2503
2431
2416
2511
2389
2320
1999
2368
2317
2295
2265
2253
2031
2227
2247
2097
2215
2040
2167
1779
1992
2360
2292
2399
2438
2565
2545
2759
2833
3103
3053
3095
3317
3301
3277
3357
3315
3387
3289
3289
3468
3284
3345
3321
3299
3312
3367
3386
3423
2597
2455
3363
3269
2883
3125
3005
2977
2824
2179
2591
2500
2420
2404
2405
2341
2397
2400
2303
2357
2295
2273
2051
2289
2251
2256
2197
2311
2103
2183
1791
2171
2097
2392
2177
2261
2596
2451
2521
2505
2650
2751
2385
2885
2689
2340
3127
3205
3243
3008
3294
3229
3197
3199
3185
3088
3197
3225
3317
3245
3179
2675
3293
3171
3305
3169
2780
2735
2611
2515
2537
2655
2537
1990
2507
2625
2437
2063
2389
1891
2345
2185
2342
2290
2279
2147
1807
2237
2197
2111
2217
2221
2193
2152
2229
2261
2269
2289
2327
2176
1892
2445
2483
2205
2889
2720
2831
3133
3093
2583
3147
3159
3189
3279
3223
2703
3245
3187
3219
3221
3265
3233
3231
3243
3207
3245
3140
3215
3402
2795
3256
3063
2904
2689
2872
2566
2481
2473
2503
2437
2204
2271
2220
2311
2326
2309
2279
2293
1812
2285
2229
2285
2253
2256
2241
2170
1925
2225
2455
2331
2320
2285
2303
2321
2431
2684
2667
2468
2964
2876
3029
2716
3031
2969
2921
3152
3268
3215
3277
3218
3197
3268
3199
3221
3141
3253
3190
3367
3375
3223
3343
3272
3149
2663
2452
3215
2837
2687
2624
2481
2477
2421
2369
2249
1751
2260
2357
2323
2303
2273
2228
2169
1791
2249
2234
1745
1791
2199
2260
2383
2111
2311
2341
2115
2309
2421
2439
2419
2367
2676
2743
2404
2484
2997
3099
3131
3158
3203
3223
3364
3158
3172
2509
2896
3241
3269
3231
3247
3211
3183
3303
3237
2896
3191
3243
2327
2975
2436
2979
2845
2798
2544
2045
2365
2503
2424
2488
2399
2331
2300
1812
2095
2291
2222
2111
2120
2207
2271
2179
2233
1640
2221
2217
2227
2249
1743
2207
1919
2339
2369
1751
1856
2721
2280
2591
2897
2292
3121
3230
3069
3248
3125
3089
3157
3266
3171
3033
3332
3284
3189
3186
3152
3241
3241
3255
3252
3163
3229
3313
3157
3120
3069
2671
2677
2572
2519
2429
2435
2500
2353
2385
1923
2309
2261
2239
2268
2223
2193
2189
2249
2229
2132
2241
2131
2375
2209
1756
2261
2253
2279
2243
2281
2331
2384
2499
2743
2388
2733
2925
2919
3179
3141
3231
3090
3161
3145
2933
3197
3248
3212
3212
3013
3167
2613
3205
3270
3245
3246
3193
3367
3295
3318
3169
3178
3103
2787
2685
2041
2127
2399
2477
2209
2404
2391
1728
1679
2285
1679
2244
2211
2185
2219
2333
1685
2225
1763
2255
2255
2319
2260
2295
2241
2285
2343
2311
2357
2405
2690
2864
2763
2826
2949
2872
3125
3184
3131
3117
3271
3153
3343
2977
3206
3231
3267
3363
3307
3389
3350
3347
3319
2607
3310
2765
3317
3348
3281
3312
2455
3221
3234
3205
3167
3164
3115
2652
3100
2268
2501
3001
3196
2284
2989
3029
3053
2981
3045
2973
3019
3055
2981
3013
2791
2963
2667
3019
2951
2221
3031
3013
2941
3024
3071
2961
2541
2961
2996
2981
2188
2935
2971
2815
2965
2990
2906
2943
2991
3076
2963
2957
2645
2979
2977
2588
3087
2933
2611
2327
3044
2935
3060
