3031
3070
3045
3090
3093
3050
3025
3142
3063
3031
3071
3055
3017
3144
3047
3018
3015
3060
3060
2967
2975
3027
3111
3061
2724
3008
3016
3031
3014
3071
3031
3091
3116
2419
3030
2358
3036
2439
3021
3079
3167
3102
3183
3021
2332
3009
3013
2969
3027
3031
3105
3060
3093
3174
3173
2352
3194
3169
3166
3287
3123
3281
3187
3137
3090
2906
2906
2906
2367
2581
2623
1919
2481
2530
2437
1799
2375
2403
2317
2308
2311
2241
1620
2303
2274
2163
2263
2301
2277
2175
1811
2227
2343
2461
2477
2448
2457
2455
2727
2825
2997
2951
2359
3184
3199
3197
3254
3305
3300
3336
3307
3285
3337
3269
3279
3339
3360
3423
3345
3274
3358
3347
3352
3345
2739
3223
3028
2951
2773
2629
2603
2516
2469
2492
2463
2381
2455
1919
2420
2241
2333
2301
2212
2229
2233
2201
2157
1762
2180
2193
2193
2161
2219
2087
2253
2358
2357
2396
2159
2477
2557
2681
2771
2935
2928
3391
3190
3211
3291
3249
3316
3253
3233
3436
3323
3271
3404
3277
2767
3301
3335
3311
3345
3335
3313
3263
3281
2835
3237
2943
2888
2317
2525
2477
2411
2069
2280
2357
2405
2372
2299
2328
2229
2229
2193
1791
2189
2151
2109
2069
2092
2151
2131
2149
2173
2261
2149
2279
2192
2300
2333
2431
2630
2716
2687
2910
2939
3130
3245
3199
3195
3237
3289
3279
3265
3267
3221
3327
3277
3180
3239
3241
3293
3307
3353
3283
3316
3219
3324
3357
3241
3208
3063
2757
2836
2519
2516
2391
2323
2323
2335
1701
2299
2183
2175
2105
2172
2103
2093
2101
2105
2000
2111
2124
2085
2191
2057
2408
2224
2265
2249
2279
2265
2321
2600
2519
2071
2655
2736
3025
3079
3147
2687
3195
3105
2468
3145
3159
2800
3247
3172
3194
3251
3265
3177
3266
2695
3220
3253
3221
3229
3292
3217
3165
3279
2813
2725
2649
2566
2473
2379
2452
2339
2376
2176
2215
2173
2168
1791
2086
2129
2183
2087
2061
2114
2149
2141
2157
2319
2245
2197
2269
2285
2237
2327
2017
2427
2511
2657
2487
2743
2884
3076
2996
3010
2295
3148
2956
3117
3143
2973
3103
2949
3081
2677
3085
2984
3157
3133
3172
3135
3181
3268
3251
2791
3095
2701
3011
2827
2783
2339
2576
2469
2437
2293
2325
2271
2233
2189
2159
2105
1951
1667
2157
1667
2255
2073
2100
2153
1855
2085
2111
2175
2372
2136
2293
1830
2481
2477
2545
2525
2551
2927
2820
2964
3013
3124
3079
3111
3011
3044
3165
2303
3095
3061
3097
2965
3140
3173
3071
3165
3173
3208
3109
3172
3231
3065
2887
3087
3086
2884
2812
2648
1943
2515
2429
2395
2279
2263
2210
2161
2015
2124
2142
2131
1827
1524
1511
2071
2110
2113
2129
2141
2085
2152
2231
2242
2327
2388
2519
2457
2579
2527
2652
2803
2781
2917
3220
2801
2869
3089
3191
3210
3153
2997
3235
3181
3103
3230
3215
3205
3307
3253
3283
3295
3241
3189
3289
3307
3089
3171
3009
3015
2837
2748
2597
2487
2397
2359
2252
2335
1791
2280
2284
2229
2319
1743
2153
2177
2167
1636
2179
1811
2069
1532
2151
2177
2271
2245
2367
2455
2413
2517
2473
2468
2567
2690
2783
2909
3077
3170
3337
3327
3262
3409
3307
3377
3169
3373
3121
3397
3229
3292
2867
3303
3317
3322
3112
3035
3325
2877
3341
2455
2801
3005
2751
2711
2644
2483
2420
2413
2359
2342
1876
2245
2217
2179
2143
2161
2188
2185
2134
1968
2087
2128
1869
1827
2161
2312
2293
2300
2321
2311
2313
1885
2461
2445
1959
2667
2503
2988
3069
3293
2607
3342
2863
3287
2771
3300
3369
3369
3338
3363
3391
3363
3295
2541
2761
3540
3303
2643
3167
3357
3396
3371
3171
3063
2855
2870
2383
2500
2463
2505
2381
2309
1815
2247
2187
2151
2175
1976
2133
2081
1628
2144
2109
2161
2161
2148
2109
2271
2263
1967
2353
2353
2367
2417
1831
2441
2703
2773
2351
3013
2644
3189
3216
3269
3277
3312
3503
3271
2548
3279
3327
3154
3329
3319
3327
3303
3317
3327
3315
3353
3358
2672
3217
3409
3222
2687
2751
2816
2283
2031
2407
2177
2277
2197
2161
1823
2197
2149
2133
2133
2133
2133
2133
2133
2133
2133
2013
2079
2081
2145
2181
1588
2189
2240
2300
2257
2537
1991
2671
2847
2869
3012
3183
3177
3322
3287
3431
3295
3344
3009
2915
3381
3290
3370
3312
2567
3294
3017
3397
3319
3379
3338
3321
3460
3263
2431
2960
2781
2623
2525
2292
2257
2355
2303
2279
2256
2161
2185
1737
2138
2069
2055
2063
1951
1951
1951
1951
1951
1951
1951
2033
2033
2069
2143
2173
1663
2504
2373
2399
2063
2618
2748
2852
2861
3056
3069
3275
3292
3455
3326
3356
3335
3379
3367
3341
3295
3393
3383
3331
3370
3349
3333
3401
3359
3345
3365
3397
2277
2967
2813
2711
2580
1839
2421
1712
2355
2246
2263
2213
2196
1799
2161
2212
2056
2068
2044
2044
2067
2037
2047
1729
2003
2120
2087
2175
2227
2269
1779
2233
2321
2333
2477
2581
2687
2864
2383
3045
3149
3351
3330
3367
3253
3345
3376
3348
3458
3361
3393
3317
2511
3360
3320
2468
3285
3345
3381
3405
3305
3381
3177
2215
2477
2739
2487
2577
2466
2369
2224
2275
2214
2229
2173
2255
2101
2001
2091
2091
2091
2091
2091
2091
2091
2021
2043
2117
2085
1779
2149
2157
2271
2125
2164
2205
1904
2527
2701
2863
3030
3067
3337
3239
3295
3275
3345
3382
3230
3399
3379
3291
3319
3371
3299
3365
3331
3363
3415
2700
2797
3327
3305
2943
3150
3216
2965
2929
2679
2022
2499
2397
2317
1745
2247
2183
2175
1981
2135
2141
2185
2115
2084
1479
2141
2036
2223
2045
1543
2036
2064
2109
2123
2255
1951
2141
2089
1791
2233
2333
2483
2483
2613
2736
3191
3364
3337
3371
3352
2883
3311
3349
3302
3293
3310
2471
3263
3307
3337
3016
3184
3362
3288
3399
3325
3351
3269
2279
2913
2385
2631
2527
1939
2447
2258
2307
2285
2213
1891
2129
2147
2095
2134
2052
2031
2045
1615
2081
1997
1991
2013
1981
1935
2020
1861
2147
2164
2245
2292
2375
2493
2804
2903
2948
3025
3295
3105
3299
3333
3249
2535
3359
3343
3344
3480
3330
2757
3292
3326
3281
3333
3385
3317
3309
3335
3365
3370
3423
3227
3013
2820
2127
2007
2607
2437
2373
2348
2294
2293
1944
2059
2153
2153
2175
1775
1663
2039
2045
2035
2159
1911
2023
2047
1715
2013
1892
2091
2049
1679
2160
2357
2292
2633
2669
2679
2931
2941
3167
2984
3366
3355
3152
3283
3362
3121
3315
3317
3405
3337
3315
3339
3353
3333
3287
2831
3341
3313
3309
3308
2703
3311
2292
3183
2829
2559
2533
2507
2399
1909
2143
2309
2247
1775
2117
2141
2265
2111
2121
2097
2133
2097
2088
2029
2005
2022
2045
1476
2069
1699
2175
2155
2257
1735
2405
2453
2516
2625
2719
2623
2934
3077
3195
3361
3471
3294
2506
3289
3313
3353
3374
3295
3278
3404
3365
2519
3345
3285
2611
3274
2599
3328
3337
3303
3189
2969
3016
2757
2621
2519
2451
2405
2543
2356
2311
1671
2253
2372
2273
2209
1631
2287
2049
1951
1590
2100
1735
1672
2007
2033
2098
1968
2207
2197
2285
2293
2124
2407
2407
2495
2527
2696
2833
3025
3065
3153
3225
3327
3351
3293
3319
3336
3285
3296
3365
3377
3053
3307
3373
3339
3176
3379
3373
3311
3398
3397
3221
3121
2957
2905
2781
2607
2335
2515
2500
2624
2303
2375
2231
2349
2285
2217
2212
2217
2167
2119
2192
2244
2015
1508
2023
1928
1951
2089
2109
2103
1724
1812
2019
2309
2352
2366
2507
2579
2741
2932
3145
3167
3239
3255
3217
2672
3347
2835
3349
3309
3289
3317
2487
3327
3372
3317
3346
3379
3365
3405
3321
3331
3440
3223
3195
2925
2599
2741
2292
2517
2436
2407
2343
2253
1939
2167
2219
2167
2167
2107
2147
1743
2107
1756
1613
2104
2005
2045
2165
2073
2191
2068
1907
2193
2293
2311
2063
2379
2480
2475
2739
2800
2999
3009
2900
3157
3191
3231
3294
3305
3259
3365
3347
3288
2775
3393
3371
3369
3317
3389
3367
3412
3327
3358
3331
3212
3173
3082
2897
2755
2583
2545
2449
2397
1972
2295
2197
2160
2319
2197
2141
1639
2207
1891
2135
2081
2116
1479
2169
2081
1983
2065
2161
2081
2163
2279
2240
2309
2289
1903
2443
2453
2022
2692
3054
3109
2356
3319
2453
3380
3371
3253
3313
3365
2739
3399
3366
3535
3252
3359
3261
3319
3318
3421
3339
3301
3315
3277
3247
3119
2917
2776
2691
2545
2441
2456
2375
2081
2195
2155
2163
2319
2181
1983
2103
2164
2029
2095
2056
1543
2105
2069
2161
2135
1885
2205
2199
2256
2106
2279
2241
2129
2342
2281
2191
2453
3125
3061
3227
3388
3364
3348
3289
2771
3452
3293
3342
2943
3297
3307
2675
3319
3368
3263
3291
3103
3386
3299
3319
3333
3067
2966
2929
2756
2767
2577
2413
2207
2239
1939
2261
2143
2249
2097
2101
1935
1621
2125
2105
2077
2071
2076
2085
1859
1919
2193
1999
2180
2204
2157
2111
2224
1992
2336
2580
2663
2813
2937
3015
3279
3201
3103
3285
3285
3162
3291
3313
3290
3379
2913
3281
3391
3199
3351
3295
2903
3415
3316
3273
3281
3361
2487
3181
2943
2673
2253
2463
2443
2391
2320
2383
2161
2175
2183
2136
2133
1759
2083
1583
2077
1940
2093
2021
2065
2037
2045
1831
2100
2001
1957
2199
2228
2201
2158
1671
2253
1919
2636
2761
2847
3081
3119
2531
3360
3197
3391
3316
3334
2575
3357
3356
3131
3263
3357
3367
2688
3501
3517
2687
2961
3313
3397
3228
3348
3327
2412
2292
2662
2539
2485
2397
1987
2269
2284
1653
1844
2077
2115
2117
2117
2117
2117
2117
2117
1892
2041
2069
2055
1989
1832
2065
1479
2116
2148
2165
2225
1988
2503
2527
2665
2755
2262
3309
2461
2908
3255
3259
3386
3316
3337
3409
3319
2760
3407
2620
3364
3359
3482
3309
3403
3245
3383
3345
3367
3357
2479
3362
2596
2739
2629
2581
2393
2420
2284
2329
2271
2197
2211
2157
2009
2009
2009
2009
1644
1989
1885
1863
1923
1999
2047
1973
2067
2255
2151
2399
2215
2303
2471
2477
2483
2335
2495
2120
2284
3018
3117
3157
3197
3313
3218
3218
3218
3218
3339
3396
3299
3369
3317
3373
2548
3599
3337
3317
2888
3303
3335
3385
3423
3313
3409
3281
2783
2551
2551
2389
1839
2243
2128
2179
2292
2101
2087
2141
1984
2121
2300
2117
2119
2119
2101
2005
2119
2132
2257
1795
1844
1857
2468
2567
2609
2669
2950
2805
2847
2833
2860
2829
3013
2955
3053
3138
2558
3375
3375
3375
3292
3364
3361
3344
3373
3349
3332
3436
3321
3336
3335
3380
3413
3313
3333
3055
2947
2716
3309
2575
2575
1827
1827
2221
2197
2052
2157
1550
2128
1778
2033
2045
2001
2015
1598
2036
2042
2223
1983
1652
2116
2141
2199
2309
2319
2423
2545
2465
2628
2603
2669
2613
2253
2657
2779
2793
2917
3069
2603
2348
2348
2348
2348
2662
3301
3381
3355
3371
2771
3298
3367
2901
3432
3403
3351
3136
3373
3388
3343
3429
3351
