3137
3164
3106
2965
3093
3141
3035
3149
3165
2973
2372
3138
2861
3131
3140
3125
2755
3105
3168
3111
3095
3113
3146
3154
3173
3117
3163
3157
3124
3133
3087
2959
3143
3115
3105
3139
3156
3212
3175
2535
3199
3255
3284
3402
3257
3301
3273
3273
3321
3155
3295
3190
2989
2981
2885
2637
2403
2656
2801
2797
2719
2757
2747
2779
2055
2813
2715
2836
2307
2797
2204
2837
2768
2756
2725
2769
2861
2719
2167
2655
2757
2759
2591
2833
3139
3121
3007
3282
3339
2716
3253
3333
3148
3333
3343
2471
3329
3397
2963
3375
3371
3365
3395
3285
3421
3420
3427
3351
3321
2960
3317
3423
3347
3196
3083
2990
2553
2755
2788
2396
2668
2717
2557
2629
2657
2005
2436
2503
2527
2579
2525
2601
2633
2653
2563
2647
2627
2645
2591
1960
2649
2597
2653
2709
2811
2917
2911
3065
2575
2605
3303
3301
3327
3345
3293
3301
3308
3406
3315
3387
3279
3159
2739
3359
3273
3484
2993
3060
3327
2959
3454
3313
3375
3386
3385
3308
3197
2959
2861
2759
2295
2723
2647
2605
2597
2597
2609
2583
2327
2509
2547
2463
2589
2621
2589
2629
2589
2645
2737
2844
2737
2800
2621
2645
2189
2725
2775
2809
2978
2479
3133
3173
3278
3285
3085
2901
3337
3385
3306
2771
3371
2516
3361
3439
3359
3295
3415
3105
3293
3303
3220
3284
3399
3237
3369
3324
3407
3084
3229
3151
2951
2851
2845
2757
2711
2476
2740
2236
2465
2569
2589
2517
2581
2531
2509
2559
2589
2519
2581
2292
2693
2015
2763
2748
2036
2735
2577
2733
2823
2868
2885
3033
3116
3161
3228
3253
3444
3305
3289
3301
2600
3365
3305
3225
3323
3439
3290
3299
3271
3331
3317
3298
2543
2591
3375
3281
3325
2597
3281
3373
3283
3109
2913
2889
2801
2735
2737
2695
2679
2615
2588
2415
2557
2583
2385
2591
2643
2617
2549
1991
2559
2553
2591
2736
2727
2757
2527
2732
2719
2707
2749
2591
2835
2204
2777
3106
3198
3271
2969
3245
3231
3267
2700
2739
2977
3301
3207
3364
3309
3309
3407
2867
3301
3351
3277
3377
3388
3277
2652
3137
3319
3375
3281
3287
3049
2374
3000
2769
2785
2689
2677
2653
2767
2631
2695
2621
2589
2640
2613
1863
2599
2179
2573
2661
2581
2673
2661
2756
2721
2789
2801
2791
2793
2880
2867
2911
2980
2684
3063
3231
3199
3163
3257
3231
3237
2829
3271
2421
3257
3256
3205
3029
3239
3219
3213
3332
3197
3288
2977
3227
3257
2814
3423
2954
3373
2487
2687
2753
2853
2745
2813
2761
2727
2109
2615
2045
2583
2605
2596
2615
2573
2599
2588
2545
2239
2569
2756
2663
2669
2099
2783
2847
2761
2799
2812
2749
2212
2837
2807
2871
3145
2970
3051
3007
3109
3084
3135
2929
3132
2579
3194
3173
3127
3153
3117
3118
2627
2894
3125
3157
2516
2353
3207
2540
3287
3349
3325
3381
3220
3219
2999
3081
2712
2721
2725
2716
2419
2269
2631
2581
2557
2589
2593
2581
2546
2547
2573
2275
2783
2640
2601
2552
2693
2735
2837
2761
2699
2559
2813
2719
2764
2873
2863
2863
2913
3094
3231
3102
3112
3092
3107
3140
3065
3093
3142
3200
3205
3164
3209
3165
3159
3233
3248
3263
3300
3190
3311
3377
3344
3317
3355
3269
3045
3015
3087
2858
2823
2696
2653
2605
2529
2637
2565
2671
2573
2557
2596
2604
2559
2597
1972
2545
2529
2580
2625
2555
2627
2676
2709
2697
2676
2663
1996
2837
2751
2915
3083
3244
3199
3133
3223
3269
3245
2409
2452
3255
2703
3229
3344
3203
3233
2739
2605
3285
3363
3233
3347
3347
3267
3297
3435
3426
3455
3283
3159
3191
2896
2903
2911
2759
2661
2631
2399
2547
2576
2484
2580
2485
2549
2655
2565
2509
2589
2562
2517
2597
2507
2417
2599
2589
2663
2533
2631
2667
2697
2739
2911
2925
3039
3029
3231
3209
2653
3293
3282
2807
3325
3307
3334
3341
3331
3467
3329
2819
3335
3376
3361
3359
3463
2703
2695
3429
3295
3301
3367
3382
3260
3201
3047
2854
2455
2763
2623
2727
2678
2657
2641
2629
2621
1972
2573
1991
2099
2367
2155
2525
2397
2569
2087
2473
2575
2533
2544
2613
2653
2483
2741
2781
2935
2947
3003
3235
3229
2627
3365
3347
2907
3349
3345
3353
3496
65024
65024
65024
65024
65024
65024
65024
65024
65024
65024
65024
65024
65024
65024
65024
65024
65024
65024
65024
65024
65024
2715
2714
2255
2711
2663
2696
2767
2695
2382
2884
2569
2404
2831
2281
2739
1927
2679
2829
2690
2625
2640
2597
2587
2636
2612
2662
2814
2863
3028
3092
3187
3239
3255
3335
3397
3391
3412
3430
3414
3473
3079
3444
3417
3367
3463
3365
3463
3361
3459
3403
3436
3485
3453
3408
2805
3493
3423
3398
3359
2460
2960
2929
2114
2693
2657
2665
2523
2622
2547
2559
2495
2558
2495
2503
2509
2512
2179
2511
2531
2522
2693
2208
2636
2163
2657
2607
2167
2615
2609
2964
2825
2961
3145
2404
3273
3319
3439
3443
3430
3383
3372
3381
3512
3411
3441
3400
3295
3413
3394
2732
3457
3432
3337
3483
3433
3441
3491
3444
2883
3413
3359
3294
3258
2671
3024
2964
2877
2833
2872
2772
2777
2775
2705
2741
2171
2756
2769
2733
2709
2860
2679
2733
2799
2663
1959
2713
2645
2705
2159
2675
2701
2603
2802
2838
3039
3208
2569
2997
3007
3365
3335
2567
3357
2687
3085
3199
3455
3432
3380
3396
3397
3457
3503
3413
3463
3469
3450
3429
3476
3449
3417
2775
3381
3341
3273
2739
3047
2975
2911
2859
2859
2823
2719
2793
2775
2821
2717
2724
2732
1991
2245
2653
2631
2629
2645
2612
2613
2615
2573
2573
2645
2595
2625
2725
2815
2117
2932
3127
3032
3121
3439
3281
3397
3343
3387
2732
3491
3391
3393
3423
3349
3379
3409
3232
3445
2628
3445
3292
3185
3462
3427
3391
3375
3531
2615
3272
3365
3249
2321
3068
2967
2885
2819
2887
2800
2743
2799
2751
2757
2847
2287
2691
2143
2728
2665
2601
2646
2688
2591
2565
2588
2556
2597
2565
2646
2681
2717
2741
2806
2223
3068
3180
3153
3273
3273
2739
3017
3335
3357
3341
3117
3337
3399
3378
3382
3387
3357
3423
3399
3347
3359
3335
3398
3437
3367
3345
3381
3383
3381
3349
2627
3061
3031
2751
2660
2975
2901
2895
2715
2857
2789
2719
2743
2719
2831
2682
2620
2607
2593
2604
2161
2559
2591
2563
2620
2149
1991
2645
2679
2743
2672
2835
3009
3247
3147
3209
3254
3327
3301
3413
3409
3406
3383
3135
3369
3347
3355
3299
3476
3315
2575
3421
3373
3398
3397
3351
3338
3353
3421
3347
3383
3313
3261
3139
2999
2798
2875
2815
2456
2867
2495
2696
2207
2739
2743
2736
2705
2673
2709
2727
2551
2625
2581
2248
2583
2697
2055
1901
2585
2599
2577
2699
2339
2213
2855
3085
3092
3231
3239
3232
2835
3460
2787
3375
3432
3412
3305
3315
3265
3219
3099
3469
3317
3323
3317
3480
3347
3314
2897
3354
3389
3358
2508
3251
3265
3301
3029
2916
2881
2870
2793
2543
2823
2797
2781
2608
2717
2291
2797
2643
2635
2625
2587
2649
2323
2655
2543
2561
2565
2544
2463
2533
2680
2633
2645
2789
2742
2935
3002
3175
3161
3311
3179
3164
3245
3401
3319
3292
3349
3431
3377
3384
3439
3504
3355
3319
2965
3357
3377
3349
3361
3313
3313
3369
3340
3366
3285
3036
3207
3021
2951
2815
2403
2873
2853
2801
2739
2801
2656
2647
2723
2649
2677
2653
2533
2007
2625
2524
2279
2220
2533
1950
2639
2592
2671
2615
2604
2777
2711
2175
2943
2936
3153
2599
2893
3167
3089
3163
3300
3201
3317
3295
3160
3226
3317
3231
3355
3281
3279
3516
3355
3164
3311
3283
3274
3412
3149
3259
3285
2471
3252
3045
2769
2897
2556
2191
2897
2859
2690
2619
2631
2772
2645
2004
2641
1884
2767
2580
2611
2703
2541
2595
1943
2557
2559
2575
2692
2521
2561
2613
2108
2781
2788
2949
3005
3111
3164
3037
3163
3169
2471
2735
3313
2957
3332
3249
3219
3237
3245
3287
3340
3303
3321
3324
3003
3342
3314
3280
3200
3269
3105
2973
2874
2879
2789
2762
2791
2705
2147
2597
2692
2655
2495
2557
2546
2523
2585
2487
2444
2435
1861
2492
2501
2439
2431
2624
2503
2501
2545
2344
2517
2636
2512
2863
2824
2887
3052
3018
2945
2987
2244
3343
3356
3221
2643
3226
3159
2423
3188
3233
3149
3199
2535
2959
3227
2941
2951
3269
3191
3233
3205
3309
3284
3035
3304
3013
2863
2833
2837
2815
2415
2731
2175
2581
2599
2589
2577
2501
2640
2473
2006
2483
2497
2532
2455
2479
2449
2486
2489
2428
2453
2505
2479
2587
2641
2663
2691
2773
2983
2903
2833
2700
2995
3225
3248
2476
3195
3187
3160
3165
3135
3127
3148
3119
2876
2704
3189
3099
3239
3162
3249
3311
3237
3324
2663
3420
3007
3249
2887
2877
2853
2807
2705
2682
2243
2657
2613
2541
2367
2676
2495
2349
2436
2039
2465
2443
2479
2503
2463
2486
2408
2461
1988
2463
2445
2485
2535
2495
2437
2753
2727
2937
2467
3048
3019
3199
3170
3127
3156
3103
3206
3159
3155
2739
2936
3172
3189
3191
2551
3262
3179
3246
3349
3312
3396
3358
3254
3327
2620
3249
3035
3003
2965
2897
2719
2795
2717
2673
2244
2627
2605
2735
2499
2543
2529
2519
2469
2503
2487
2271
2540
2492
2511
2431
2552
2468
2437
2437
2453
2519
2601
2739
2371
2071
2813
2879
2958
2889
3099
3176
2509
3177
3243
3223
3221
3105
3071
3304
3327
3301
3343
3300
3291
3295
3313
3305
3367
3287
3269
3313
3301
3403
3326
3120
3138
2997
2946
2898
2448
2698
2692
2681
2644
2157
2527
1975
2483
2063
2485
2519
2502
2431
2425
2453
2599
1956
2453
2355
2431
2632
2476
2645
2709
2707
2695
2802
2991
2962
3065
3185
3314
3028
3245
3287
3335
3281
3269
3336
3375
3153
3357
3294
3265
3432
3377
3334
3399
3439
2759
3263
2826
3324
3139
3245
3337
3249
3157
3125
2949
2933
2927
2807
2773
2688
2513
1895
2552
2597
1869
2416
2565
2529
2485
2500
2483
1901
2417
1935
2403
2451
2477
2504
2135
2703
2755
2481
2752
2715
2689
2951
2965
3197
3229
3228
3313
3167
3334
3311
3309
3325
3359
3361
3362
3351
3341
3460
3399
3389
3351
3447
3281
3385
3361
3375
3349
3333
3430
3289
3385
3249
3093
2972
2295
2423
2787
2695
2643
2665
2640
2615
2367
2605
2567
2553
2573
2115
2505
2191
2388
2463
2463
2607
2517
2487
2527
1927
2192
2597
2768
2707
2702
2831
2871
2941
3287
3259
3234
3079
3327
3301
3301
3415
3466
2687
3334
3388
2615
3414
3327
3405
3403
3345
3531
2995
2995
3415
3376
3382
3263
2748
3057
3244
2415
3065
2979
2499
2815
2475
2669
2661
2215
2672
2557
2597
2359
2557
2122
2567
2029
2495
2176
2525
2295
2567
2112
2493
1831
2441
2539
2051
2589
2637
2069
2805
2916
2943
3145
3253
3218
3268
2536
3356
3300
3355
3192
3309
3175
3317
3387
3437
3471
3357
3345
3356
3338
3457
3055
3341
3357
3381
3381
3316
3377
3377
3327
3219
3164
2993
2839
2856
2711
2768
2725
2470
2387
2512
2557
2666
2631
2626
2566
2563
2615
2557
2603
2513
2591
2612
2588
2431
2465
2365
2546
2449
2668
2763
2821
2605
3003
3132
3247
3295
3309
3277
3363
3157
3300
3367
3085
3431
3263
3442
3409
3430
3494
2764
3433
3419
3397
3447
3387
3389
3399
3461
3479
3413
3411
3525
3311
3373
3446
3341
3447
3341
2720
3341
3323
3067
3401
3349
3301
2646
3355
3296
3340
2759
3335
3339
3333
3293
2959
3299
3378
3284
3344
3375
3375
3333
3043
3375
3319
3325
2567
3359
3217
2500
2471
3217
3219
3308
3373
3303
3375
3276
3313
3298
3300
3285
3304
3249
3321
3319
3318
3463
3145
2679
3260
3265
3351
3372
3268
3323
3365
3398
3313
3268
3355
2620
3275
3319
3333
3364
3304
3382
2599
3269
2771
3282
3361
3430
3313
3333
3335
3280
2782
3351
3277
3353
3258
2991
2452
3351
3287
2927
2949
3336
3357
3243
3301
3305
3185
3268
3263
3258
3081
2947
3307
3369
3284
3289
3308
3319
3333
2771
3276
2469
3124
2599
3283
3207
3301
3339
3075
3231
3321
3351
3281
3137
3237
3247
3265
3336
3348
3253
3255
3317
3236
3273
3153
2679
3355
3354
3247
3291
3399
3313
3429
3229
3327
3209
3199
3423
3242
3188
3344
3324
3249
3309
3337
3231
2471
3299
3277
3253
3327
3287
3244
3274
3135
3295
3347
3242
3287
3247
3295
3287
3286
3235
3169
3245
2716
3209
3271
3281
2679
3245
3260
3440
3242
2697
2955
3339
3237
3330
3273
3227
3253
2904
2445
2639
3237
3343
3261
3237
3295
3351
2719
3219
3245
3294
3237
3240
3225
3231
3233
3246
3273
3301
2853
3189
3236
3242
3345
3257
3293
3291
3095
3423
3245
3396
3315
3246
3043
3318
3302
3277
3317
3372
3327
3266
3251
3319
3160
3313
3269
2644
3233
2738
3319
3144
3144
3258
3245
3157
3335
3258
3309
3297
3253
3372
3277
3245
3231
3237
3285
3295
3185
3277
3251
3285
3263
2463
3193
3239
2815
3231
3322
3243
3292
3269
3327
3237
3252
3285
3313
3300
3237
2501
3301
3260
3267
3285
3301
3238
3460
3375
3261
3223
3285
3219
2551
3261
3335
3336
3103
3259
3216
3209
2869
3142
3092
3317
3275
3237
3293
3053
3229
3009
3243
3203
3274
3280
3289
3252
3252
3103
3285
3247
3241
3217
3257
3235
3257
2522
3283
3237
3423
2781
3261
3263
3265
3241
3245
3259
3229
3367
3373
2580
3223
3271
2723
3275
3271
3298
3277
3229
3236
3243
3293
3187
3223
3283
3206
3229
3241
2543
3265
3252
3293
3246
3255
3335
3211
3284
3358
3295
3280
3264
3332
3271
3279
3225
3223
3255
3380
3253
3325
3280
3193
3257
2724
3331
2811
3261
3089
3298
3401
3177
3229
3269
3235
3339
3281
3281
2567
3281
3193
2678
3271
3255
3257
3229
3244
3167
3250
3396
3227
3269
2677
3237
3271
3404
3289
3346
2735
3237
3307
3247
3161
3317
3255
3463
3275
3239
3185
3223
3183
3229
3179
3236
3277
3285
2723
2980
3035
2535
3271
3241
3255
3312
3333
3229
3281
3274
2902
2687
3293
3277
2599
3333
3287
3315
3229
3269
3342
2703
2589
3281
