3088
3141
3204
3097
3161
2732
3095
3145
2835
3117
2973
3101
3165
2975
3183
2903
3127
3141
3085
3095
3116
3157
3123
3037
3137
2739
2856
3197
3149
3160
2767
3240
3227
3283
3332
2901
3309
3407
2644
3271
3045
2564
2797
2039
2693
2440
2547
2595
1940
2596
2477
2479
2575
2484
2407
2335
2395
1991
2407
2368
2377
2335
2299
2311
2325
2225
2362
2405
2421
2401
2621
2559
2740
2773
2180
2847
3015
3117
3235
3165
3313
3361
3233
3121
3346
3365
3333
3302
3295
3341
3349
3343
2979
3319
3406
3414
3324
3402
3216
3309
3327
3275
3197
3109
2882
2084
2632
2603
2433
2490
2539
2639
2453
2524
1948
2448
2359
2341
2345
2331
1703
2297
1838
2282
2327
2311
2353
2335
2391
1872
2425
2423
2437
2569
2684
2068
2927
2983
2359
3240
3197
3271
3184
2504
3275
3268
3321
3253
3363
3259
2679
3269
3249
3295
3314
2733
3327
3317
3363
3301
3305
3397
2704
3241
3209
2623
2880
2685
2621
2575
2531
2512
2435
2537
2367
2368
2311
2325
2303
2243
2295
2255
2263
2231
2160
2383
2284
1775
2439
2381
2439
2231
2503
2498
2493
2332
2587
2613
2693
2767
2797
2961
2405
2504
3110
3197
3061
3159
3139
3089
3081
2391
3241
2503
3197
3380
3234
3223
3223
3245
3331
3335
3428
3293
3274
3279
3130
3101
2807
2805
2709
2620
2640
2669
2499
2556
2379
2349
2325
2324
2284
2261
2321
2233
1944
2292
2093
1676
2193
2225
2263
2349
2307
2455
1999
2429
2497
2469
2485
2631
2671
2685
2836
2919
3095
3005
3140
3105
2573
3180
3109
2389
3189
3127
3197
2801
3048
65024
65024
65024
65024
65024
65024
65024
65024
65024
65024
65024
65024
65024
65024
65024
65024
65024
65024
65024
65024
65024
65024
2357
2325
2303
2285
2313
2289
2269
2263
2379
2103
2253
2192
1749
2279
2295
2295
2391
2313
2453
2501
2231
2624
2608
2709
2839
3032
2961
2948
3031
3071
3053
3035
3123
3068
3105
2511
3041
3044
3061
2511
3071
2992
3039
3135
3176
2703
3191
3341
3165
3291
3285
3348
3087
2375
2847
2821
2620
2549
2469
2367
2373
1916
2391
2278
2388
2241
2143
2227
2249
2235
2285
2288
2265
2231
2003
2325
1799
2419
2491
1884
2571
2608
2471
2693
2359
2087
3023
2845
3145
3047
3156
3169
3102
2729
3213
3205
2677
3280
2959
3337
3325
3257
3317
3316
3159
3365
2736
3302
3532
3309
3367
2919
2432
3133
2879
2971
2247
2733
2567
2571
2463
2394
2391
2338
2371
2299
2303
2357
2331
2268
2300
1732
1791
1879
2241
2335
1679
1684
2333
2236
2429
2467
2357
2506
2509
2565
2533
2631
2924
2901
3093
3131
3160
3223
3257
3221
3315
3266
3336
3365
3353
3327
3177
3216
3378
3381
2855
3416
3421
3394
3399
3361
3295
3331
3338
3285
3165
2943
2064
2709
2513
2327
2501
2482
2460
1735
2405
1716
2301
2299
2315
2287
2287
2327
2129
2100
2295
2175
2063
1903
2436
2429
1857
2367
2469
2542
2115
2549
2825
2652
2943
2993
2607
3223
3199
3301
2776
3508
3379
3495
3417
2831
3263
3340
2508
3429
3439
3285
3351
3576
3447
3385
3378
3383
3359
3461
3322
2852
3109
2921
2409
2647
2457
2441
2229
2303
2035
2261
1871
2211
2261
2079
2311
1976
2256
2256
2343
2215
2197
2225
2253
1795
1735
1693
2293
2447
2481
2591
2676
2347
2795
2934
3037
3061
3125
3270
3325
3600
3323
3399
3309
3252
3378
3447
3388
3391
3551
3415
2669
3367
3240
3391
3359
3402
3420
2607
2599
3137
3007
2855
2621
2696
2023
2499
2463
2195
2423
2357
2349
2163
2257
2236
2235
2193
2213
1652
2237
2181
2229
1663
2220
2219
1871
2197
2311
1973
2404
2604
2455
2535
1898
2688
2727
2985
2975
3123
2343
2708
2723
3377
3397
3281
3375
3319
3412
3327
3479
2589
3425
2709
3428
3421
3426
3536
3265
3423
3049
3367
2813
2929
3007
2889
2231
2694
2535
2567
1821
2333
2412
2321
2359
2384
2285
2249
2351
2160
1795
2225
2169
2215
1965
2173
2183
1767
2239
2271
2259
1939
2329
2380
2395
2495
2564
2644
2724
2244
2991
3089
3280
3299
3516
3221
2885
3405
3419
3436
3387
3596
3403
3452
3395
3351
3387
3375
3365
3359
2771
3355
3353
3443
3209
2909
2980
3025
2865
2783
2683
2613
2052
2467
1980
1774
2325
2399
2285
2293
2317
2221
2201
2220
2151
2193
2135
1628
2141
2184
2190
2223
2308
2303
2265
1735
2399
2453
2476
2175
2653
2375
2933
3108
2368
3401
3377
3540
3398
3369
3357
3451
3145
3313
3349
3346
3373
2660
3263
3343
3329
3351
3397
3315
3386
3217
3341
2983
2375
3103
2896
2777
2707
2599
2381
2455
2424
2377
2421
2385
2327
2332
2197
2221
1679
2272
2243
2269
2245
2033
2167
2240
1983
2146
2169
2193
2241
2290
2261
2279
2167
2403
2116
2627
2637
2993
2371
3309
3333
2888
3225
3157
3299
3351
3388
2813
3347
3363
3445
3365
3371
3429
3383
3403
3433
3369
3435
3418
3443
2692
3150
2920
2897
2787
2556
2629
2517
2454
2429
2391
2421
2353
2511
2297
2229
2265
2173
2187
2179
2149
2188
2117
2157
2133
1751
2244
2260
2276
2269
2356
2251
2327
2353
2544
2371
2753
3063
3093
2479
2476
3369
3407
3436
3391
2989
3305
3595
3428
3487
3399
3371
2750
3397
3398
3381
3344
3559
3387
3409
3357
3478
3397
3239
3019
2747
2691
2660
2581
1933
2368
2076
2423
2367
2239
2044
2209
2309
1936
2247
2232
2241
1811
2175
1983
2260
2181
2187
2149
1840
2243
2199
2246
1823
2239
2311
2361
2243
2653
3011
3111
3057
3177
3299
3367
3402
3124
3393
3277
3359
2535
3288
3402
3104
3291
3361
2661
2776
2548
3417
3362
3367
3322
3265
3367
3219
3087
2575
2831
2627
2577
2533
2228
2421
2308
2379
2355
2321
2095
2399
2327
2311
2033
2209
2243
2228
2219
1735
2292
2161
2246
1791
2228
2279
2275
2279
2399
2333
2321
2329
2567
2781
2961
3125
3170
3268
3282
2815
3359
3321
3371
3047
3448
3401
3383
2599
2740
3323
3377
3371
3063
3503
3363
3493
2735
3341
3309
3373
3295
3093
2972
2751
2764
2554
2220
2487
2516
2532
2412
2265
2341
2327
1730
2277
2197
2367
2284
2213
2096
2372
2205
1845
2244
2137
2113
2245
2227
2278
2257
2253
2295
2239
2501
2527
2723
2221
3130
2343
3174
3373
3323
3380
3196
3378
3349
3429
3399
3365
3375
3375
3353
3371
3347
3369
3392
3011
3341
3396
3413
3344
3487
2853
2469
2915
2125
2719
2071
2525
2337
2385
1791
2404
2401
2353
2299
2339
2287
2243
2300
2227
2197
2183
2199
2207
2209
2207
2133
2316
2197
2197
2180
2213
2239
2279
2420
2472
2567
2783
2936
2913
3172
3197
3565
3364
3381
3245
3371
3367
3351
3403
3452
3331
3367
3364
3409
3451
3196
3279
3268
3413
3387
3422
3435
3323
3213
2601
2933
2791
2775
1988
2597
1886
2431
2469
2392
2403
2357
2343
2291
2303
2303
2269
2197
2212
2259
2160
2243
2245
2229
2205
2289
2237
2280
2265
2209
2332
2248
2203
2121
2488
2519
2675
2349
3099
3037
3173
3117
3255
3193
3383
3402
3345
3344
3372
3247
3381
3453
3349
3413
3410
3412
3363
3379
3381
3364
3369
3353
3377
3367
3100
2912
2767
2077
2409
2525
2453
2271
2257
2375
1832
2331
2256
2251
2245
2261
2270
2236
1983
2257
2192
2136
2231
2229
2157
2178
1779
2168
2145
2343
2301
2383
2403
2479
1909
2767
3019
2963
3057
3336
2829
3253
3291
3305
3243
3339
3415
3379
3405
3417
2519
3141
3389
3392
3402
3345
3373
3117
2685
3407
3417
3379
3305
3181
2167
2156
2787
2585
2513
1871
2363
1861
1775
2351
2241
2294
2303
2269
2064
2311
2220
2215
1607
2217
2133
2239
2214
1859
1993
1648
1829
2287
1734
2341
2369
2403
2479
2700
2709
3045
3036
3173
3005
3327
3366
2525
3377
3357
3481
3346
3417
3508
3337
3365
3346
2541
3435
3391
3359
3551
3357
3375
3341
2791
2501
3291
3063
2961
2719
2669
2367
2007
2467
2376
2165
2353
2379
2369
2271
2365
2177
2277
2284
2241
2239
2281
2213
1985
2229
2260
2207
1655
2253
2285
1813
2271
2532
1780
2487
2600
2770
2999
2278
3135
3167
3357
3373
3421
3383
3355
2914
3343
3455
3369
3337
2608
3403
3377
3435
3427
3371
3423
3357
3145
3365
3200
3349
3333
2343
2981
2911
1991
2431
2493
2117
2397
2405
2479
2333
2377
2325
2261
2331
2295
2246
1668
2287
2234
1780
1976
2251
2231
2193
2205
2247
2240
2340
2111
2301
2450
2119
2711
2700
2902
2183
2648
3067
3205
3260
2548
3274
3355
3377
3535
3319
3167
3385
3397
3189
3371
2864
3415
3415
3399
3369
2573
3331
3341
2885
3149
3110
3069
2973
2703
2719
2624
2506
2486
2411
2433
2353
2339
2377
2343
2368
2327
2436
2315
2263
2248
1843
2277
2256
2263
2231
2206
2199
2175
2253
1686
2287
2457
2644
2581
2579
2758
2901
2904
3039
2472
3267
3283
3280
3281
3346
3333
3269
3251
3394
3314
3145
2676
3315
3312
3373
3275
3351
3348
3283
3317
3322
3225
3189
3171
3004
2870
2774
2610
2481
2044
2497
2453
1772
2393
2389
2389
2373
2295
2416
2253
1676
2244
2279
2137
2213
2273
2217
2197
1919
1575
1700
2235
2305
2453
2302
2431
2473
2597
2341
2815
2992
2524
2879
3189
2319
3248
3198
3220
3215
3263
3207
3283
3193
3284
3237
2595
3220
2740
3373
3304
3293
3187
3199
3269
3320
3195
3133
2813
2655
2747
1941
2541
1831
2472
2405
2388
2391
1735
2437
2111
2333
2283
1865
2241
2197
2239
2247
2079
2231
2205
2229
2173
1791
2357
2273
1967
2349
2356
2441
2473
2565
2750
2245
2815
2916
3124
3193
3167
3191
3255
3153
3209
2599
3210
3301
3110
3285
3303
2564
3276
3287
3161
3247
3199
3252
3229
3205
2327
2775
2752
2931
2856
2687
2646
2441
2449
2284
1984
2321
2359
2392
2357
2359
2341
2315
1814
2263
2309
2271
2215
2095
2279
2273
2213
2269
2249
2271
1828
2288
2389
1765
2359
2417
2595
2600
2807
2737
2973
2548
3191
3215
3262
3181
3237
3156
3342
3211
3173
3188
2707
3275
2602
3287
3229
3222
3187
3287
3241
3322
2773
3225
3182
3143
2969
2623
2655
2429
2324
2453
2293
2441
2454
2349
2338
2329
2284
2331
2345
2320
2311
1781
2263
2193
2228
2199
2263
2205
2201
2287
2109
2355
2361
2341
2395
2384
2455
2694
2809
2769
2825
3063
3118
2595
3169
3189
3207
3273
3272
3215
3215
3232
3243
3277
3228
2492
3000
3205
3301
3285
3381
2827
2748
3266
3087
3229
2416
2621
2807
2800
2545
2549
2052
2104
2471
2375
2384
2509
2308
2321
2311
2295
2227
1939
2285
2285
2249
1687
2217
2252
2165
2197
2277
2324
2303
1740
2373
2389
2271
2517
2529
2841
2164
2579
3066
3185
3209
3171
3249
2436
3249
3389
3089
2615
3381
3318
3369
3349
3355
3151
3412
3542
3386
3365
3373
3289
3365
3412
3276
3111
2387
2749
2677
2071
2517
2433
2385
2374
2311
2359
2268
2295
2440
2263
2265
1718
1639
2241
2241
2219
2164
1662
2221
1692
2440
2257
2357
2327
2431
2471
2559
2605
2685
2789
2903
2839
3199
3199
3318
3313
3419
3430
3221
3325
3361
3355
3426
3335
3478
3353
3385
3363
3345
3366
3411
3425
3369
3418
3369
3407
3359
3437
3356
3401
3199
3376
3365
3325
3245
3131
3071
2884
3017
2920
2933
2849
2640
2949
2937
2973
2297
2975
2947
2867
2348
2961
2899
2935
2943
2881
2925
2909
2911
2922
2957
2884
2853
2853
2951
2918
2253
2941
2911
2939
2949
2849
2893
2748
2868
2932
2932
2867
2896
2980
2991
2912
2247
2807
2896
2851
2191
2841
2819
2835
2845
2897
2887
2871
2783
2911
2359
2873
2903
2692
2180
2864
2847
2917
2805
2636
2461
2908
2873
2867
2846
2877
2841
2148
