3389
3371
2753
3381
3471
3339
3333
2723
3089
3369
3341
3221
3339
3317
3305
3293
2668
3333
3255
3303
3503
3297
3367
2548
3311
3315
3379
2673
3120
3303
2639
3382
3465
3389
3363
3341
3463
3462
3430
2583
3469
2803
3400
2599
3324
65024
65024
65024
65024
65024
65024
65024
65024
65024
65024
65024
65024
65024
65024
65024
65024
65024
65024
65024
65024
65024
65024
2615
2836
2644
2755
2815
2890
2911
3164
3053
3103
3164
3213
2455
3357
2733
3412
2735
2601
3449
3157
3604
3429
2645
2775
3489
3215
3434
3237
3499
3507
2728
2663
3476
3525
3511
3461
3315
3328
3035
2942
2868
2909
2876
2873
2792
2757
2769
2743
2884
2775
2761
2291
2547
2649
2319
2735
2591
2519
2493
2535
2553
2605
2429
2542
2567
2021
2743
2762
2893
3024
2996
3085
2897
3142
3113
3392
3455
3381
3444
3387
3459
3417
3503
3415
3421
3443
3405
3420
3396
3463
3455
3447
3479
3429
3453
3465
3467
3503
3379
3341
2691
2964
2444
2447
2859
2859
2876
2760
2783
2770
2661
2524
2665
2614
2576
2083
2445
2591
2455
2557
2515
2631
2507
2527
2551
2623
2581
2724
2495
2733
2844
2762
2920
2951
2995
3011
3100
2871
3329
3421
3411
2930
3383
3213
3417
3386
2755
3409
3405
3420
3461
3446
3442
3447
3309
2583
3487
3419
3481
3069
3367
3340
3289
3149
2643
2935
2932
2624
2813
2772
2700
2831
2619
2631
2625
2579
2546
2493
2548
2501
2573
2200
2219
1911
2469
2497
2615
2675
2564
2553
1959
2731
2725
2733
2874
2900
2915
2917
3024
2885
3333
3321
3411
2943
2979
3364
2938
3497
3387
3446
3406
3405
3418
3367
3455
3401
3447
3399
3440
3503
2792
3350
2741
3327
3239
3205
3077
3017
2901
2903
2857
2815
2833
2708
2621
2127
2601
2529
1868
2544
2503
2299
2535
2500
2471
2499
2239
2533
2591
2259
2549
2591
1988
2669
2677
2119
2729
2897
3119
2927
2659
3132
3217
3259
3461
3263
3410
3345
2519
3351
3340
3420
2535
2525
3373
3437
3457
3405
3429
2991
3341
3371
3351
3319
3454
3383
3400
2903
3097
3097
2941
2207
2833
2842
2760
2765
2645
2589
2663
2660
2579
2503
2501
2535
2441
2481
1831
2482
2489
2448
2517
2510
2605
2099
2601
2615
2689
2750
2087
2531
2965
2988
3071
3173
3228
3231
3265
3207
3343
3355
3344
3313
3474
3323
3161
3313
2999
3333
3209
3346
3089
3297
3135
3255
3367
3336
3567
3359
3345
3279
3220
3107
3015
2985
3004
2881
2773
2832
2796
2655
2573
2585
2537
2536
2525
1828
2534
2465
1927
2321
2517
2590
1860
2115
2553
2628
2599
2653
2720
2240
2839
2869
3024
3013
3083
3157
3141
3190
2756
2721
3385
3330
2581
3393
3377
2565
2863
3297
2685
3415
3365
3379
3409
3445
3413
3425
3240
3393
3415
3578
3447
3073
3279
3113
3150
2873
2921
2905
2773
2691
2444
2660
2608
2603
2621
2645
2539
2541
2264
2193
2192
2596
2548
2533
2519
2397
2483
2469
2525
2551
2733
2623
2773
2881
2879
2951
2975
3012
3124
3086
3283
2699
3350
2500
3257
3443
3487
3395
3406
3463
2981
3421
2583
3449
3399
3427
3441
3430
3443
3443
3212
3456
2979
3401
3184
3273
2788
2973
2891
2834
2773
2751
2733
2797
2175
2739
2609
2674
2587
2551
2591
2563
1872
2565
2239
1895
2421
2500
1887
2580
2539
2607
2466
2764
2717
2543
2728
3020
2893
2940
3056
3101
3269
3500
3133
3450
3612
3440
3535
3401
3399
3493
3554
3430
2887
2943
3363
3473
3461
3482
3475
2895
2909
3477
2982
3487
3433
3447
3025
3145
3071
2991
2965
2899
3092
2885
2844
2841
2787
2778
2743
2739
2388
2667
1964
2772
2796
2679
2680
2654
2655
2764
2641
2684
2645
2716
2683
2665
2761
2756
2866
2511
3231
3207
3245
3303
3331
3430
3466
3415
2995
3361
3405
3345
3477
2959
3591
3467
3461
3445
3471
3704
3344
3477
3481
2851
3509
2963
2979
3444
3425
3306
3183
3039
3020
2716
2941
2897
2495
2775
2772
2805
2404
2827
2789
2771
2624
2151
2133
2746
2140
2724
2733
2435
2713
2566
2728
2683
2695
2689
2699
2673
2407
2660
3036
3176
3244
3327
3258
3370
3388
2877
2815
3455
3231
3440
3495
3263
3450
2815
3433
3477
3363
3495
3473
2686
2815
3628
3503
2663
3467
3465
3359
3445
3223
3115
3014
2997
2931
2885
2810
2224
2799
2632
2781
2725
2765
2755
2738
2776
2403
1988
2659
2725
2175
2732
2559
2715
2751
2693
2700
2339
2655
2671
2740
2093
3004
3069
3160
3273
2879
3289
3339
3479
3447
3181
3471
3395
3423
3373
3374
3381
3399
3438
3432
3411
3251
3413
3412
2933
3367
3459
3410
3361
3391
3441
3193
3089
2820
2885
2739
2748
2625
2643
2551
2535
1997
2557
1863
1999
2399
2302
2003
2257
2656
1791
2557
2657
2213
2023
2741
1972
2617
2852
2677
2677
2804
3152
2985
2303
3171
2855
2311
3199
3303
2852
3471
3387
3530
3344
3333
3095
2987
3361
3293
2475
3304
3363
3437
3379
3374
3303
3364
3374
3415
3399
3379
3085
2815
2805
3008
2753
2788
2757
2659
2683
2631
2609
2223
2399
2601
2527
2517
2463
2541
2523
2495
2499
2461
2513
2582
2503
2608
2563
2545
2578
2399
2679
2697
2813
2965
3113
2914
2777
2499
3197
3135
2961
3323
3285
3283
3041
2835
3283
3327
3407
3357
2739
3259
3348
3323
3405
2863
3487
3390
3333
3345
3089
3276
2939
2867
2511
2815
2815
2307
2653
2654
2563
2589
2543
2567
1860
2151
2028
2672
2548
1884
2180
2398
2395
1876
2421
2473
1885
2464
2417
2508
2671
2609
2661
2255
2757
3023
2887
2933
2824
2753
3296
3270
3281
3363
3295
3309
3348
3411
3447
3339
3365
3418
3417
3301
3576
3445
3281
2519
3371
3463
3415
3491
3323
3484
3143
3141
3100
2781
2748
2628
2780
2671
2611
2631
2495
2483
2481
2225
2367
2524
2485
2485
2485
2485
2485
2485
2485
2485
2461
2477
2476
2583
2593
2705
2805
2805
2815
2893
2985
3144
3130
3313
3363
3371
3376
3408
2885
3441
3402
3467
3405
3393
3395
3463
3397
3440
3377
3385
3599
3431
3421
3231
3409
3412
3418
3383
3163
3101
3127
2891
2775
2757
2703
2659
2617
2647
2595
2613
2013
2507
2006
2453
2504
1907
2497
2456
2367
2461
2461
2471
2289
1903
1948
2567
2501
1901
2812
2701
2076
2765
2827
2983
3129
3285
3339
3301
2580
3338
3461
2743
3133
3393
3445
3413
3295
3461
3421
3397
3377
3419
3465
3193
3496
2580
3378
3357
3165
3202
3388
3303
3119
2381
2901
2789
2689
2608
2681
2583
2621
2589
2601
2607
2540
2501
1996
2099
1873
2399
2485
2416
2433
2367
2480
2421
2207
2559
2645
2533
2285
2660
2663
2709
2851
2893
3047
3154
3273
2640
3351
3289
2743
3400
3463
3564
3408
2572
3414
3295
3405
3423
3373
3357
3369
3359
3385
3437
3380
3479
3300
3407
3387
3321
3275
2292
3039
2769
2755
2691
2416
2660
2151
2519
2179
2509
1767
2471
2335
1767
2437
2401
2469
2520
2335
2455
1908
2509
2495
2597
2661
2661
2641
2060
1964
2773
2852
2897
3095
3261
3209
3280
3400
3372
2755
3461
2764
3413
3479
3535
3383
3423
3479
3405
2915
3437
3476
2695
3415
3448
3427
3463
3391
3412
3421
3311
3303
2311
3031
2977
2917
2447
2548
2340
2792
2651
2591
2628
2602
2445
2735
2620
2471
2521
2581
2631
2239
2625
2189
2677
2715
2737
2755
2791
2669
2719
2705
2677
2852
2399
2544
2544
2544
2544
2540
3089
3036
3067
3283
3509
3460
3444
3229
3465
3454
3397
3452
3389
2583
3409
3521
3434
2851
3541
3440
3609
2864
3376
3063
2911
2953
2859
2715
2641
2676
2527
2629
2609
2613
2404
2417
2519
1895
2063
2273
2095
2427
1756
2427
1756
2381
1767
2399
2385
2409
2447
2488
2497
2089
2847
2926
3047
3121
3167
3145
3407
3297
2671
3493
3441
3460
3421
3476
2691
3489
3401
3063
3471
2804
3519
3398
3461
3487
3416
2883
3445
3483
3397
3368
3255
3206
3029
2855
2909
2740
2741
2723
2743
2669
2605
2567
2613
2519
2533
1988
2445
2431
1939
2543
1987
2401
2471
2485
1831
2454
2471
2512
2531
1950
2687
2761
2708
2933
3057
3117
3064
2927
3235
3327
3413
3429
3463
3220
3438
3400
3434
3405
2612
3410
3429
3397
3495
3455
3447
3419
3513
3447
3385
3357
3417
3204
3337
3007
2920
2785
2483
2688
2640
2801
2784
2751
2773
2615
2633
2571
2635
2556
2567
2115
2289
2533
2519
2487
2628
2501
2501
2453
2260
2519
2065
2650
2707
2741
2847
2899
2980
2895
3175
3197
3039
3281
3355
3317
3401
3428
2963
3447
3373
3393
3435
3442
2947
3386
3546
3145
3551
3361
3405
3402
3516
3435
3296
3373
3285
3333
3154
3031
2937
2951
2917
2953
2889
2815
2783
2420
2709
2825
2687
2576
2665
2573
2619
2571
2516
2537
2567
2493
2567
2533
2484
2540
2557
2529
2765
2803
2593
2943
2932
2961
3061
2511
2685
3206
3370
3345
3372
3597
3289
2959
3567
3349
3382
3429
3380
3373
3168
2567
3439
3295
3365
3367
3469
3365
3437
3361
3351
3343
2669
2977
2979
2915
2853
2783
2547
2821
2813
2731
2741
2737
2783
2595
2557
2608
2579
2495
2621
2597
2468
2573
2521
2521
2447
2257
2541
2679
2253
2677
2703
2749
2608
2087
2913
2732
3007
3133
3167
3355
3270
3282
3285
2672
3343
3307
3293
3338
2740
3320
3323
3293
3351
3380
3283
3096
3416
3351
3473
3509
2565
3380
3345
3215
3063
2983
2852
2795
2688
2757
2759
2705
2708
2164
2707
2623
2641
2655
2615
2703
2100
2565
1861
2453
2628
2476
2556
2449
2439
2519
2597
2587
2616
2583
2287
2672
2723
2853
3071
2687
3316
3323
3461
3441
3413
3489
3514
3453
3520
3475
3412
3415
2671
3093
2741
3328
3477
3441
3532
3527
3427
3461
3433
3509
3351
3235
3099
2989
3013
2704
2782
2729
2829
2678
2593
2509
2481
2500
2533
2451
2489
2451
2441
2447
2487
2437
2563
2068
2461
2655
2752
2760
2669
2705
2743
2843
2815
2183
3188
3067
3013
3292
2703
3177
2868
2855
2535
3436
3401
2768
3515
3529
3493
3297
3434
3465
3508
3473
3515
3530
3568
3460
3159
3397
3263
3477
3476
3271
3015
2965
2877
2124
2355
2607
1902
2268
2513
2488
2477
2480
2435
2352
2607
2113
2369
2359
2383
2461
2429
2603
2575
1964
2483
2547
1863
2581
2608
2741
2023
2975
2984
3107
3103
3291
3365
3447
3467
3437
3395
3451
3461
3491
3455
3436
3487
3444
3419
3287
2647
3455
3043
3227
3501
2896
3433
3407
3385
2781
3327
2933
3039
2591
2673
2680
2417
2635
2613
2573
2311
1910
2540
2361
2361
2361
2361
2361
2361
2442
2385
2450
2399
2503
2416
1799
2319
2583
2668
2775
2087
2928
2987
3163
3193
3226
3112
3315
3461
3200
3397
3447
3509
3425
3599
3458
3427
3498
3423
3459
3011
3473
3113
3479
3523
3489
3495
2568
3462
3251
3031
3055
3444
3493
3519
3460
3205
2599
2573
2271
2573
2573
2573
2573
2573
2573
2573
2573
2573
2573
2573
2573
2573
2573
2573
2573
2573
2573
2573
2573
2573
2573
2573
2455
2599
2821
2121
2563
2748
2241
2600
2435
2513
2565
2724
2724
2781
2845
3060
2973
2237
2969
3029
3037
3045
2903
3088
3006
2915
2947
2919
2751
2963
2961
2964
2997
3017
2319
2951
2951
2951
2951
2951
2951
2951
2951
2951
2951
2951
2951
2951
2951
2951
2951
2951
2951
2951
2951
2951
2951
2951
2951
2951
2951
2951
2951
2951
2951
2951
2951
2951
2951
2951
2951
2951
2951
2951
2951
2951
2951
2951
2951
2951
2951
2951
2951
2951
2951
2951
2951
2951
2951
2951
2951
2951
2951
2951
2951
2951
2951
2951
2951
2951
2951
2951
2951
2951
2951
2951
2951
2951
2951
2951
2951
2951
2951
2951
2951
2951
2951
2951
2951
2951
2951
2951
2951
2951
2951
2951
2951
2951
2951
2951
2951
2951
2951
2951
2951
2951
2951
2951
2951
2951
2951
2951
2951
2951
2951
2951
2951
2951
2951
2951
2951
2951
2951
2951
2951
2951
2951
2951
2951
2951
2951
2951
2951
2951
2951
2951
2951
2951
2951
2951
2951
2951
2951
2951
2951
2951
2951
2951
2951
2951
2951
2951
2951
2951
2951
2951
2951
2951
2951
2951
2951
2951
2951
2951
2951
2951
2951
2951
2951
2951
2951
2951
2951
2951
2951
2951
2951
2951
2951
2951
2951
2951
2951
2951
2951
2951
2951
2951
2951
2951
2951
2951
2951
2951
2951
2951
2951
2951
2951
2951
2951
2951
2951
2951
2951
2951
2951
2951
2951
2951
2951
2951
2951
2951
2951
2951
2951
2951
2951
2951
2951
2951
2951
2951
2951
2951
2951
2951
2951
2951
2951
2951
2951
2951
2951
2951
2951
2951
2951
2951
2951
2951
2951
2951
2951
2951
2951
2951
2951
2951
2951
2951
2951
2951
2951
2951
2951
2951
2951
2951
2951
2951
2951
2951
2951
2951
2951
2951
2951
2951
2951
2951
2951
2951
2951
2951
2951
2951
2951
2951
2951
2951
2951
2951
2951
2951
2951
2951
2951
2951
2951
2951
2951
2951
2951
2951
2951
2951
2951
2951
2951
2951
2951
2951
2951
2951
2951
2951
2951
2951
2951
2951
2951
2951
2951
2951
2951
2951
2951
2951
2951
2951
2951
2951
2951
2951
2951
2951
2951
2951
2951
2951
2951
2951
2951
2951
2951
2951
2951
2951
2951
2951
2951
2951
2951
2951
2951
2951
2951
2951
2951
2951
2951
2951
2951
2951
2951
2951
2951
2951
2951
2951
2951
2951
2951
2951
2951
2951
2951
2951
2951
2951
2951
2951
2951
2951
2951
2951
2951
2951
2951
2951
2951
2951
2951
2951
2951
2951
2951
2951
2951
2951
2951
2951
2951
65024
65024
65024
65024
65024
65024
65024
65024
65024
65024
65024
65024
65024
65024
65024
65024
65024
65024
65024
65024
65024
65024
65024
65024
65024
65024
65024
65024
65024
65024
65024
65024
65024
65024
65024
65024
65024
65024
65024
65024
65024
65024
65024
65024
65024
65024
65024
65024
65024
65024
65024
65024
65024
65024
65024
65024
65024
65024
65024
65024
65024
65024
65024
65024
65024
65024
65024
65024
65024
65024
65024
65024
65024
65024
65024
65024
65024
65024
65024
65024
65024
65024
65024
65024
65024
65024
65024
65024
65024
65024
65024
65024
65024
65024
65024
