2755
3179
3153
3201
3203
3244
3209
3153
3150
3241
3172
3189
3207
3239
3175
2687
3170
2943
3246
3158
3205
3004
3225
3181
3219
3145
2895
2421
3201
3175
3241
3195
3229
3207
2657
3407
3299
2589
3355
3231
2519
3311
3431
3327
3327
3360
3299
3189
3161
3045
2955
2292
2847
2867
2959
2838
2859
2799
2903
2853
2813
2827
2749
2861
2869
2751
2865
2829
2623
2807
2092
2821
2697
2754
2733
2769
2769
2593
2905
2935
3247
2654
3167
3226
3336
3128
3135
3281
3331
3381
3327
3381
3397
3063
2795
3428
3379
3351
2564
3356
3441
3465
3373
3380
3466
3372
3453
3381
3465
3306
3189
3089
3021
2887
2826
2775
2789
2775
2841
2823
2772
2753
2647
2856
2773
2632
2753
2687
2775
2660
2687
2724
2711
2687
2689
2288
2678
2687
2860
2736
2759
2867
3087
3007
3191
3180
3267
3385
3323
3367
3319
3331
3423
3339
3281
3417
3413
3373
3567
3403
3413
3395
3386
3405
3437
3156
3400
2774
3345
3375
2773
2607
3301
3231
2981
2884
2860
2801
2450
2711
2641
2705
2021
2625
2641
2612
2625
2591
2287
2688
2717
2696
2488
2545
2765
2743
2717
2695
2799
2700
2118
2727
2086
2861
2965
2319
2961
3221
3356
3080
3376
3269
3377
3311
3419
2615
3204
3369
3389
3395
3201
3403
3357
3393
3441
3075
3381
3431
3421
3287
3436
3428
3140
3367
3345
3165
3019
2685
2924
2869
2768
2757
2195
2677
2629
2076
2632
2071
2629
2652
2659
2181
2633
2663
2673
2636
2710
2736
2759
2419
2709
2759
2663
2339
2807
2829
2845
3005
2864
3167
2883
3357
3313
2943
3318
3099
3332
3287
3112
3055
3335
3297
3358
3295
3340
3302
3351
3281
2503
3347
3367
3321
3314
2799
3383
3289
3124
3289
3101
2277
3015
2865
2815
2753
2711
2699
2323
2758
2661
2115
2614
2657
2672
2653
2736
2671
2495
2765
2004
2685
2684
2753
2488
2759
2847
2833
2600
2835
2852
2949
3047
2577
3085
3238
2749
3237
3250
3293
3280
3332
3252
3220
2663
3245
3330
3221
3242
3221
3161
3229
3333
2683
3299
3240
3249
3421
3303
3285
3103
3325
3144
2964
3013
2897
2833
2807
2640
2511
2615
2706
2557
2651
1999
2711
2660
2696
2032
2752
2670
2676
2716
2765
2500
2679
2741
2762
2815
2259
2842
2757
2828
2836
2853
2864
2563
2995
3039
3237
3113
3221
3223
3231
3243
3173
2927
3245
3195
3235
2644
3287
3221
3252
3244
3305
3307
2519
3000
3237
3305
3343
3273
3301
3307
3108
2996
2917
2956
2728
2777
2773
2775
2711
2541
2665
2703
2705
2645
2699
2795
2451
2023
2733
2709
1991
2729
2764
2697
2287
2753
2859
2259
2801
2831
2775
2673
2845
3003
3039
3157
3231
3167
3162
2671
3161
3157
3160
2709
2416
3348
3236
3211
3211
3203
3216
3289
2727
3297
3347
3298
3452
3402
2860
3377
3007
3303
3237
2340
2287
2933
2874
2747
2743
2697
2045
2723
2699
2710
2724
2709
2724
2799
2691
2699
2676
2708
2720
2711
2460
2681
2718
2733
2785
2064
2703
2729
2687
2789
2288
2899
3083
3205
3181
3231
3164
3197
3227
3252
3255
3319
3392
3271
3280
3365
3273
3316
2647
3285
2639
3273
2613
2762
2573
3429
3339
3439
3263
3363
3298
3112
3109
3043
2891
2839
2779
2023
2687
2705
2733
2708
2525
2709
2463
2661
2081
2289
2679
2453
2300
2651
2031
2563
2587
2669
2259
2673
2687
2319
2839
2247
2907
2879
2469
3144
3271
3306
3287
3209
3289
2503
3301
3381
2583
3367
3341
3406
3413
3313
3418
3437
3377
3415
3420
3413
3437
3391
3383
3435
3432
3359
3279
3339
3057
2999
2303
2823
2771
2325
2487
2675
2649
2589
2623
2667
2661
2693
2636
2399
2708
2636
2660
2655
2764
2619
2319
2537
2551
2637
2605
2639
2693
2777
2833
2751
3063
3125
3143
3308
3167
3281
3355
3323
3524
3462
2815
3228
3415
2793
3426
2835
3424
3365
3249
3400
3442
3461
3353
3475
3361
3365
3375
2565
3371
3411
3281
3139
2714
2881
2837
2753
2740
2703
2693
2709
2767
1973
2693
2677
2660
2627
2601
2623
2595
2634
2196
2645
2545
2617
2519
2020
2533
2571
2736
2695
2896
2887
2961
2569
3177
3251
3319
3343
3140
3417
3343
3323
3053
3292
3144
3399
3411
3444
3383
3411
3464
3410
3421
3404
3431
3415
3477
3409
3481
3487
3373
3461
3392
3319
3052
2996
2925
2829
2385
2775
2884
2229
2751
2724
2746
2724
2714
2588
2738
2927
2464
2904
2303
2710
2655
2711
2653
2665
2649
2613
2071
2641
2679
2826
2513
2928
3143
2851
3237
3439
3373
3303
3354
2907
3409
3462
3437
3491
3264
3495
3393
3465
2968
3421
3392
3491
3502
3320
3063
3489
3492
3411
3389
3407
3281
3417
2533
3051
3119
2849
2781
2727
2645
2556
2701
2673
2697
2131
2631
2115
1996
2545
2163
2563
2525
2593
2573
2549
1895
2623
2653
2645
2804
2743
2805
2773
2132
2963
3087
3217
3282
3368
3300
3389
3389
3233
3429
3445
3461
3385
3485
3422
3450
3447
3452
3425
3391
3438
3435
3413
3285
3383
3535
3429
3119
3455
3409
3308
3018
2973
2893
2813
2339
2701
2609
2689
2584
2591
2577
2645
2147
2092
2573
2573
2369
2513
2524
2499
2381
2579
2557
2572
2629
2416
2583
2681
2479
2151
2813
2783
3095
3211
3400
3254
3439
3253
3403
3391
3510
3565
3465
3417
3477
2917
3379
3385
3376
3446
3526
3397
3512
3402
3451
2572
3487
2859
3446
3447
3361
3374
3280
2993
2966
2819
2084
2773
2633
2687
2679
2622
2639
2820
2569
2581
2617
2532
2533
2591
2372
2553
2493
2461
2517
2364
2535
1984
2604
2576
2597
2717
2736
2992
2967
3060
3217
3318
3316
3376
3383
3357
3419
3351
3428
3421
3429
3421
3495
3367
3415
3380
3433
3415
3421
3421
3435
3389
3377
3493
3449
2803
3385
3156
3213
3052
2607
2679
2865
2785
2730
2527
2691
2635
2703
2601
2523
2631
2591
2577
2257
2571
2533
2525
2517
2068
2518
2588
2605
2071
2549
2607
2792
2103
2721
2778
2903
2933
3149
3189
3089
3342
3364
3325
3173
2939
3364
3453
3426
3399
3377
3385
3389
3365
3471
3449
3477
3419
3529
3454
3392
3221
3469
3448
3379
3327
3237
2443
3061
2953
2172
2736
2797
2863
2677
2704
2675
2085
2597
2579
2591
2577
1967
1892
2573
2345
2549
2636
1996
2613
2583
2557
2229
2596
2527
2661
2769
2831
2903
2351
3183
2611
3213
3285
3339
3429
3405
3231
3309
3405
3365
3401
3453
3437
3383
3421
3551
3389
3415
3187
2684
3389
3341
2544
3403
3183
3433
3319
3327
3305
3120
3011
2937
2809
2885
2756
2685
2711
2708
2687
2561
2621
2589
2431
2621
2577
2533
2589
1935
1999
1942
2541
1895
2509
2063
1940
2508
2715
2719
2793
2511
2973
3037
2799
3181
3307
3037
3391
3444
3412
3378
3353
2943
3476
2573
3445
3358
3388
3376
2599
3359
3423
3363
3414
3493
3357
3535
2839
3403
3400
3324
3227
3231
3047
2845
2908
2916
2797
2852
2733
1959
2714
2609
2659
2627
2355
2529
2615
2465
2324
2589
2520
2569
2185
2475
2511
2541
2515
2595
2109
2694
2797
2773
2937
2556
2977
3165
3197
2771
3403
3381
2711
3405
3361
3344
3387
2580
3365
3380
2543
3313
3339
3410
3428
3359
3425
3381
2660
3393
3463
3095
3495
3383
3464
2867
3132
2991
2915
2685
2803
2831
2757
2727
2708
2658
2673
2653
2650
2608
2599
2264
2647
2652
2567
1948
2500
2549
2503
2576
2615
2621
2591
2643
2713
2813
2845
2960
2448
3137
3219
2511
3437
3357
3389
3231
3367
3359
2711
3510
3415
2749
3495
3415
3461
3348
3395
2935
3461
3369
3359
3395
3397
2631
3380
3429
3381
3341
3231
3039
2951
2861
2835
2804
2863
2775
2421
2916
2673
2084
2622
2659
2677
2597
2589
2589
2004
2517
2535
2573
2577
2404
2473
2702
2571
2657
2705
2740
2884
2935
3087
2953
3170
3382
3307
3351
3565
3423
3429
3405
3393
3423
3413
2899
3371
3407
3315
2875
3431
3371
3433
3444
3383
3407
2819
3403
3451
3473
2735
3385
3401
3071
3037
2915
2910
2885
2855
2788
2823
2837
2815
2719
2195
2359
2060
2668
2663
2118
2702
2597
2763
2733
2611
2605
2619
2637
2227
1988
2589
2611
2269
2713
2836
3156
3176
3335
3225
3415
3354
3564
3409
3487
3397
3388
3369
3253
3431
3431
3412
3382
3351
3370
3304
3379
3378
3397
2965
3449
3265
3027
2581
2525
3145
3205
3005
3037
2281
2917
2865
2949
2563
2837
2873
2813
2551
2863
2741
2797
2687
2711
2753
2603
2703
2645
2645
2701
2663
2559
2620
2621
1989
2637
2676
2713
2781
2940
2405
3337
3275
3281
3379
3428
3392
3376
3383
3564
3427
3403
3331
3393
3317
2621
3412
3386
2543
3438
3443
3351
3277
3356
3365
3397
3409
3428
3410
2518
3083
3063
2901
2805
2869
2215
2804
2753
2725
2792
2729
2759
2713
2071
2640
2681
2799
2708
2729
2658
2695
2645
2612
2761
2640
2628
2640
2740
2557
2765
2649
2653
3021
3035
3149
3223
3229
3508
3405
3342
3343
3377
3321
3370
3372
3367
3327
3477
3399
2644
3087
3389
3436
3528
3421
3347
3389
3335
3407
3377
3393
3380
2977
3047
2945
2889
2823
2821
2805
2737
2732
2709
2701
2175
2749
2705
2645
2725
2679
2520
2675
2679
2687
2621
2571
1991
2051
2623
2613
2767
2741
2687
2685
2719
2837
3009
3163
3137
3231
3381
3394
3360
3333
3335
3411
3529
3359
3336
3413
3341
3366
3435
3361
3327
3023
3394
2647
3380
3355
3024
3153
3379
3437
3427
3237
3216
3119
2925
2887
2839
2783
2788
2279
2743
2621
2719
2581
2644
2641
2637
2701
2415
2712
2581
2692
2701
2661
2764
2621
2521
2694
2277
2731
2659
2701
2743
2845
2996
3092
2688
3263
3281
3231
3326
3351
2567
3329
3341
2964
3107
3369
3124
3383
2852
3394
3338
3333
3354
3376
3359
3377
3315
3103
3425
3333
3377
2825
2479
3121
2723
2933
2843
2953
2805
2741
2737
2783
2655
2711
2677
2655
2705
2705
2647
2677
2698
2688
2631
2609
2707
2299
2672
2633
2495
2431
2481
2661
2743
2813
2117
2595
3184
3155
3286
3327
3314
3366
3237
3313
3383
3340
3349
3333
3364
2877
3413
3285
3394
3347
3389
3041
2931
3240
3400
3297
3367
3358
3413
3419
3241
2961
3061
2999
2934
2881
2585
2771
2900
2772
2737
2447
2749
2707
2708
2743
2692
2677
2717
2617
2731
2677
2653
2211
2643
2651
2629
2621
2621
2727
2673
2735
2743
2944
2890
3185
3173
2791
3253
3350
3375
3436
3357
3405
3365
3325
3362
3324
3137
3369
2492
3317
3382
3263
3388
2615
3411
2899
3327
3357
3399
3365
3360
3239
3144
2430
3083
2925
2188
2821
2959
2796
2800
2736
2371
2775
2469
2707
2725
2211
2711
2687
2645
2039
2709
2685
2645
2423
2695
2677
2631
2724
2671
2884
2759
2597
2887
2975
2845
3109
3277
3258
3335
3312
3319
2600
3315
3311
3291
3356
3369
3372
2947
3398
3396
3357
3189
3329
3344
3383
3317
3371
3355
2503
3096
3348
3301
3069
2991
2927
2835
2815
2812
2723
2737
2828
1991
2880
2717
2495
2533
2641
2665
2688
2661
2583
2639
2597
2609
2677
2625
2653
2629
2272
2605
2757
2341
2699
2473
3010
3087
3235
3248
3253
3239
3325
3317
3347
3407
3281
2460
3326
3371
3347
3385
3007
3365
3325
3344
3301
2929
3299
3381
3213
3317
3265
3309
3293
3397
3287
3335
3388
3316
3305
3282
2771
3290
3216
3271
2653
3255
3293
3282
3261
3221
2703
2883
2815
3016
3213
3233
3207
2819
3095
3193
3193
3228
3203
3341
3242
3185
3246
3269
3288
2564
3143
2573
3237
3194
3024
3188
3283
3173
2677
3227
3252
3181
3219
3237
2552
2407
3173
3163
3334
3189
3223
3213
3205
3053
3167
3173
3154
2575
3301
3157
2805
3221
3189
3088
3199
3209
3125
3157
3165
2359
3049
3218
3271
2804
3372
2717
3221
3155
2769
3181
3189
3199
2759
3229
3221
3274
3245
3143
3158
3180
3205
3251
3152
3209
3237
3204
3185
3197
3147
3239
3213
3161
3135
2479
3242
3155
3165
3153
3157
3213
2923
3227
3191
3217
2372
3203
3039
3165
3242
3095
3193
3211
3159
3245
3177
3148
3149
3169
3220
3236
2788
3153
2984
3045
3209
3250
3147
3231
3039
3089
3233
2961
3189
2407
3273
3141
3189
3159
3163
3167
3186
2765
2343
3093
3170
3236
3223
2659
3048
3209
3203
3216
3188
3025
3197
3153
3221
3181
3199
3156
3200
3169
3172
3201
2489
3171
2343
3159
3201
3109
3149
3350
3183
3172
3173
3204
3136
3191
3223
3141
3198
3161
3196
2558
3189
2412
3186
3143
3199
3141
3229
3191
3157
3241
3157
3228
3183
3131
2913
3193
3149
3220
3127
3049
3205
3249
3198
3189
3171
3216
3213
3157
3273
3187
3183
3107
3227
3173
3332
3129
3124
3320
3147
3343
3227
3135
3156
2643
2993
3311
3191
3031
3213
3127
3004
3189
2675
3191
3193
2793
3117
2518
3216
3177
2637
2461
3185
3127
3164
3167
3217
3270
3181
3149
3223
2992
3280
3221
3188
3205
3159
3201
3188
2436
3191
3204
3139
3133
3003
2575
3090
3126
2565
3182
2343
3343
2375
3133
3183
3252
3343
3125
3173
3175
3143
3241
3137
3117
3238
2867
2611
2655
3114
3181
3089
3167
2933
3139
3163
2687
3166
3220
3092
3223
2751
3184
3252
3140
3207
2583
3189
3174
2453
3085
3195
2941
2575
2437
3205
3121
3127
3311
3165
3135
2377
3153
3123
3185
3137
3144
3197
3079
3124
3033
3300
2527
2931
3125
3121
3133
3133
2860
3177
3300
3173
3124
2869
3188
3157
3247
3127
3125
2516
3152
3213
2444
3125
3139
3121
3188
3138
3172
3045
2739
3311
2863
3207
3127
3065
3097
3117
3133
3182
3123
3117
3203
3219
2368
3081
3185
3149
3125
3155
2407
3133
3194
3149
3057
3163
3201
3219
3162
3183
3097
3211
3157
3181
3177
3147
3131
3115
3156
3171
3279
3124
3205
3199
3159
3190
3033
3179
2341
3173
3103
3178
3117
3093
3209
3145
3171
3213
3232
3156
2436
3201
2933
3193
3157
3173
3209
3175
3173
3173
3153
2407
3069
3121
2643
3177
3208
3175
2815
3129
3211
3191
3113
2511
3169
3111
3155
3191
3153
2471
2508
3134
3197
3135
3165
3127
3195
