3383
3205
3332
3259
3309
3420
3372
3297
3342
3323
3289
3389
3255
3325
3332
3299
3359
3391
3327
3319
2582
3406
3199
3375
3397
3346
2615
3345
3388
3049
2771
3353
3209
3369
3464
3415
3213
3429
3567
3389
3301
2759
3444
2959
3369
3455
3481
3538
3479
3400
3325
3029
2941
2196
2942
2927
2833
2919
2887
2809
2815
2747
2733
2585
2663
2573
2697
2299
2605
2634
2127
2495
2633
2619
2623
2736
2577
2771
2868
2867
2835
2899
2953
3025
3057
2447
3129
3181
3271
3413
3391
3437
3423
3435
3453
3410
2947
3465
3091
3437
3365
3501
3543
3240
3348
3525
3485
3461
3530
3466
3423
3504
3103
3094
2987
2977
2960
2909
2907
2863
2820
2771
2765
2751
2727
2714
2675
2643
2705
2457
2529
1863
2671
2757
2455
2557
2549
2590
2752
2093
2659
2772
2351
2813
2333
2903
3111
3029
3149
2343
2538
3060
3471
3451
3462
3413
3435
3483
2847
3443
2727
3418
3482
3536
3487
2686
3471
3568
2873
3469
3285
3449
2604
3027
3487
3187
3071
2965
2943
2901
2868
2132
2895
2681
2727
2676
2007
2604
2624
2567
2557
2513
1863
2416
2443
2553
2096
2004
2799
2597
2705
2684
2625
2831
2724
2677
2652
2837
2853
2431
2979
3121
3157
3303
3231
3405
3540
3386
3487
3431
3426
3373
3385
3383
2567
3469
3390
3405
2640
3396
3508
3329
3455
3399
3473
3386
3325
3315
3139
2570
3033
3004
2911
2623
2823
2841
2415
2481
2295
2677
2019
1863
2369
2557
2565
2511
2019
2569
2551
2431
2001
2593
2558
2820
2632
2623
2667
2711
2805
2821
2853
2951
2951
3137
3188
3476
3437
3323
2799
3417
3349
3499
3359
3383
3383
2766
3029
3428
3341
3387
3400
3399
3389
3381
3453
2847
3479
3069
3128
3386
3285
3205
3045
2983
2939
2869
2881
2484
2765
2668
2610
2800
2621
2655
2609
2525
1936
1869
2548
2580
2588
2505
2469
2449
2557
2641
2035
2689
2344
2755
2191
2783
2887
2893
2943
3021
3096
3123
3246
3300
3156
3407
3399
3369
3316
3517
2883
3362
3400
3349
2893
3415
3361
3081
3369
3165
3413
3225
3367
3317
3295
3345
3270
3170
3190
3053
3031
2999
2839
2881
2959
2121
2687
2645
2383
2629
1879
2583
2579
2495
2563
2559
2589
2517
2523
2525
2264
2548
2624
2599
2767
1925
2877
2757
2687
2994
2825
3063
3117
3091
3156
3081
3266
3379
3403
3378
3393
3503
3415
3615
3327
3473
3410
3482
3327
3421
3445
3386
3574
3558
3423
3615
3405
3455
3245
3375
3213
3141
2979
2961
2889
2854
2687
2591
2707
2755
2055
2432
2175
2007
2576
2605
2524
2575
2443
2239
2577
2505
2535
2549
2368
2559
2535
2609
2723
2800
2665
2880
2840
2841
2984
3009
3221
3436
2558
3351
3341
3381
2639
3413
3453
2569
3409
3459
3391
3466
3475
2799
3460
3469
3477
3501
3604
3336
3361
2933
3410
3313
2767
3169
2973
2975
2847
2855
2307
2843
2799
2745
2781
2387
2709
2407
2651
2617
2571
2577
2585
2188
2655
2534
2582
2148
2607
2424
2645
2661
2340
2677
2559
2689
2847
2901
2981
2687
3197
3303
3219
3377
3410
3447
3377
3627
3377
3359
2972
3237
3509
3016
3452
3624
3527
3523
3441
3149
3498
3495
3505
3332
3458
3399
2575
3143
3029
2967
2867
2823
2949
2775
2767
2552
2675
2623
2625
2824
2676
2595
2683
2591
1927
2385
2605
2580
2609
2227
2690
2743
1959
2773
2781
2849
2807
2845
2827
3102
2900
3144
3040
3284
3249
2548
3425
3399
3461
3423
3391
3433
2943
3453
3444
3455
3492
3061
3502
3401
3437
2639
3533
3499
3529
3644
3477
3414
3349
3388
3061
2801
2311
2908
2870
2785
2863
2741
2667
2608
2608
2663
2597
2131
2585
2597
2788
2599
2164
2657
2577
2624
2679
2732
2052
2781
2975
2673
2756
2800
2495
2405
2933
3029
3016
3199
3309
3371
3400
3405
3272
3545
3481
2567
3497
3458
2863
3525
3445
3487
3351
3453
2748
3466
3440
3431
3501
3449
3494
3449
2703
3269
3085
3039
2949
2165
2575
2815
2775
2737
2719
2669
2645
2637
2605
2577
2523
2541
2541
2099
2565
2549
2367
2624
2635
2521
2681
2629
2665
2413
2417
2723
2813
2826
3109
3058
3102
3203
3397
3395
3354
3492
3462
3436
3473
3668
3060
3516
3474
3492
3467
3087
3445
3415
3493
3527
3059
3508
3487
3507
2727
2787
3272
3211
2985
2975
2897
2117
2765
2751
2617
2417
2613
2661
2569
2577
2531
2478
2503
2499
2517
2449
2473
2055
2539
2495
2320
2035
2527
2624
2605
2659
2667
2785
2862
2836
3047
3017
3223
3279
3293
2867
3440
3455
3455
3490
3459
3469
2669
3540
3429
3469
3508
3435
3551
3482
3475
3508
3475
3599
3417
3341
3469
2644
3405
3193
2859
2879
2909
2804
2759
2175
2627
2685
2767
2537
2541
2544
2527
2594
2672
2672
2672
2672
2672
2672
2672
2672
2672
2549
2591
2122
2581
2647
2663
2735
2758
2077
2858
2375
3089
2771
3291
2636
3455
3471
3488
3409
2790
3441
3434
3513
3417
3425
3413
3527
2995
3479
3501
3364
3429
3509
2757
3536
2704
3450
3123
2533
2519
2973
2268
2887
2805
2727
2646
2767
2641
2703
2716
2408
2257
2612
2612
2612
2612
2612
2612
1863
2431
2439
2496
2428
2551
2597
2505
2527
2555
2584
2677
2707
2774
2844
3084
3067
3303
3379
3446
3425
3425
3284
3654
3495
3631
3475
3605
3525
2900
3458
3620
3582
3525
3099
3457
3495
3505
3451
3466
3405
3364
2461
2799
3049
2961
2672
2809
2667
2667
2693
2647
2455
2195
2530
2583
2531
2573
1923
2499
2545
2417
2471
2471
2305
1791
1844
2453
2483
2496
2676
2556
1927
2240
2707
2885
2909
3133
3239
3277
3383
3469
3475
3440
3486
3432
3429
3543
3518
3451
3485
3503
3391
3481
3293
3447
3425
3043
3485
3455
3455
3429
3428
3433
3332
3141
3088
2891
2823
2655
2600
2698
2045
2113
2609
2163
2589
2149
2417
2403
2499
2431
2391
2445
1875
2401
2427
2544
2431
2575
2467
2487
2557
2529
2615
2701
2837
3047
2512
3207
2549
3327
3386
3431
2697
2597
3415
3478
3462
3401
3477
3469
3410
3263
3403
3522
3413
3219
3428
3464
3421
3387
3413
3501
3397
3347
3231
3061
3019
2919
2701
2807
2803
2736
2691
2705
2373
2661
2629
2476
2289
2557
2475
2389
2433
2332
2395
2540
2160
2376
2389
2127
2455
2460
2514
2629
1989
2736
2847
2953
2944
3110
2844
2511
3325
3459
3461
3516
3413
3411
2679
3429
3437
3429
3471
3455
2584
3556
3433
3453
3461
3382
3497
3443
3317
3494
2679
3367
3281
3149
3063
3013
2951
2875
2861
2853
2785
2838
2653
2166
2623
2661
2119
2568
2575
1991
2191
2485
2461
2405
2421
2401
2437
2437
2491
2481
2115
2663
2725
2739
2159
2940
3007
2999
3109
3152
3241
3393
3485
3411
3277
3423
3393
3128
2662
3469
3403
3359
3285
3451
3462
3377
3422
3429
3427
3268
3445
3416
3235
3085
3351
3267
3115
3015
2879
2779
2913
2442
2901
2815
2779
2737
2680
2743
2661
2579
2569
2629
2596
2519
2636
2485
2541
2518
2445
2485
2503
2493
2572
2613
2683
2732
2815
2183
2913
2961
2369
3147
3141
3280
3451
3399
3428
3352
3317
3409
3444
3383
3419
3361
3175
3305
3370
2717
3437
3284
2567
3411
3431
3481
3478
3408
3405
3081
2901
3097
3003
2751
2319
2821
2795
2813
2761
2757
2716
2031
2743
2697
2611
2589
1927
1879
2526
2473
2569
2231
2477
2437
2399
2447
2551
2596
2677
2749
2812
2813
2837
2815
2825
3001
3121
3216
3293
3282
3367
3388
3487
3420
3228
3476
3410
3371
3399
3312
3387
3404
3423
3423
3214
3395
3467
3439
2647
3383
3503
3295
3269
3153
3013
2980
2907
2815
2825
2124
2799
2753
2726
2781
2663
2686
2691
2590
2497
2581
2517
2589
2549
2475
1903
2532
2429
2385
2611
2485
2523
2499
2591
2175
2599
2663
2685
2763
2943
3114
3292
3211
2616
2606
3415
3405
3453
3510
2883
3461
3449
3461
3451
3060
3485
3477
3478
3119
3435
3431
3427
3413
3460
3418
2852
3359
3137
3104
3018
2423
2896
2839
2839
2196
2179
2140
2668
2563
2581
1903
2443
2548
2535
2484
2473
2471
2115
1879
2462
2437
2496
2577
2709
2831
2737
2831
2669
2711
2637
2693
2625
2943
2407
2679
3431
3455
3499
3565
3496
3239
3423
3493
3312
2863
3531
3482
3487
3485
3455
3533
2711
3433
3479
3465
3423
3546
3391
2671
3293
3153
3021
2749
2880
2773
2781
2725
2307
2631
2567
2503
2498
2502
2469
2548
2503
2416
2515
2455
2607
2501
2519
2581
2039
2388
2643
2045
2641
2895
2821
2959
2845
2472
2288
3047
3423
3327
2888
2967
2724
3125
3498
3486
3423
3245
2668
3509
3524
3447
3442
3052
3471
3479
3478
3511
3527
3457
3457
3546
2743
3439
3268
2589
2993
2941
2247
2269
2711
2767
2605
2516
2497
2564
2513
2441
2455
2407
2421
2335
2437
1788
2449
2228
2541
2482
2468
2477
2477
2549
2664
2591
2624
2735
2813
2826
3068
3199
3167
3379
3289
3485
2606
3466
3632
3469
3435
3215
3462
3477
3515
2845
3517
2663
3489
3491
3493
2801
3421
3510
3419
3185
3411
3383
3311
3101
3016
3023
2785
2705
2663
2735
2573
2565
2525
2379
2455
2421
2399
2511
2445
2469
2439
2325
2465
1735
1935
2357
2487
2239
2533
1987
2571
2597
2656
2797
2881
2989
3089
3253
3273
3290
3449
3099
2639
3447
3452
3465
3459
3409
2767
3455
3515
3423
3391
3487
3450
3501
2883
3395
3338
3485
3533
2655
3231
3316
3221
2740
2919
2774
2687
2323
2633
2545
1977
2516
2513
2513
2513
2384
2357
2368
2337
2349
2349
2395
2157
2449
2313
2481
2607
2719
2611
2842
2808
2905
2600
2997
3098
3097
3204
3293
3247
3287
3361
3388
3384
2867
3411
3594
3500
3458
2957
3231
2806
3569
3536
3504
3505
3517
3593
3167
2799
3661
3551
3524
3562
3562
2689
2887
2959
2763
2184
2641
1892
2481
2573
2704
2460
2444
2478
1788
2448
2468
2035
2439
2476
2485
1919
2534
2181
2659
2703
2807
2511
2955
3095
2996
3215
3097
3200
2628
3133
3143
3303
2764
3237
3381
3423
3416
3429
3503
3429
3493
3435
3597
3521
3505
3459
3468
3380
3541
3497
3713
2607
3445
3504
2894
3505
3461
3199
2999
2999
2006
2006
2492
2597
2671
2086
2501
2630
2068
2420
2399
2421
1735
2420
1735
2373
2373
2471
2489
2660
2513
2551
2638
2293
2781
2931
2894
2751
2921
2517
3136
2980
3103
2623
3085
3219
3374
3556
3400
3449
3445
3445
3445
3491
3495
3491
3663
2671
2695
2900
3696
3445
3657
3547
3488
3209
3464
3556
3454
3545
3131
65024
65024
65024
65024
65024
65024
65024
65024
65024
65024
65024
65024
65024
65024
65024
65024
65024
65024
65024
65024
65024
65024
65024
65024
65024
65024
65024
65024
65024
65024
65024
65024
65024
65024
65024
65024
65024
65024
65024
65024
65024
65024
65024
65024
65024
65024
65024
65024
65024
65024
65024
65024
65024
65024
65024
65024
65024
65024
65024
65024
65024
65024
65024
65024
65024
65024
65024
65024
65024
65024
65024
65024
65024
65024
65024
2409
2393
2381
2347
2575
2359
2371
2463
2421
2377
2377
2377
2377
2377
2377
2377
2377
2377
2377
2377
2377
2377
2377
2377
2377
2377
2377
2377
2377
2377
2377
2377
2377
2377
2377
2377
65024
65024
65024
65024
65024
65024
65024
65024
65024
65024
65024
65024
65024
65024
65024
65024
65024
65024
65024
65024
65024
65024
65024
65024
65024
2847
2863
2932
2712
2815
2889
2892
2821
2803
2833
2801
2815
2783
2773
2609
2916
2759
2805
2739
2767
2755
2751
2087
2769
2483
2807
2835
2771
2770
2781
2927
2773
2720
2719
2689
2822
2743
2692
2749
2771
2769
2286
2825
2773
2743
2751
2515
2753
2731
2707
2815
2804
2713
2756
2741
2783
2740
2845
2709
2467
2119
2791
2767
2797
2755
2754
2789
2771
2755
2762
2068
2747
2685
2719
2773
2789
2781
2745
2655
2212
2789
2908
2743
2791
2727
2704
2775
2756
2783
2731
2714
2719
2719
2643
2743
2699
2721
2763
2679
2747
2731
2896
2720
2769
2723
2706
2747
2689
2695
1991
2717
2749
2893
2092
2723
2725
2133
2721
2762
2740
2617
2752
2591
2721
2681
2663
2727
2005
2741
2727
2727
2727
2727
2717
2733
2677
2745
2759
2149
1975
2644
2767
2847
2711
2697
2655
2759
2743
2119
2708
2726
2573
2701
2716
2103
2175
2683
2711
2745
2623
2860
2504
2733
2711
2711
2749
2711
2625
2757
2709
2860
2822
2585
2151
2733
2339
2681
2716
2725
2708
2669
2677
2716
2711
2600
2663
2705
2749
2467
2741
2669
2780
2655
2690
2723
2676
2745
2717
2725
2693
2685
2167
2720
2727
2744
2747
2684
2717
2063
2676
2683
2728
2557
2743
2724
2741
2687
2741
2705
2689
2719
2709
2691
2556
2756
2679
2716
2655
2269
2733
2735
2551
2718
2545
2584
2739
2709
2739
2661
2728
2609
2725
2477
2655
2353
2711
2666
2735
2761
2641
2623
2737
2655
2717
2275
2719
2717
2731
2724
2569
2685
2613
2701
2668
2655
2719
2741
2559
2711
2295
2677
2699
2709
2641
2676
2709
2715
2729
2709
2655
2719
2651
2723
2701
2735
2653
2735
2736
2704
2682
2695
2003
2693
2800
2732
2661
2733
2780
2667
2663
2661
2553
2659
2653
2677
2285
2691
2623
2678
2668
2705
2671
2723
2637
2408
2731
2527
2723
2695
2705
2633
2685
2463
2731
2633
2243
2778
2692
2591
2701
2673
2591
2661
2683
2727
2261
2682
2697
2699
2723
2677
2699
2443
2527
2717
2717
2759
2663
2649
1991
2685
2655
2710
2725
1988
2663
2407
2039
2395
2699
2419
2479
2428
2717
2679
2645
2663
2671
2668
1999
2593
2725
2645
2699
2692
2140
2722
2693
2693
2661
2536
2688
2688
2719
2625
2653
2589
2271
2633
2280
2663
2663
2213
2641
2387
2689
2671
2783
2609
2655
2644
2703
2621
2685
2643
2788
2634
2655
2651
2726
2361
2679
2685
2672
2066
2660
2591
2653
2711
2757
2333
2618
2512
2392
2674
2717
2623
2021
2652
2403
2665
2631
2179
2710
2701
2615
2792
2671
2695
2591
2709
2447
2692
2221
2677
2669
2055
2831
2695
2577
2667
2629
2683
2635
2665
2676
2129
2625
2793
2693
2055
2644
2000
2631
2704
2733
2701
