2384
2357
2311
2375
2348
2320
2115
2325
2279
1767
2341
2203
2331
2351
2369
2343
2468
2317
2349
2325
2320
2345
2353
2155
2335
2325
2315
2354
2365
2334
1767
2311
2335
2095
2323
1791
2315
2342
2369
1924
2406
2436
2393
2420
2440
2469
2419
2466
2509
2270
1973
1877
1777
1631
1751
1693
1682
1698
1640
1633
1712
1565
1471
1348
1575
1621
1555
1459
1503
1663
1623
1581
1571
1669
1534
1749
1672
2020
2071
1984
2295
2297
2387
1876
2064
2478
2391
2476
2467
2474
2487
2476
2439
2459
2377
2483
2461
2483
2540
2496
2113
2037
2036
1712
1765
1709
1701
1637
1649
1644
1545
1505
1533
1609
1591
1251
1452
1495
1533
1348
1623
1671
1557
1417
1685
1781
1858
1740
2036
2179
2265
2267
2373
2335
2431
2268
2467
2472
2456
2444
2459
2080
2489
2347
2455
2536
2486
2479
1901
2543
2135
1971
1895
1852
1747
1708
1671
1244
1605
1537
1620
1558
1585
1557
1511
1471
1563
1468
1497
1600
1610
1800
1571
1543
1627
1324
1863
1495
2099
2167
2184
2003
2375
2118
2511
2262
2468
2447
1884
2512
2434
2445
2493
2431
2469
2470
2497
1908
2485
2424
2121
2013
1911
1751
1713
1653
1665
1319
1665
1613
1543
1629
1601
1557
1103
1092
1485
1652
1475
1600
1223
1576
1648
1683
1559
1823
1875
1839
2099
2111
2148
2313
2432
2293
2425
2459
2455
1988
2478
2179
2459
2437
2473
1908
2477
2399
2459
2425
1975
2301
2186
2033
1936
1835
1727
1635
1624
1236
1671
1576
1540
1573
1503
1095
1162
1525
1672
1535
1561
1592
1388
1535
1648
1597
1609
1791
1750
1949
2037
2147
2244
2340
1846
2294
2272
2443
2356
2411
2403
2475
2421
2462
2399
2403
2431
2471
2430
2428
2543
2302
2172
1484
1937
1351
1756
1601
1677
1287
1636
1439
1559
1679
1511
1556
1624
1539
1554
1549
1557
1556
1621
1589
1533
1645
1627
1641
1775
1967
1901
2025
2271
2303
2399
2399
2421
2442
2395
2215
2460
2268
2396
1868
2353
2411
2473
2480
2465
2534
2469
2459
2333
2118
2002
1861
1815
1765
1507
1677
1537
1637
1379
1531
1525
1581
1255
1528
1664
1457
1525
1684
1473
1527
1601
1577
1676
1641
1767
1885
1911
1855
2151
1987
1831
2363
2439
2504
2492
2420
2421
2437
2471
2458
2451
2450
2441
2468
2409
2419
2453
2291
2437
2033
2042
1914
1733
1545
1719
1479
1657
1605
1748
1471
1617
1607
1525
1519
1471
1372
1620
1151
1525
1500
1433
1600
1427
1792
1628
1754
1941
1479
2113
2149
2291
2271
2411
2431
2391
2403
2444
2421
2532
2399
2439
2227
2437
2405
2409
2405
2574
2459
1923
1813
2019
1901
1823
1693
1675
1597
1631
1631
1525
1543
1493
1363
1219
1315
1679
1588
1535
1503
1549
1596
1295
1581
1503
1633
1643
1748
2104
2003
2109
2103
1775
2332
2283
2442
2429
2479
2336
1860
2385
2419
2461
2470
2329
2441
2437
2467
2431
1911
2383
2153
1985
1844
1839
1788
1661
1319
1532
1589
1439
1603
1549
1219
1568
1495
1425
1503
1511
1507
1576
1404
1629
1679
1516
1711
1726
1685
1927
2085
1779
2284
1703
2343
2439
2413
2299
2455
2445
2419
2371
2455
2151
1831
2423
2413
2492
2377
2428
2417
2417
2443
2393
1858
2386
2363
2412
2419
2413
2419
2377
2461
1819
2389
2436
2404
2334
2381
2373
2373
1808
2353
2313
2331
2319
2356
2338
2321
2348
2317
2319
2303
2352
2329
2309
2341
2397
2329
2289
2313
2343
2410
2239
2349
2351
2317
1838
2352
2345
2075
