2133
2192
2172
2110
2170
2186
2172
2161
2159
2164
2173
1870
2192
2185
2183
2101
2187
2161
2188
2147
2151
2169
2199
2143
2216
2177
1709
2170
2187
2175
2231
2180
2219
2211
2132
1848
2260
1863
2355
2367
2369
2385
2335
2033
2041
1969
1949
1895
1897
1963
2031
1989
1936
2001
1997
1975
1999
1957
1943
1468
1965
1823
1839
1877
1843
1813
1777
1980
2099
2141
2269
2311
2302
2375
2157
2357
2321
2326
1768
2333
2285
1858
2271
2237
2099
1791
2179
2303
2384
2339
2391
2405
2127
2077
2018
1955
1923
1907
1423
1904
1991
1605
1936
1986
1907
1963
2046
1864
1943
1961
1919
1973
1954
1909
1777
1572
1866
1909
2067
2165
2198
2260
2263
2373
2333
2339
2325
2279
1867
2285
2225
2239
2233
2301
2256
2035
2294
2383
2397
2375
2363
2378
2416
1711
1992
2003
1924
1949
1941
1936
2040
2032
2021
2025
2039
1951
1969
1941
1765
2001
1994
1975
1927
1637
1825
1811
1845
1967
2067
2150
1876
2293
2370
2279
2243
2147
2311
2345
2279
2275
2303
2261
2256
2273
2287
2229
2284
2281
1833
2373
2397
2369
2234
2093
2004
1972
1908
1927
1861
2036
2032
1799
2037
1711
2001
2023
2017
1741
1947
1786
1533
1962
1875
1870
1769
1772
1845
1927
2118
2177
2010
2281
2314
2234
2333
2303
2285
2274
2281
2302
2293
2259
2247
2276
2213
2259
2351
2329
1820
2321
2377
2370
2159
2022
1997
1965
1833
1957
1995
1964
1999
2001
2064
1997
2014
1999
1999
1991
1911
1959
1865
1881
1887
1832
1829
1813
1810
2013
1920
2067
1735
2370
2347
2155
2365
2333
2298
2259
2278
2256
2239
2215
2253
2219
2251
2302
2312
2095
2398
2387
2367
2368
2149
2046
2020
1932
1445
1954
2021
1993
1943
1511
2001
1974
1955
1951
2031
1943
1922
1925
1849
1883
1809
1740
1691
1800
1830
2018
2139
2187
2266
2305
2252
2323
2303
2325
2285
2321
2184
2262
2273
1955
2245
2257
2250
2267
2196
2313
2409
2371
2369
2257
2087
2043
1981
1925
1924
1923
1927
1936
1966
1985
1941
1945
1943
1921
1859
1997
1993
1917
1898
1815
1809
1769
1735
1356
1968
2079
2143
2207
1783
2315
2321
2362
2353
1764
1935
2235
2364
1735
2197
2175
2216
2187
2261
2315
2317
2373
2373
2340
2389
2285
2216
2023
1967
1675
1925
1915
2023
1995
2023
1987
1949
1931
1961
1967
2063
1887
1925
1468
1909
1775
1761
1787
1708
1749
1871
2074
2132
2320
1766
1971
2067
2344
2316
2256
2307
1919
2303
2261
2287
2257
2223
2161
1717
1895
2355
2351
2476
2393
2375
2269
2072
2055
1899
1526
1932
1917
2002
1511
2027
1973
1984
1995
1951
1921
1925
1941
1973
1953
1879
1873
1863
1340
1707
1365
1895
2052
2260
2276
1999
2261
2147
2363
2317
2295
2269
2290
2291
2247
2234
2249
2245
2233
2205
2291
2147
2297
2355
2239
2432
1863
2101
1993
1911
1862
1951
1885
1742
1956
1987
1941
1981
1969
1996
1945
1728
1615
1843
1901
1876
1872
1823
1480
1748
1791
1800
2223
2220
2263
2257
2336
2361
2333
2083
2288
2302
2257
2265
2239
2257
2109
2111
2235
2247
2233
1732
2149
2216
2229
2175
2229
2185
2183
2221
2191
2205
2137
2183
2193
2184
2199
2189
2138
2173
2227
2198
2222
2187
2197
2145
2208
2157
2163
2174
2210
2197
2204
1859
2199
2040
2147
2145
2185
2131
2251
2212
2111
2258
2167
2194
2158
1858
2252
2157
2248
1652
2188
2198
2141
2190
1773
2166
2181
2186
2158
2003
2019
2123
1639
