1911
2387
2203
2333
2365
2321
2324
2307
2324
2373
2352
2464
2381
2333
2335
2358
2117
2349
2349
2325
2317
2415
2331
2289
2297
2339
2355
2375
2361
2193
2327
2260
2305
2479
2323
2207
2316
1927
2371
2407
2423
2435
2460
2437
2471
2461
2503
2445
2474
1895
2153
1864
1855
1875
1744
1727
1599
1675
1633
1661
1639
1655
1619
1591
1621
1580
1559
1509
1389
1521
1539
1554
1689
1459
1695
1861
1922
2042
2114
2215
1759
2383
1862
2501
2403
2441
1917
2486
2467
2471
2321
2453
2431
2458
2487
1940
2488
2454
2450
2442
2327
1593
1975
1587
1759
1747
1623
1273
1737
1593
1569
1607
1577
1557
1152
1525
1423
1543
1509
1533
1495
1716
1591
1639
1733
1799
1913
1953
2085
2197
2315
2293
2486
1935
2453
2543
2419
2427
1959
2449
2471
2367
2372
2544
2417
2458
2453
1868
2483
2485
2293
2127
2063
1839
1813
1699
1452
1669
1614
1456
1581
1620
1604
1567
1473
1552
1557
1567
1489
1573
1604
1630
1596
1653
1733
1587
1857
1941
2214
2212
2226
2347
2431
2443
2439
2421
2266
2460
2433
2429
2411
2461
2445
2413
2367
2424
1884
2496
2321
2459
2343
1529
1997
1927
1764
1756
1717
1651
1648
1649
1601
1740
1616
1595
1182
1236
1509
1220
1562
1557
1547
1279
1650
1631
1807
1456
1659
1957
1575
2099
2209
2349
2476
2415
2401
2415
2437
2404
2399
2456
2540
2429
2357
1815
2003
2411
2431
2393
2461
2462
2282
2015
1951
1911
1842
1608
1703
1709
1627
1520
1743
1639
1246
1142
1549
1711
1577
1553
1424
1553
1549
1607
1388
1655
1555
1705
1877
1855
2065
1936
2214
2355
2463
2457
2437
2410
2564
2395
2325
1919
2448
2411
2414
2439
2536
1863
2604
2473
2463
2487
2487
2062
1479
1908
1812
1708
1701
1687
1638
1617
1573
1641
1593
1316
1573
1566
1573
1580
1503
1585
1417
1623
1644
1629
1664
1786
1894
1988
2069
2169
2251
2413
2384
2415
2423
2371
2431
2469
2423
2536
2405
2359
2443
2461
2431
2466
2460
2505
2475
2431
2443
2025
2001
1692
1791
1823
1715
1488
1635
1572
1603
1613
1503
1581
1538
1647
1573
1497
1547
1111
1555
1553
1601
1666
1796
1699
1908
1927
2087
2171
2225
2333
2386
2405
2443
2355
2409
2399
2442
2417
2427
2363
2437
2421
2415
2420
2442
2457
2461
2460
1999
2119
1985
1582
1811
1765
1539
1719
1324
1623
1623
1573
1621
1546
1647
1559
1631
1217
1253
1551
1620
1569
1588
1659
1713
1733
1836
1961
2079
2196
2257
2372
2381
2387
2488
2211
2216
2277
2417
2371
1909
2443
2431
2424
2443
2412
2451
2496
2612
2484
2376
2075
1988
1956
1727
1663
1716
1856
1687
1539
1644
1520
1579
1574
1594
1539
1569
1485
1575
1509
1491
1743
1580
1625
1399
1773
1791
1464
2070
2216
2213
2299
2341
2428
2367
2417
2471
2410
1846
2399
2389
2449
2418
2502
2415
2377
2080
2575
2127
2377
1832
2115
1963
1959
1773
1824
1683
1476
1703
1643
1315
1643
1679
1491
1565
1543
1380
1500
1501
1471
1533
1553
1523
1596
1561
1723
1879
1809
1572
1543
2253
2295
2376
2405
2543
2239
2413
2383
2191
2345
2504
2337
2399
2387
2469
2429
2459
2445
2575
2411
2417
2385
2416
2237
2439
2377
2459
2371
2440
2511
2408
2406
2424
2441
2388
2428
2472
2369
2359
2413
2367
2359
2321
2378
2391
2123
2405
2343
2377
2496
2003
2343
1996
2468
2395
1910
2377
2330
2352
2397
2391
2373
2375
2211
2371
2399
2375
2343
2373
2387
