2217
2279
2329
2287
1863
2327
2191
2275
2303
2376
2300
2251
2290
2286
2326
2302
2276
1887
2322
2308
2271
2320
2334
2319
2279
2384
2342
2276
2311
2215
2306
2343
2345
2317
2393
2411
2372
2397
1876
2487
2455
2442
2440
2445
2101
1783
1939
1859
1795
1883
1635
1841
1790
1725
1710
1730
1777
1725
1723
1757
1663
1605
1858
1711
1663
1777
1605
1705
1761
1859
2081
2203
2285
2343
2441
2403
2082
2405
2299
1907
2429
2500
2397
2412
2249
2437
2434
2424
2405
2191
2550
2483
2483
2466
2116
1639
1927
1825
1817
1816
1849
1769
1828
1773
1815
1765
1757
1769
1539
1693
1380
1495
1659
1701
1611
1565
1661
1438
1677
1791
2036
2157
2217
1789
2231
2443
2344
2410
2423
2399
2355
1823
2411
2394
2405
2431
2385
2413
2452
2458
2445
2451
2427
2441
2363
2087
1983
1927
1839
1804
1868
1965
1769
1721
1903
1632
1814
1775
1711
1782
1408
1746
1727
1612
1717
1693
1677
1776
1759
1865
2121
2199
2252
2364
2381
2415
2416
2095
2388
2417
1933
2417
2239
2311
2393
2414
2345
2367
2411
2415
2393
2431
2442
2385
2093
1981
1855
1859
1908
1831
1849
1851
1829
1756
1820
1805
1773
1776
1739
1745
1383
1639
1523
1661
1629
1581
1635
1649
1729
1865
1943
2100
1703
2296
1820
2369
2410
2267
2415
2373
1974
2277
2369
2305
2385
2373
2401
2372
2274
2450
2447
2465
2478
2433
2268
2055
1928
1863
1885
1727
1783
1729
1714
1663
1701
1694
1713
1667
1587
1733
1735
1712
1683
1683
1572
1641
1507
1804
1765
1887
1983
2153
1988
2298
2377
2442
2407
2287
2409
2420
2412
2415
2416
1882
2448
2408
2397
2421
1991
2450
2008
2433
1895
2448
2121
1981
1845
1841
1753
1789
1746
1781
1756
1356
1709
1717
1704
1520
1784
1665
1491
1677
1584
1656
1653
1577
1615
1236
1810
1861
2015
1826
2216
1920
1919
2532
2410
2403
2387
2410
2393
2405
2384
2371
2389
2405
2386
2432
2359
2444
2285
2436
2399
2411
2202
1991
1444
1837
1889
1865
1847
1777
1815
1753
1781
1732
1699
1789
1746
1675
1753
1581
1599
1571
1559
1626
1575
1601
1715
1829
1997
2145
2207
2335
2373
2403
2404
2437
2417
2428
1929
2421
2391
2386
2367
2414
2411
2422
2406
2437
2395
2406
2279
2437
2231
1974
1946
1901
1415
1871
1840
1996
1840
1791
1777
1766
1711
1741
1750
1765
1748
1753
1731
1585
1671
1663
1748
1698
1695
1782
1967
1947
2209
2145
2343
1816
2271
1900
2435
2216
2023
2391
2426
2335
2398
2323
2381
2399
2336
2437
2413
2467
2403
2469
2253
2032
1953
1877
1853
1793
1791
1844
1727
1757
1747
1761
1775
1777
1763
1663
1765
1677
1511
1693
1596
1657
1463
1648
1750
1874
1989
2035
2177
2290
2375
2407
2368
2411
2422
2373
2353
2362
2369
2431
2336
2389
2434
2385
2449
2441
2487
2449
2459
2463
1867
1480
1741
1856
1791
1903
1636
1799
1781
1761
1717
1761
1720
1763
1553
1412
1649
1709
1573
1641
1607
1607
1223
1803
1396
1967
1917
2125
2221
2285
2371
2415
1962
2432
2399
2396
2474
2419
2271
2403
2260
2512
2420
2434
2363
2372
2405
2288
2410
2337
2035
2454
2441
2426
2292
2441
2427
2508
1970
2409
1953
2447
2396
2419
2429
2401
2369
2159
2423
2377
2409
2409
2271
2399
2375
2315
2389
2343
2389
2396
2171
2390
2405
2249
1997
2311
2385
2021
2390
2355
2390
2391
2375
2304
2385
2354
2391
2399
2379
2375
1863
2357
2407
2386
2386
2420
