2295
2313
2329
2333
2228
2293
2345
1791
2337
2311
2345
2343
2229
2305
2325
2239
2301
2239
2341
2265
2353
2339
2420
2295
2349
2341
2117
2309
2322
2327
2339
2321
2312
2335
2348
2303
2420
2325
2260
2327
1828
2314
1987
2315
2301
2315
2372
2314
2271
2385
2399
2399
2442
1954
2442
2184
2463
2439
2486
2075
1931
1587
1763
1691
1416
1681
1633
1317
1607
1191
1522
1180
1544
1676
1547
1537
1549
1126
1461
1463
1497
1647
1599
1407
1725
1727
1865
1951
2039
2167
2237
1831
2303
2400
1989
2423
2301
2423
2367
2401
2490
2451
2473
2459
2469
1927
2453
2469
2460
2283
1929
1883
1860
1699
1687
1687
1629
1619
1561
1423
1517
1564
1573
1543
1479
1495
1511
1443
1525
1532
1603
1535
1639
1637
1695
1815
1695
1857
2077
2207
2167
2249
2349
1919
2373
2447
2354
2458
2426
2447
2456
2315
2384
2453
2477
2446
1884
2493
2493
2217
1967
1921
1818
1681
1839
1589
1716
1565
1555
1609
1559
1315
1156
1424
1167
1551
1343
1507
1407
1471
1704
1613
1703
1645
1768
1653
1821
1968
2114
2166
1639
2283
2309
2383
2076
2460
2280
2430
2159
2435
2467
2465
2451
2532
2461
2300
2437
2465
2377
2037
1968
1847
1781
1738
1517
1665
1649
1679
1158
1605
1175
1545
1441
1557
1539
1463
1199
1548
1549
1509
1575
1581
1635
1567
1681
1637
1834
2004
2095
2113
2255
2269
2331
2388
2478
2399
2385
2418
2028
2477
2413
2449
2477
2427
2457
2018
2465
2451
2210
1983
1939
1791
1747
1682
1611
1497
1642
1503
1580
1557
1331
1552
1552
1462
1473
1455
1439
1557
1201
1453
1636
1388
1631
1703
1734
1719
2036
2047
2079
2024
2283
2342
2387
2054
2449
2442
2455
2458
2455
2427
2198
2471
2151
2403
2287
2039
2343
2440
2105
2027
1908
1864
1324
1348
1525
1708
1567
1637
1549
1559
1379
1188
1517
1441
1511
1515
1511
1541
1197
1521
1573
1647
1701
1807
1789
1737
1964
2057
2146
1756
2259
2399
2351
2299
2453
2223
2465
2031
2461
2425
2445
2451
2163
2463
2469
2479
2417
2175
1811
1961
1860
1525
1731
1736
1439
1629
1601
1427
1551
1586
1571
1488
1517
1199
1479
1493
1283
1127
1589
1553
1744
1253
1653
1379
1735
1829
1897
1774
2199
2303
2303
2241
2404
2463
2397
2457
2463
2387
2449
2471
2367
2455
2448
2096
2445
2457
2459
2195
1979
1934
1502
1745
1484
1693
1652
1619
1613
1522
1573
1539
1485
1652
1517
1504
1501
1473
1485
1573
1541
1505
1591
1653
1349
1677
1675
1759
1897
1652
2221
2303
2319
2019
2277
2443
1920
2436
2421
2454
2427
2415
2451
1911
2556
2447
2403
2468
2459
1741
2040
1855
1817
1669
1701
1613
1557
1605
1184
1528
1359
1525
1449
1471
1494
1465
1443
1524
1244
1295
1578
1471
1664
1565
1775
1769
1780
1938
2076
2351
2252
2254
2297
2397
2463
2425
2449
2438
2439
2403
2485
2466
2441
2437
2318
2473
2385
2493
2289
2149
1934
1901
1817
1655
1669
1252
1632
1451
1517
1590
1159
1483
1469
1525
1495
1475
1512
1080
1267
1585
1620
1575
1315
1651
1653
1651
1815
1937
2085
2205
2145
2301
2346
2415
2481
2424
2463
2435
2433
2416
2401
2301
2175
2407
2413
2160
2163
2425
2276
2449
2338
2467
2465
2420
2459
2401
2229
2423
2397
2434
2445
2472
2405
2393
2386
2307
2343
2299
2346
2163
2298
2239
2315
2375
2340
2328
2327
2298
2332
1902
1908
1748
2315
2118
2301
2322
2172
2317
2428
2316
2313
2383
