2575
2470
2362
2502
2492
2457
2335
2461
2451
2419
2497
2435
2461
2140
2453
2453
2507
2481
2260
2427
2433
2501
2296
2479
2500
2448
2323
2439
2455
2491
2491
2476
2624
2335
1900
2495
2385
2467
2484
2431
2492
2449
2479
2543
2620
2461
2481
2524
2575
2495
2596
2474
2167
2276
2169
2128
1871
2063
2132
1982
2002
2039
1929
1880
2063
1961
1931
1528
1925
1926
2000
1980
2038
1997
2023
2029
1977
1663
2166
2162
2452
2499
2582
2273
2249
2510
2538
2255
2567
2179
1975
2509
2140
2463
2529
2534
2545
2572
2046
2554
2668
2452
1866
2089
2187
2140
2075
1975
2127
2061
2011
2025
1959
1931
1931
1907
1926
1972
1879
1925
1696
1991
1977
1647
2015
1989
1971
2054
2037
2007
2504
2360
2489
2354
2497
2598
2541
2575
2545
2449
2127
2416
2517
2530
2512
2147
2502
2499
2530
2408
2464
2429
2348
1907
2209
2124
2015
2081
2059
2004
1958
1928
2003
1973
1955
1887
1865
1949
1957
1855
1933
1995
2003
2007
1513
1943
2019
2033
2117
2043
2406
2234
2573
2532
2535
2474
2459
2275
2483
2494
2482
1911
2175
2551
2526
2536
2552
2500
2473
2505
2392
2447
2357
2233
2199
2140
2172
2059
2053
2021
2013
2035
1975
1988
1952
1954
1776
1924
1756
1941
1937
2030
2013
1955
1979
1607
2065
2021
2076
2127
2461
2283
2509
2477
2511
2485
2475
2490
2503
2639
2506
2538
1972
2499
2431
2505
1935
2531
2538
2559
2547
2460
2037
2209
2105
2123
2076
2035
2015
2004
2023
1907
1989
1964
2080
1923
1893
1933
1724
1905
1925
1955
2007
2003
1994
1969
2023
2083
2118
2237
2436
2473
2517
2485
2479
2336
2507
2452
2481
2333
2533
2539
2525
2540
2582
2537
2545
2527
2517
2433
2639
2439
2337
2221
2173
1701
1896
2080
2069
1989
2015
1997
1975
1965
1889
1909
1889
1457
1836
1917
1766
1724
1896
1954
2011
1983
1607
1748
2016
2293
2240
2103
2399
2485
2523
2484
2457
2519
2493
2522
2140
2427
2513
2501
2612
2028
2522
2500
2549
2543
2543
2397
2303
2225
1910
2119
2029
2103
1743
1986
2012
1916
2028
1907
1900
1803
1887
1951
1917
1910
1970
1969
1941
2037
2025
1988
2061
2191
2117
2271
2481
2467
1972
2543
2530
2489
2127
2527
2590
2513
2515
2499
2542
2575
2523
2507
2495
2554
2510
2499
2499
2404
2284
2217
2169
2121
1997
2037
2004
1967
2017
1844
1951
1951
1921
1887
1923
1663
1431
1943
1520
1965
1969
1977
1511
2033
2144
2051
1983
2461
2430
2436
2319
2461
2055
2511
2020
2519
2485
2401
2452
2449
2463
1871
2431
2544
2339
2551
2547
2517
2579
2436
2339
2213
2128
2109
2023
1602
2025
2027
1973
1951
1902
1938
1895
1743
1940
1905
1916
1959
1911
2019
2010
2045
1584
2025
2039
1983
2081
2512
2464
2454
2417
2486
2484
2522
2505
2498
2516
2002
2497
2541
2529
2510
2485
2507
2550
2555
2530
2554
2501
1850
2295
2267
2020
2139
2063
2079
1709
1923
2028
1969
1743
1938
1897
1928
1839
1924
1927
1831
1990
1961
2041
2029
1543
1941
2061
2033
2106
2447
2374
2453
2522
2467
2537
2453
2063
2519
2441
2055
2335
2439
2527
2549
2463
2511
2639
2451
2491
2163
2502
2540
2431
2496
2543
2449
2473
2485
2439
2551
2076
2579
2550
2647
2581
2541
2552
2378
2607
2524
2538
2671
2551
2485
2341
2542
2481
2522
2538
2541
2491
2533
2463
2200
2485
2531
2503
2531
2039
2042
2514
2519
2537
2540
2266
2519
2103
2475
2548
2463
