2143
2197
2171
2250
2195
2207
1767
2221
2351
2221
2261
1637
2181
2145
2165
2169
2209
2199
2180
2165
2245
2222
2213
2233
2259
2185
2196
2176
2205
2090
2213
2240
2205
2219
2209
2253
2227
2208
2153
2199
2219
2313
2325
2340
2300
1907
2353
1752
2285
2391
2342
2343
2369
2335
2388
2394
2290
1791
1783
2151
2057
1877
1799
1759
1717
1719
1697
1258
1629
1600
1525
1581
1584
1455
1069
1453
1367
1311
1477
1488
1367
1423
1386
1471
1013
1429
1096
1424
1434
1375
1425
1323
1493
1431
1517
1439
1601
1560
1537
1655
1621
1671
1847
1544
1877
2035
2065
2068
2141
1648
2217
2268
2297
2376
2333
2389
2355
2321
2325
2305
2368
2035
2404
2257
2260
2325
2179
2379
1791
1799
2391
2404
2369
2023
2410
2393
2369
2371
2391
2418
2391
2316
2075
2013
1823
1863
1751
1633
1713
1359
1586
1599
1567
1507
1517
1511
1417
1413
1492
1431
1403
1481
1397
1461
1247
1453
1320
1443
1068
1422
1479
1421
1375
1412
1413
1435
1392
1388
1648
1136
1545
1485
1553
1707
1688
1819
1757
1957
1940
2077
2101
1605
2219
2239
2307
2504
2352
2357
2303
2326
2321
2359
2325
2355
2337
2350
2404
2368
2325
1799
1791
2373
2309
1767
2261
2336
2399
2329
2351
2372
1846
2355
2385
2421
2267
2177
2092
1895
1813
1805
1804
1705
1459
1612
1553
1565
1491
1597
1117
1445
1489
1461
1251
1493
1424
1486
1323
1424
1456
1372
1151
1139
1343
1368
1419
1302
1327
1429
1495
1427
1452
1471
1557
1549
1503
1525
1622
1255
1713
1788
1877
2005
2087
2149
2125
2189
2225
2227
2359
2351
2209
2263
1965
2289
2316
2187
2363
2349
2479
2372
2293
2370
2315
1839
2341
2389
2339
2468
2368
2321
2378
2385
2395
2407
2381
2361
2351
1752
2177
2207
1973
1791
1809
1789
1657
1613
1605
1596
1617
1591
1267
1552
1133
1507
1403
1580
1493
1567
1390
1357
1397
1443
1443
1479
1128
1283
1451
1437
1335
1455
1441
1430
1357
1142
1527
1449
1549
1521
1523
1529
1395
1411
1673
1789
1600
2001
2083
2055
2145
2158
1879
2239
2337
1984
2352
2376
1950
2319
2317
2325
2368
2321
2397
2346
2359
2326
2371
2265
2256
2271
1807
2141
2343
2343
2371
1764
2363
2397
2389
2383
2367
2317
1997
2143
2048
1909
1859
1359
1685
1697
1695
1649
1533
1553
1677
1451
1476
1372
1381
1395
1365
1401
1400
1433
1313
1413
1344
1444
1435
1367
1437
1347
1401
1301
1031
1422
1551
1439
1527
1583
1559
1503
1480
1687
1620
1606
1559
1821
1932
1965
2088
1795
2173
2233
2266
2335
2187
2378
1808
2226
2307
2380
2329
2348
2159
2359
2346
2333
2317
2310
2317
2371
2379
2436
2103
2383
2404
2390
2368
2387
2349
2353
2357
2413
2327
2192
2100
1929
1743
1797
1744
1687
1807
1677
1567
1571
1534
1559
1265
1127
1445
1381
1361
1347
1397
1445
1368
1417
1045
1328
1408
1397
1349
1283
1343
1301
1270
1402
1312
1351
1427
1467
1535
1507
1509
1453
1631
1563
1631
1701
1757
1973
2071
2036
2125
2191
2267
2307
2333
2347
2112
2338
2347
2303
2317
2375
2324
2390
1991
2375
2127
2409
2343
2369
2030
2381
2357
2325
2149
2363
2321
2355
2345
2440
2447
2374
2383
2402
1872
2170
1988
1905
1836
1788
1767
1732
1623
1615
1549
1525
1563
1743
1513
1509
1479
1395
1412
1495
1433
1235
1472
1380
1362
1429
1432
1305
1461
1287
1496
1415
1460
1423
1361
1384
1523
1151
65024
65024
65024
65024
65024
65024
65024
65024
65024
65024
65024
65024
65024
65024
65024
65024
65024
65024
65024
65024
65024
2318
2364
2357
2399
2323
2405
2366
2333
2377
2295
2191
2195
2356
2361
2369
2066
2389
2409
1774
1791
2229
2232
2199
1663
1996
1791
1823
1731
1720
1565
1197
1331
1679
1315
1424
1480
1343
1349
1447
1299
1473
1389
1171
1464
1303
1415
1339
983
1452
1287
1424
1371
1447
1404
1389
1475
1387
1103
1553
1463
1493
1591
1645
1645
1692
1733
1891
2004
2035
2079
2113
2183
2213
2289
2362
2309
2293
2063
2410
2300
2303
2377
2068
2355
2381
2317
2293
2309
2292
2365
2331
2464
2297
1744
2390
2377
2359
2384
2373
2362
2412
2362
2335
1907
2157
2284
2031
1823
1856
1813
1671
1621
1367
1657
1637
1587
1575
1512
1361
1373
1463
1127
1355
1445
1329
1357
1365
1312
1532
1311
1375
1335
1314
1203
1319
1231
1397
1349
1444
1151
1403
1483
1521
1124
1527
1585
1655
1684
1813
1867
1887
1969
2025
2015
2194
1665
2179
2207
2377
2342
2415
2123
2383
2344
2303
2019
2343
2309
2327
2390
2382
2370
2353
2351
2476
2330
2445
2371
2346
2384
2447
2488
2347
2377
2345
1971
2279
1967
2097
1991
1542
1763
1751
1675
1683
1644
1655
1641
1567
1610
1220
1502
1481
1479
1461
1403
1466
1435
1478
1234
1407
1428
1324
1311
1421
1375
1359
1315
1357
1365
1391
1063
1386
1568
1507
1484
1524
1588
1655
1700
1785
1695
1856
2008
2071
2055
2255
2079
2253
2368
2346
1791
1856
2147
2329
2373
2335
2371
2353
2347
2378
2375
2351
1732
2463
2143
1766
2388
2343
2321
1864
2333
2337
1748
2411
2345
2464
2367
2227
2301
2198
2204
2077
1940
1857
1737
1757
1223
1780
1644
1596
1543
1543
1461
1343
1377
1352
1390
1540
1319
1423
1296
1441
1176
1445
1417
1445
1334
1015
1375
1322
1333
1415
1360
1117
1478
1533
1448
1216
1505
1522
1637
1658
1721
1588
1414
1872
2000
2065
2129
2193
2253
2303
2374
2334
2310
2369
2343
2382
2250
1740
2368
2323
2327
2321
2356
2374
2391
2373
2528
1884
2131
2363
2354
2346
2375
2307
2369
2362
2409
2264
2384
2200
2182
2129
2029
1887
1927
1740
1552
1726
1549
1643
1367
1118
1327
1533
1399
1477
1461
1028
1311
1449
1456
1463
1427
1365
1064
1391
1341
1293
1435
1404
1384
1354
1061
1395
1493
1489
1477
1604
1491
1549
1557
1557
1487
1737
1780
1858
1937
2035
1833
1744
2133
1919
2220
2468
2310
2337
2175
2321
2381
2349
2383
2357
2314
2349
2295
2375
2303
2324
2386
1987
2353
2353
2395
2341
2121
2385
2372
2446
2511
2409
2391
2363
2341
1791
2143
2119
1957
1727
1781
1719
1733
1732
1654
1591
1603
1519
1553
1186
1491
1381
1422
1389
1348
1311
1383
1421
1197
1411
1396
1080
1387
1405
1405
1247
1431
1441
1424
1367
1047
1413
1204
1487
1543
1197
1380
1681
1733
1631
1821
1845
1909
1791
2128
2193
2111
2246
2329
2367
2292
1772
2208
2303
2345
2297
2372
2303
2325
2313
2311
1919
1871
2368
2256
2338
2362
2323
2082
2367
2337
2496
2340
2322
2393
2083
2239
2411
2197
2197
2071
1963
1876
1763
1764
1709
1652
1600
1623
1555
1527
1348
1415
1415
1415
1429
1379
1363
1332
1321
1393
1335
1540
1415
1428
1399
1295
1365
1325
1373
1340
1215
1376
1347
1371
1381
1427
1276
1544
1517
1471
1599
1731
1759
1841
1540
1534
2101
2163
2272
1756
2303
2360
2317
2337
1767
2321
2020
2346
2412
2041
2399
2361
2209
2236
2477
2317
2083
2343
2399
2322
2184
2354
2412
2293
2336
2390
2363
2381
1986
2418
2231
2183
1983
2077
1919
1788
1903
1709
1287
1588
1593
1574
1517
1473
1493
1507
1551
1420
1397
1433
1443
1373
1373
1372
1421
1405
1376
1347
1487
1135
1367
1316
1205
1439
1479
1609
1449
1375
1527
1553
1496
1513
1622
1624
1681
1747
1672
1973
2025
1836
2074
2153
2273
2348
2360
2383
2257
2267
2253
2327
1918
2239
2371
2356
2381
2359
2335
2348
2500
2398
2374
2379
2339
2375
2479
2373
2352
2378
2371
2409
2405
2375
2239
2259
2201
2220
2011
1965
1861
1672
1727
1635
1637
1631
1565
1207
1591
1352
1388
1481
1375
1439
1328
1476
1431
1448
1455
1447
1471
1452
1373
1416
1519
1315
1381
1311
1215
1301
1447
1548
1359
1395
1527
1231
1477
1299
1573
1637
1620
1813
1928
2022
1554
2169
2219
1748
2303
2239
2369
2347
2348
1740
1919
2329
2317
2367
2271
2385
2335
2333
2348
2359
2335
2327
2359
2405
2095
2390
1772
2373
2437
2329
2339
2361
2414
1927
2250
2184
2260
2223
1880
1868
1719
1729
1689
1675
1664
1471
1541
1571
1519
1413
1278
1440
1429
1479
1311
1072
1360
1357
1427
1395
1215
999
1291
1367
1401
1434
1408
991
1396
1427
1419
1451
1642
1441
1463
1597
1395
1589
1279
1733
1813
1961
1781
2005
1900
1906
2197
2275
2346
2335
2237
2331
2303
2375
2391
2313
2321
2327
2323
2325
2343
2373
2197
2236
2334
2375
2385
2357
2406
2357
2401
2377
2343
2379
2365
2362
2432
1951
2056
2167
2139
1431
1877
1935
1719
1727
1637
1655
1391
1229
1535
1569
1405
1443
1485
1231
1488
1315
1317
1459
1345
1348
1455
1408
1359
1285
1345
1095
1309
1416
1359
1323
1383
1426
1407
1491
1459
1503
1539
1621
1669
1745
1791
1327
1999
2023
2015
2092
2121
2175
2256
2333
2221
1822
2331
2317
2321
2355
2342
2339
2381
2317
2377
2313
2387
2346
2365
2358
2349
2375
1806
2476
2341
1780
2389
1790
2359
2351
2425
2405
2374
2151
2186
2126
1415
1825
1809
1702
1734
1665
1641
1605
1629
1593
1410
1187
1139
1445
1412
1458
1151
1508
1235
1368
1299
1423
1421
1293
1293
1366
1327
1316
1445
1343
1399
1333
1383
1478
1399
1503
1441
1463
1607
1554
1639
1693
1780
1903
1951
2037
2022
1891
2155
2383
2311
2313
2331
2293
2288
2265
2343
1850
2361
2333
2375
2368
2225
2341
2307
2375
2335
2352
2341
2340
2389
2377
2349
2371
2281
1924
2452
2365
2532
2363
2242
2189
2170
2083
1893
1791
1716
1747
1730
1395
1565
1567
1556
1604
1235
1531
1509
1047
1445
1488
1413
1415
1551
1187
1324
1411
1312
1317
1301
1397
1293
1363
1343
1215
1371
1463
1357
1485
1513
1589
1423
1279
1682
1567
1699
1748
1695
1930
1955
2079
2099
2142
2220
2277
2359
2239
2321
2332
2347
2347
2350
2337
2327
1743
2365
2399
2412
2303
2389
2359
2381
2377
2460
2335
2387
2351
2387
2391
2357
2353
2370
2476
2420
1724
2225
2183
1983
1972
1815
1771
1659
1701
1573
1541
1647
1621
1143
1533
1426
1413
1479
1373
1431
1423
1397
1395
1333
1415
1287
1062
1365
989
1413
1399
1383
1367
1279
1284
1455
1489
1487
1560
1589
1465
1521
1529
1533
1645
1796
1786
1808
2012
2010
1848
2053
2261
1823
2339
2080
1847
2400
2347
2375
1735
2369
2343
2299
2323
2311
2359
2317
2319
2341
2464
2337
2380
2325
2305
2479
2301
2333
2365
1974
2401
2395
2341
2367
1646
2167
2102
1663
1903
1767
1734
1732
1599
1676
1609
1547
1260
1591
1503
1551
1432
1219
1309
1349
1434
1397
1395
1307
1034
1335
1407
1133
1397
1321
1383
1360
1247
1279
1345
1343
1493
1276
1572
1510
1493
1519
1577
1638
1740
1568
1737
1905
2079
2063
2151
2227
2270
2299
2327
2301
2320
2386
2424
2193
2325
2316
2346
2369
2327
2335
2334
2322
1870
2327
2281
2362
2357
2385
2407
2387
2431
2337
2387
2348
2493
2373
2338
2217
2173
2204
2101
1969
1885
1491
1675
1617
1775
1638
1307
1573
1413
1232
1279
1347
1487
1383
1315
1423
1297
1583
1365
1317
1339
1389
1303
1271
1295
1369
1108
1380
1327
1405
1372
1471
1417
1551
1428
1605
1616
1499
1671
1620
1748
1716
1961
2065
2106
2142
2172
2212
2303
2352
2351
2374
2319
2371
2412
2365
2338
2316
2340
2303
2339
2359
2152
2339
2336
2370
2334
2271
2477
2391
2407
2415
2365
2349
2463
2407
2381
2394
2282
2167
2153
2059
1672
1875
1811
1759
1635
1651
1671
1623
1581
1159
1532
1479
1421
1415
1030
1431
1439
1417
1279
1101
1431
1012
1343
1333
1399
1300
1429
1361
1341
1296
1301
1404
1417
1475
1471
1437
1503
1511
1398
1553
1223
1771
1839
1881
1928
2015
2153
2117
2228
2261
2303
2333
2373
2334
2340
2370
2339
2424
2402
2365
2386
2468
2240
2436
2383
2311
2106
2320
1812
2333
2397
2359
2382
2397
1878
2342
2385
2512
2452
2294
2244
2151
2143
1967
1893
1817
1781
1701
1665
1585
1559
1581
1556
1514
1463
1495
1371
1361
1389
1317
1311
1361
1301
1440
1383
1339
1343
1476
1295
1269
1395
1332
1309
1381
1393
1439
1476
1491
1493
1446
1457
1492
1557
1665
1424
1809
1915
1937
2065
2124
2135
2201
2293
2511
2292
2315
1935
2163
2464
2311
2385
2333
2249
2289
2366
2347
2350
2335
2325
2314
2377
2378
2366
1884
2391
2345
2321
1785
2378
2373
2267
2347
1890
2204
1791
2093
2005
1911
1787
1776
1709
1639
1697
1601
1605
1191
1219
1469
1439
1498
1439
1444
1381
1397
1332
1455
1381
1135
1296
1351
1364
1396
1062
1301
1399
1365
1425
1443
1493
1507
1473
1279
1517
1553
1605
1649
1700
1279
1734
1779
1967
1736
2133
2157
2175
2036
2353
2359
2301
2415
2369
2432
1783
2356
2341
2436
2343
2314
2332
2385
2347
2349
2335
2159
2397
2413
2385
2337
2357
1902
2395
2342
2393
2359
2447
2390
2204
1837
2135
1500
1905
1849
1717
1663
1623
1487
1492
1635
1509
1198
1443
1111
1356
1313
1403
1326
1439
1313
1399
1424
1385
1403
1031
1381
1365
1391
1392
1027
1300
1361
1397
1407
1525
1501
1475
1489
1543
1600
1632
1749
1728
1798
1897
1973
1985
2037
2151
2111
2253
2279
2353
2299
2329
2321
1839
2372
2323
2322
2345
2349
2337
2333
2389
2359
2336
2342
2338
2399
2508
2042
2308
2405
2325
2399
2343
2307
2363
2176
2217
2248
2149
2119
2077
1876
1479
1727
1779
1744
1661
1585
1188
1519
1503
1124
1373
1495
1357
1267
1428
1321
1454
1544
1375
1333
1445
1257
1417
1121
1319
1171
967
1204
1285
1387
1371
1541
1395
1507
1472
1593
1585
1503
1625
1423
1704
1707
1962
1937
2106
2099
2020
2205
2213
2359
2102
2364
2353
2374
2385
2329
1955
2295
2447
1911
2191
2356
2345
2335
2159
2349
2377
2288
2369
2377
2357
2312
2061
2271
2373
2369
2383
2455
2261
2103
2189
2149
1937
1887
1869
1789
1255
1653
1607
1597
1554
1471
1605
1517
1079
1413
1493
1346
1335
1469
1457
1415
1419
1307
1361
1377
1431
1388
1399
1383
1291
1279
1327
1428
1425
1493
1435
1439
1527
1461
1618
1278
1743
1783
1837
1893
2004
2127
2103
2129
2197
2159
2352
2359
2349
2377
2309
2155
1836
2377
2329
2338
2345
2362
2303
2447
2191
2371
2500
1964
2343
2359
2404
2149
2411
2356
2381
2264
1772
2384
2376
2341
2319
2085
2095
1991
1879
1668
1781
1677
1552
1601
1605
1583
1327
1527
1047
1413
1415
1295
1151
1327
1405
1315
1317
1347
1367
1343
1333
1361
1426
1414
1203
1431
1199
1244
1469
1347
1471
1517
1441
1429
1611
1509
1551
1757
1751
1721
1873
1525
1989
2127
2082
2222
1844
2377
2237
2355
2303
2289
2372
2370
2345
2476
2358
2369
2325
2367
2273
2379
2295
2385
2345
2429
2364
2076
1856
2235
2389
2399
2397
2377
2381
2349
2303
2143
2206
2223
1993
1876
1809
1789
1727
1709
1214
1639
1541
1555
1662
1397
1469
1453
1401
1478
1457
1415
1418
1439
1279
1408
1343
1299
1303
1200
1376
1333
1373
1321
1370
1556
1422
1423
1525
1375
1525
1573
1591
1575
1607
1631
1399
1792
1944
2005
2093
2109
2141
1879
2289
2369
2349
2310
2405
2313
2175
2379
1917
2328
2362
2367
2364
2379
2392
2412
1756
2399
2415
2401
2438
2436
2399
2466
2305
2228
2253
2223
2407
2096
1664
2179
2169
2068
1956
1826
1791
1749
1622
1594
1476
1556
1487
1533
1540
1313
1399
1455
1428
1408
1419
1383
1349
1269
1420
1447
1317
1151
1375
1487
1285
1285
1353
1279
1307
1471
1397
1444
1545
1533
1456
1574
1253
1676
1667
1800
1749
1731
2003
2015
2123
2165
2207
2159
1791
2303
2341
1862
2315
2324
2375
2372
2376
2334
2244
2321
2399
2331
2329
2362
1863
2391
2356
2373
2412
2365
2329
2366
2372
2341
2379
1772
2420
2231
2192
2159
2069
1957
1823
1782
1687
1673
1593
1613
1411
1407
1124
1465
1415
1192
1447
1463
1463
1403
1343
1265
1305
1391
1338
1403
1296
1429
1362
1028
1428
1389
1301
1180
1365
1545
1576
1544
1497
1467
1541
1617
1523
1580
1737
1632
1911
1887
2069
2141
2129
2179
2297
2308
1738
1741
2332
2327
2325
2359
1758
2338
2341
1911
2325
2375
2363
1762
2366
2376
2377
2373
2209
2103
1772
2337
2350
1919
2359
2272
2328
2356
2032
2287
2109
2065
1941
1865
1813
1836
1588
1657
1206
1631
1591
1527
1450
1425
1343
1396
1477
1332
1005
1300
1116
1186
1330
1468
1381
1251
1312
1291
1431
1279
1393
1335
1409
1444
1471
1527
1539
1567
1471
1500
1503
1431
1683
1771
1841
1883
1989
1913
2135
2119
2231
2274
2330
2359
2399
2317
2356
2373
2326
2036
2361
2347
2369
2393
2347
2389
2339
2383
2362
2381
1876
2359
2395
2413
2255
2345
2377
2374
2368
2364
2416
2298
2199
2111
2160
1969
1863
1801
1791
1697
1609
1629
1631
1503
1613
1368
1475
1395
1369
999
1361
1436
1385
1321
1387
1300
1329
1393
1283
1287
1360
1071
1339
1360
1395
1353
1425
1455
1577
1520
1525
1515
1588
1514
1659
1701
1572
1757
1833
1881
2021
2086
2145
2196
2293
2350
2331
2269
2338
2303
2370
2365
2375
1853
2333
2484
2325
1959
2395
2264
2319
2326
2367
2347
2373
2340
2387
2367
2127
1919
2385
2356
2359
2399
2279
2181
2165
65024
65024
65024
65024
65024
65024
65024
65024
65024
65024
65024
65024
65024
65024
65024
65024
65024
65024
65024
65024
65024
1016
1107
1332
1340
1391
1290
1381
1397
1490
1491
1507
1477
1435
1588
1503
1366
1551
1608
1751
1877
1943
1711
1985
2100
2176
2253
1847
2361
2195
2341
2389
2375
2303
2341
2375
2377
2336
2400
2369
2333
2313
2416
2371
2444
2345
2362
2378
2382
2335
2359
2352
2361
2316
2353
2365
2447
2269
2119
1971
1584
1887
1851
1759
1681
1744
1685
1408
1492
1618
1159
1095
1396
1502
1431
1427
1461
1397
1429
1367
1415
1415
1139
1299
1487
1407
1415
1437
1397
1335
1078
1065
1511
1463
1403
1521
1553
1407
1495
1609
1613
1723
1667
1811
1920
1981
1731
2037
2162
2267
2273
2339
2100
2264
2360
2273
2341
2115
2352
2386
2271
2381
2365
2322
2377
2437
1825
2375
2350
2175
1836
2389
1831
2394
2288
2361
2374
2187
1959
2422
2291
2205
2219
2100
1988
1571
1759
1735
1636
1714
1637
1591
1544
1561
1441
1521
1489
1429
1377
1579
1187
1444
1088
1296
1047
1202
1391
1287
1313
1343
1444
1360
1332
1308
1427
1421
1516
1529
1495
1483
1228
1467
1552
1615
1671
1695
1747
1855
1592
2188
2088
2189
1735
2239
2374
2367
1980
2310
2382
2371
2056
2342
2357
2389
2335
2353
2374
2340
2399
2277
2380
2385
2256
2509
2313
1751
2394
2332
2399
2353
2336
2426
2385
2309
2187
2183
2229
1909
1917
1873
1725
1648
1623
1624
1623
1619
1605
1541
1420
1079
1457
1413
1327
1415
1409
1456
1427
1315
1411
1333
1353
1365
1061
1004
1397
1313
1431
1317
1357
1439
1409
1509
1481
1501
1456
1535
1585
1749
1717
1720
1791
1455
2001
2012
2097
2237
2278
2319
2335
2003
2373
2308
2327
2476
2341
2350
2381
1935
2335
2409
2265
2415
2392
1862
2367
2429
1901
2415
2390
2357
2442
2369
2393
2367
2377
2232
2389
2252
2148
2087
1941
1908
1848
1727
1701
1631
1583
1610
1631
1428
1437
1397
1413
1508
1365
1447
1392
1095
1345
1203
1407
1309
1433
1329
1424
1437
1419
1344
1488
1416
1532
1610
1607
1569
1615
1577
1541
1599
1237
1223
1653
1768
1447
1899
1943
2116
1679
2229
2224
2333
2372
2385
2496
2385
1799
2396
2427
2446
2394
2439
2438
2465
2191
2409
2410
2439
2453
2425
2449
2414
2287
2426
2425
2401
2477
2433
2437
2455
2483
2156
2372
2223
2327
2187
2202
2263
2227
2255
2137
2164
2097
2115
2025
2007
1976
1906
1925
1870
1913
1836
1860
1821
1847
1851
1931
1789
1810
1823
1776
1741
1841
1749
1842
1871
1746
1555
1801
1751
1735
1729
1711
1791
1711
1817
1839
1713
1797
1319
1748
1384
1809
1656
1364
1764
1773
1707
1790
1789
1689
1668
1767
1711
1708
1733
1799
1599
1729
1820
1700
1469
1801
1683
1820
1785
1792
1737
1734
1735
1775
1799
1745
1767
1691
1769
1777
1766
1699
1475
1681
1474
1865
1405
1727
1743
1724
1749
1749
1279
1789
1749
1304
1759
1731
1763
1705
1591
1637
1685
1677
1688
1697
1701
1716
1696
1709
1553
1701
1765
1688
1807
1752
