2426
2347
2288
2403
2365
2423
2355
2335
2370
2389
2391
2386
2505
2378
2335
2357
2463
2051
2363
2411
2364
2350
2260
2313
2256
2378
2399
2345
2372
2374
2391
1894
2405
2337
2285
2509
2390
2381
2432
2414
2414
2440
2418
2441
2353
2460
2431
2115
2481
1868
2356
2043
1965
1887
1672
1701
1717
1681
1569
1610
1638
1706
1629
1651
1639
1511
1553
1576
1695
1645
1709
1611
1621
1717
1853
1823
1941
2011
2125
2149
2233
2311
2373
2431
2434
2467
2420
2445
2471
2461
2455
2455
2476
2455
2485
2448
2471
2493
2419
2486
2411
1951
2023
1908
1871
1721
1659
1697
1643
1545
1599
1647
1315
1585
1549
1417
1473
1475
1615
1595
1501
1637
1487
1423
1637
1649
1716
1919
2059
2132
2233
2289
2283
2442
2437
2112
2502
2399
2445
2439
2455
2501
2432
2415
2469
2455
2493
2453
2463
2503
2389
2021
1991
1635
1805
1747
1697
1635
1421
1412
1631
1539
1159
1533
1557
1559
1515
1612
1511
1124
1615
1444
1575
1653
1641
1763
1823
2056
2019
2152
2202
2290
2327
2436
2404
2401
2465
2464
1858
2452
2452
2421
2444
2447
2453
2393
2455
2259
2478
2510
2313
2071
1964
1943
1811
1713
1687
1523
1669
1255
1459
1566
1523
1603
1680
1679
1567
1471
1479
1501
1496
1629
1557
1637
1664
1780
1907
1880
2034
2264
1639
2289
2371
2489
2131
2528
2409
2421
2419
2450
2454
2439
2480
2425
2472
2437
2497
2064
2431
1863
2230
1663
1981
1791
1799
1725
1703
1567
1617
1653
1695
1619
1589
1595
1551
1581
1495
1552
1487
1505
1649
1627
1334
1804
1686
1704
1874
2001
2033
2183
2310
2067
2341
2451
2442
2457
2429
2455
1994
2431
2417
2444
2459
2431
2384
2385
2474
2573
2477
2500
2151
2077
1548
1856
1799
1744
1703
1695
1667
1559
1553
1571
1571
1521
1173
1573
1267
1521
1558
1471
1603
1599
1633
1395
1671
1765
1415
1899
2065
2079
2277
1991
2415
2444
2575
2296
1955
2423
2407
1997
2069
2473
2441
2459
2249
1848
2345
2483
2457
2320
2354
2011
1492
1936
1884
1705
1643
1263
1512
1651
1613
1407
1581
1197
1501
1493
1376
1470
1597
1456
1668
1639
1653
1637
1717
1751
1861
1927
2056
2160
2263
2323
1766
2439
2429
2407
2413
2335
2451
2438
2461
2468
2439
2423
2471
2427
2441
2548
2437
1895
2343
1605
1998
1889
1711
1695
1472
1684
1581
1543
1580
1271
1511
1572
1513
1156
1556
1477
1521
1489
1652
1657
1772
1627
1691
1836
1901
1909
2071
1639
2244
2317
2367
2467
2440
2458
2431
2442
1919
2461
2419
2426
2427
2437
2437
2466
2471
2453
2439
2463
1770
2032
1979
1747
1757
1649
1709
1675
1675
1589
1541
1476
1610
1589
1439
1526
1311
1557
1585
1637
1651
1591
1363
1589
1710
1818
1896
1939
1839
2173
2263
2156
2337
2393
2452
2458
2429
2487
2422
2418
2450
2335
2486
2439
2469
2477
2259
2455
2432
2486
2218
2069
1909
1877
1727
1807
1699
1693
1635
1652
1639
1555
1552
1407
1562
1530
1457
1419
1473
1617
1673
1647
1828
1684
1663
1741
1811
1951
2107
2129
2230
2319
2345
2434
2449
2271
2468
2437
1959
2234
2427
2456
2469
2446
2435
2435
2511
2460
2620
2445
2228
2445
2418
2453
2472
2459
2447
2479
2448
2312
2469
2471
2455
2569
2395
2427
2375
2321
2377
2464
2385
2391
2365
2416
2355
2343
2371
2103
2221
2372
2389
2375
2374
2337
2479
2372
2464
2383
2338
2369
2374
2295
2330
2384
2322
2380
2359
1967
2303
2385
