2371
2384
2445
2389
2361
2395
2391
2391
2392
2149
2362
2391
2303
2373
2367
2375
2363
2350
2375
1774
1971
2373
2347
2365
2511
2335
2307
2074
2387
1836
2498
2358
2355
2390
2372
2369
1924
2341
2444
2416
2406
2425
2367
2019
2471
2455
2421
2465
2450
2479
2336
2102
1857
1833
1733
1788
1695
1662
1567
1610
1591
1648
1287
1643
1611
1166
1507
1575
1204
1403
1591
1625
1556
1244
1653
1801
1927
1962
1716
1623
2256
2297
2341
2372
2535
2436
2500
2477
2603
2469
2441
2458
2393
2472
2468
2455
2491
2417
2483
2511
2359
2127
1827
1833
1705
1673
1653
1621
1649
1646
1621
1629
1539
1501
1603
1223
1577
1557
1427
1680
1545
1559
1511
1527
1653
1757
1871
1780
2049
2092
2272
2269
1884
2373
2408
2423
2450
2228
2228
2448
2431
2465
2512
2431
2460
2369
2459
2498
2413
2484
2350
1664
1911
1872
1791
1683
1636
1303
1658
1496
1603
1563
1527
1148
1581
1152
1541
1545
1652
1543
1455
1629
1589
1631
1713
1758
1834
2005
1999
1584
2132
2286
1735
2404
2469
2435
2410
2388
2439
2450
2443
2439
2471
2474
1944
2395
2455
2501
2488
2429
2318
2097
1933
1490
1713
1650
1773
1395
1601
1588
1575
1593
1516
1592
1477
1503
1525
1581
1573
1637
1602
1455
1222
1706
1707
1732
1786
1861
1997
2062
2225
2344
2355
2371
2458
2407
2427
2423
2441
2469
2195
2485
2632
2431
2453
2447
2516
2467
2470
2452
2309
1644
1408
1809
1701
1787
1613
1527
1558
1581
1229
1610
1500
1557
1539
1557
1527
1509
1554
1462
1598
1577
1595
1271
1681
1490
1909
1919
1896
2099
2239
1971
2314
2344
2259
2455
2391
2438
2367
2460
2500
2477
2473
2472
2029
1856
1999
2467
2475
2503
2309
2094
1904
1879
1716
1713
1649
1601
1606
1601
1593
1379
1559
1539
1395
1449
1656
1457
1577
1400
1573
1623
1711
1661
1619
1673
1931
1887
1979
1991
2351
2223
2329
2418
2303
2447
2427
2373
2432
2426
2464
2459
2459
1799
2433
2440
2520
1903
1863
2487
2405
1933
1877
1896
1422
1673
1603
1677
1666
1532
1603
1501
1688
1551
1498
1501
1491
1505
1688
1637
1503
1664
1681
1732
1689
1788
1773
1905
2044
2041
2045
2300
2356
2391
2491
2408
2438
2099
2449
2367
2431
2415
2409
2479
1962
2575
2456
2421
2487
2362
2424
2177
1869
1853
1568
1731
1349
1655
1613
1635
1679
1535
1549
1533
1497
1407
1095
1526
1439
1623
1670
1621
1621
1649
1261
1829
1763
1893
1479
1607
2297
2297
1775
2377
2014
2449
2191
2439
1895
2435
2430
2469
2455
1968
2440
2463
2556
2256
2223
2443
2393
2147
1817
1845
1332
1687
1427
1649
1561
1571
1159
1608
1529
1172
1540
1429
1517
1424
1599
1531
1671
1654
1703
1619
1715
1744
1821
1709
2164
2084
2265
1718
2397
2356
2479
2423
2423
1935
2445
2441
2464
2471
2395
2459
2458
2490
2453
2503
2490
2255
2333
1795
1881
1631
1676
1395
1677
1732
1568
1573
1343
1593
1588
1605
1509
1407
1540
1494
1573
1557
1625
1839
1685
1675
1717
1777
1645
1865
1997
1575
2193
2227
2359
2321
2483
2455
2399
2445
2428
2444
2414
2427
2367
2453
2431
2432
2387
2431
2439
1987
2439
2409
2291
2441
2459
2409
2403
2216
2441
2481
2479
2431
2498
2432
2442
2441
1876
2355
2391
2386
2239
2421
2127
2405
2395
2385
2412
2426
2365
2399
2411
2359
2387
2398
2421
2163
2175
2394
2378
2387
2409
2355
2379
2414
2405
2305
2067
2226
2416
2403
