2251
2193
2267
2249
2199
1928
2271
2229
2231
2214
2256
2247
2249
2261
2264
2287
2213
2217
2267
2231
2250
2242
2231
2208
2234
1955
2237
2244
2233
2235
2176
2249
2247
2289
2241
1764
1935
2245
2185
2156
2263
1783
2311
1815
2325
1863
2340
2297
2353
2378
1959
2448
2439
2381
2398
2012
2079
1941
1891
1863
1764
1725
1721
1737
1255
1693
1724
1653
1677
1641
1642
1625
1704
1681
1618
1695
1735
1665
1740
1795
1447
2105
2195
2249
2340
2224
2389
2507
2340
2372
2393
2295
2321
2380
2362
2375
2315
2324
2224
2377
2329
2399
1893
2389
2410
2262
2112
2001
1999
1951
1781
1856
1492
1725
1691
1287
1684
1631
1742
1653
1631
1583
1694
1491
1663
1609
1587
1423
1695
1689
1789
1819
2000
2178
1919
2347
2347
2391
1992
2401
2320
2365
2265
2329
2410
2387
2326
2337
2334
2323
2394
2417
2414
2476
2455
2372
2255
2074
1989
1919
1877
1807
1788
1700
1727
1723
1745
1631
1279
1726
1698
1687
1694
1685
1664
1664
1636
1619
1675
1681
1751
1831
2004
2133
2179
2229
2325
2374
2377
2378
2385
1987
2336
2317
2337
2350
2297
2409
2375
2343
2335
2353
2381
2433
2391
2399
2480
2069
2023
1985
1859
1820
1797
1797
1624
1683
1588
1645
1669
1685
1800
1743
1631
1621
1680
1581
1565
1668
1669
1701
1427
1812
1887
2060
1604
2287
2281
2322
2267
2388
2375
2377
2391
1806
2339
2264
2340
2399
2223
2377
1927
2404
2172
2430
2407
2421
2279
1765
1924
1989
1896
1823
1839
1797
1773
1595
1571
1707
1695
1732
1693
1707
1718
1701
1645
1676
1655
1317
1653
1693
1675
1751
1865
1974
2111
2132
2219
2353
2327
2359
2335
2362
2409
2313
2367
2321
2365
1965
2375
2330
2354
2381
2374
2405
2395
2393
2481
2389
2137
2019
1992
1915
1874
1817
1719
1716
1695
1665
1653
1602
1691
1670
1693
1591
1668
1743
1627
1591
1681
1569
1665
1653
1775
1877
1896
2075
2225
2088
2319
2345
2349
2313
2415
2333
2340
2291
2330
2369
2325
2371
2235
2326
2149
2406
2411
2039
2413
2375
2391
2125
2001
2036
1937
1841
1479
1663
1723
1716
1665
1619
1717
1239
1666
1707
1775
1693
1653
1216
1604
1639
1619
1723
1780
1727
1866
2047
2111
2199
2213
2291
2051
2279
2281
1957
2353
2447
2343
2381
2339
2335
2357
2356
2379
2261
2391
2417
2101
2379
2361
2393
2011
2033
1953
1819
1553
1967
1767
1741
1733
1723
1804
1631
1663
1655
1383
1532
1271
1623
1557
1623
1535
1658
1699
1767
1829
1651
2061
2100
2149
2273
2207
2309
2351
2325
2264
2357
2337
2356
2239
1775
2133
2377
2378
2400
2389
2504
2375
2373
2391
2318
2243
2025
1951
1925
1976
1869
1381
1814
1789
1721
1735
1532
1680
1731
1618
1697
1599
1666
1571
1617
1279
1319
1671
1705
1396
1763
1969
2043
2156
2073
2231
2187
2314
2301
2404
1830
2303
2330
2332
2372
1767
2361
2305
2340
2348
2407
2391
2412
2391
2379
2108
2043
2076
1969
1947
1911
1831
1389
1741
1737
1771
1706
1695
1631
1599
1717
1743
1685
1705
1671
1668
1635
1675
1765
1708
1831
1844
1975
2117
2145
2179
2169
2277
2143
2287
2321
2292
2321
2239
2286
2329
2326
2357
2319
2349
2363
2303
2353
2217
2293
2350
2319
2441
2345
2039
2317
2349
1996
2300
2335
2259
2261
2082
1964
2295
1791
2274
2284
2281
2252
1831
2268
2262
2383
2243
2281
2231
1815
2283
1788
1999
2261
2244
2237
2207
2277
2227
1703
2227
2301
