2383
2325
2341
2349
2223
2064
2347
2352
2365
2337
1861
2373
1789
2321
2295
2223
2323
2371
2372
2331
2112
2365
2335
2340
2344
2426
2333
2337
2367
2317
2359
2323
2374
2448
2361
2317
2373
2335
2340
2394
2253
2349
2405
2469
2401
2483
2470
2495
2503
2431
2496
2217
2086
1960
1873
1831
1841
1908
1750
1748
1650
1699
1711
1636
1623
1620
1563
1679
1551
1668
1693
1621
1659
1617
1635
1318
1671
1785
1663
2113
2111
2245
1910
2393
2423
2512
2469
2353
2328
2472
2469
2448
2445
2427
2463
2468
2400
2458
2397
2461
2441
2495
2241
1951
1979
1619
1849
1841
1891
1845
1807
1679
1631
1666
1695
1681
1685
1629
1591
1661
1593
1680
1807
1679
1807
1703
1742
1600
2123
2151
2227
2353
2353
2453
2475
2468
2467
2339
2044
2483
2395
2461
2412
2445
2511
2459
2504
2505
2491
2507
2087
2472
2232
1971
1855
1813
1550
1838
1383
1701
1748
1407
1687
1632
1655
1664
1672
1669
1627
1654
1568
1601
1716
1673
1236
1771
1549
1861
1973
2133
2271
1862
2320
2460
2477
2280
2458
2472
2443
2455
2425
2443
2505
2543
2429
2454
2466
2139
2473
2385
2468
2441
2061
1604
1853
1767
1835
1854
1791
1746
1736
1700
1693
1669
1622
1620
1664
1669
1661
1656
1559
1687
1649
1575
1519
1645
1603
1783
1582
1655
2117
2210
2383
2419
2335
2395
2401
2543
2177
2468
2437
2443
2463
2461
2142
2484
2469
2506
2455
2494
2469
2492
2267
2042
1969
1802
1781
1811
1805
1801
1700
1709
1619
1680
1638
1666
1673
1567
1212
1592
1616
1661
1631
1743
1751
1399
1791
1911
2046
2079
2208
2326
2303
1975
2416
2417
2463
2260
2433
2313
2390
2408
1871
2417
2430
2439
2175
2387
2536
2491
2433
2453
1957
1959
1927
1815
1837
1868
1819
1768
1717
1802
1759
1623
1639
1334
1642
1604
1407
1488
1613
1600
1601
1671
1581
1635
1705
1408
1963
2017
2192
2323
2285
2494
2450
2405
2427
2461
2445
1991
2399
2004
2431
2403
2451
1861
2417
2395
2485
2211
2435
2423
1826
1937
1519
1845
1827
1872
1381
1681
1760
1622
1681
1663
1606
1585
1647
1661
1673
1599
1609
1541
1610
1617
1701
1712
1771
1470
2015
2236
2210
2285
2191
2391
2433
2423
2401
2343
2445
2435
2433
2435
2399
2461
2454
2475
2443
2491
2487
2449
2540
2303
1959
1956
1853
1639
1793
1839
1812
1759
1661
1665
1681
1529
1596
1468
1677
1637
1591
1573
1627
1631
1597
1260
1653
1519
1645
1959
2100
2081
2230
2333
2457
2437
2481
2461
2433
2458
2466
2434
2039
2423
2397
2455
2461
2480
2442
2446
2473
2489
2465
2322
2030
1957
1811
1844
1519
1829
1703
1733
1585
1382
1319
1572
1687
1685
1254
1645
1228
1279
1391
1537
1613
1599
1701
1748
1861
2064
2116
2177
2287
2284
2484
2223
2417
1991
2450
2425
2465
2437
2451
2442
1940
2404
2474
2426
2420
2491
2411
2499
2463
2269
2007
1926
1980
1679
1919
1861
1713
1706
1735
1561
1659
1573
1671
1607
1573
1650
1623
1601
1653
1589
1620
1547
1680
1723
1701
1943
2049
2127
2317
2303
2395
2447
2451
2439
1922
2414
2420
2441
1909
2393
2429
2219
2444
2441
2403
2421
2471
2142
2457
2455
2479
2406
2501
2461
2490
2482
2457
2437
2453
2481
2454
2466
2411
2412
2439
2351
2423
2411
2353
2365
2373
2090
2397
2381
2087
2339
2407
2356
2504
2399
2392
2404
2388
2396
2405
2359
2348
2388
2327
2359
2391
2479
2343
2399
2341
2275
2393
2341
