2294
2385
2170
2340
2464
2357
2373
2350
2365
2303
2337
2341
2004
2366
2366
2329
2147
2335
2345
2372
2385
2303
2353
2382
2405
1929
2343
2349
2339
1863
1923
2337
2436
2132
2211
2369
2399
2189
2459
2429
2489
2455
2453
2503
2425
2482
1929
1583
1717
1696
1753
1496
1623
1577
1617
1651
1567
1567
1565
1592
1561
1527
1118
1517
1591
1539
1588
1638
1639
1727
1791
1752
1855
2054
2159
2253
2237
2323
2387
2411
1863
2163
2461
2455
2464
2433
2443
2127
2465
2401
2431
2507
2351
2469
2132
2535
1667
1829
1692
1693
1640
1597
1591
1611
1559
1472
1596
1471
1565
1457
1523
1517
1546
1439
1483
1563
1318
1601
1481
1645
1635
1385
1740
1959
1548
2251
2261
2305
2304
2112
2491
2421
2445
2407
2474
2445
2455
2461
2543
2442
2433
2476
2443
1935
2509
2291
1949
1835
1797
1662
1607
1577
1564
1359
1519
1461
1581
1573
1491
1679
1445
1151
1523
1328
1549
1513
1601
1513
1389
1619
1655
1791
1841
1583
2103
2259
2267
2303
2384
1959
2037
1799
2411
2607
2367
2475
2443
2446
2385
1831
2139
2476
2477
2483
2479
1776
1997
1853
1792
1699
1672
1617
1599
1768
1583
1585
1543
1475
1547
1541
1506
1517
1525
1512
1679
1575
1152
1572
1756
1631
1700
1876
1981
2023
2120
2261
2229
2359
2369
2359
2516
2235
2575
2438
2419
2453
2437
1927
2485
2575
2472
2474
2497
2525
2453
2363
1696
1799
1367
1637
1609
1572
1532
1621
1503
1563
1477
1505
1485
1485
1501
1487
1457
1567
1511
1159
1601
1631
1631
1633
1878
1802
1749
2075
2133
1979
2180
1799
2391
2478
2386
2461
2435
2320
2458
1895
2367
2435
2451
2569
2624
2591
2511
2291
2584
1955
1869
1992
1487
1703
1623
1561
1516
1743
1439
1639
1563
1545
1063
1604
1525
1541
1496
1531
1571
1607
1263
1645
1748
1759
1756
1901
1991
2063
2185
2193
2241
2356
2430
2540
2455
2253
2449
2461
2509
2413
2421
1863
2429
2421
2468
2482
2530
2499
2459
2083
1891
1776
1657
1701
1637
1168
1540
1549
1549
1517
1463
1553
1364
1527
1251
1103
1527
1578
1495
1547
1621
1191
1673
1655
1751
1777
1971
2096
2167
2240
2292
2357
2479
2485
2427
2421
2437
2607
2419
2479
2453
2453
2473
2469
2475
2004
2453
2472
2503
2019
1861
1765
1287
1584
1643
1629
1521
1511
1572
1451
1513
1541
1373
1473
1453
1456
1471
1556
1172
1572
1631
1548
1639
1715
1317
1821
1605
2119
1912
2340
2363
2368
2335
2435
2575
2416
2465
2467
2458
2437
2461
2403
2392
2477
2393
2302
2481
2159
2244
1959
1907
1811
1641
1668
1631
1379
1555
1180
1501
1497
1111
1489
1103
1413
1525
1485
1508
1539
1559
1207
1579
1678
1579
1604
1695
1903
2003
1815
2201
2195
2382
2061
2388
2435
2438
2459
2411
2305
2466
2572
2471
2067
2452
2463
2525
2540
2486
2377
2399
1688
1801
1740
1718
1623
1634
1396
1404
1509
1559
1531
1561
1483
1519
1520
1509
1461
1477
1535
1505
1409
1604
1660
1303
1527
1863
1777
1973
2157
2182
2254
2316
1767
2448
2394
2385
2503
2406
1799
2106
2509
2401
2463
2456
2426
2431
2607
2556
2461
2484
2463
2431
2409
2501
2431
2430
2481
2427
2469
2007
2504
2442
2505
2423
2423
2389
2407
2347
2399
2375
2356
1943
2379
2479
2468
2380
2025
2372
2281
2355
2356
2333
2356
2351
2348
2346
1914
2327
2035
2322
2345
2441
2357
2062
1847
2359
2404
2299
2385
2355
2361
2345
1786
1767
2362
