2239
2247
2023
2228
2229
2236
2251
2253
2245
2253
2201
2213
1828
2310
2143
2231
2238
2237
2236
2236
2194
2217
2185
2215
2228
2257
2071
2246
2197
1732
2241
2199
2260
2224
2307
2312
1789
2347
2361
2418
2099
2443
2448
2340
2416
2142
2005
2017
1981
1925
1885
1821
1860
1879
1847
1901
1424
1843
1781
1821
1895
1889
1818
1835
1803
1723
1781
1775
1749
1834
1908
2059
2113
2165
2003
2322
2412
2421
2411
1965
2366
2384
2381
2349
2112
2357
2303
2329
2376
2304
2419
2449
2456
2430
2407
2407
1720
1988
1983
1924
1900
1785
1829
1873
1841
1811
1691
1867
1541
1692
1873
1891
1884
1847
1765
1797
1848
1690
1667
1771
1793
1910
2137
2197
2293
2344
2189
2404
2429
2398
2509
2371
2353
2377
2397
2276
2364
2252
2271
2379
2149
2397
2452
2442
2421
2401
2287
1556
2003
1476
1917
1879
1850
1865
1857
1777
1827
1760
1803
1860
1845
1841
1799
1423
1829
1813
1740
1765
1745
1718
1809
1453
2116
2147
2236
2291
2404
2346
2399
2057
2372
2394
2436
2317
2355
2386
2239
2320
2373
2376
2377
2040
2389
2377
2410
2441
2395
2045
2036
1937
1943
1800
1877
1857
1792
1460
1747
1479
1841
1877
1572
1879
1847
1825
1790
1845
1785
1860
1709
1783
1721
1747
2000
1981
2134
2237
2331
2340
1924
2496
2381
2378
2360
2413
2335
2321
2389
2341
2397
1975
2345
2395
2403
2406
2439
2398
2399
2359
2022
2127
1978
1873
1846
1903
1857
1591
1818
1819
1791
1817
1886
1877
1791
1808
1848
1779
1735
1719
1672
1775
1759
1745
1651
2047
2088
2161
2268
2288
2333
2337
2377
2385
2004
2387
2272
2367
2407
2259
2349
2351
2335
1815
2379
2377
2409
2405
2119
2285
2169
1631
2000
1986
1912
1701
1834
1660
1873
1849
1712
1884
1861
1799
1549
1431
1898
1519
1791
1856
1781
1318
1869
1735
1784
1919
2061
1694
2215
2303
2311
2356
2353
2359
2351
2353
2356
2377
2377
2355
2248
2349
2303
2395
2413
2184
2429
2421
2325
2383
2407
2075
1809
1508
1937
1883
1893
1881
1793
1837
1371
1888
1841
1872
1472
1853
1846
1831
1757
1719
1757
1671
1669
1693
1765
1383
1901
2164
2165
2199
2276
2293
2335
2314
2297
2327
2403
2399
2371
2333
2429
2376
2371
2372
1832
2431
2051
2393
2387
2414
2386
2375
1983
1883
1969
1909
1895
1809
1849
1813
1775
1819
1811
1591
1773
1620
1823
1793
1755
1787
1727
1719
1701
1459
1759
1732
1823
2093
2109
2226
1716
2321
2315
2345
2191
1999
2337
2354
2354
2369
2374
2385
2391
2433
2384
2437
2408
2445
2428
2384
1960
2369
2201
1993
1989
1941
1967
1843
1840
1775
1791
1821
1857
1789
1430
1793
1813
1861
1901
1729
1713
1705
1391
1741
1770
1800
1749
1604
1604
2151
2215
2213
2303
2187
2333
2303
2365
2301
2388
2368
2396
2333
2239
2364
2299
2385
2202
2422
2420
2372
2421
2419
2235
2017
1851
1937
1873
1908
1833
1791
1389
1811
1829
1780
1831
1811
1760
1786
1753
1681
1491
1667
1717
1317
1727
1751
1727
1827
1981
2159
2191
2211
2259
2231
1928
2283
2289
2313
2297
2315
2343
2339
2389
2372
1847
1916
2368
2132
2438
2311
2356
2369
2327
2261
2303
2295
2340
2273
2311
2249
2329
1783
2293
2056
2269
1919
2404
2251
2263
2261
2280
2271
2283
2275
2269
2295
2263
2272
2311
2299
1748
2093
2310
2231
2295
2281
2253
2287
2193
2263
2295
2247
2249
2260
2177
2243
2171
2255
1999
2283
2261
2263
