2355
2266
2383
2319
2354
2315
2408
2321
2237
2326
2340
2319
2367
2140
2249
2337
1767
2341
2317
2355
2311
2323
2281
2316
2185
2247
2327
2327
2321
2315
2019
2311
2309
2311
2344
2336
2393
2373
2395
2387
2438
2112
2384
2450
2508
2385
2131
1997
1897
1851
1778
1773
1631
1560
1807
1407
1637
1391
1547
1561
1601
1540
1591
1368
1597
1581
1561
1679
1807
1669
1662
1781
1781
1923
2035
2316
2239
2292
2423
2453
2444
2399
2418
2450
2449
2433
2151
2391
2435
2447
2543
2163
2495
2479
2461
2571
2281
2079
2043
1904
1847
1631
1756
1707
1633
1604
1408
1661
1436
1623
1587
1380
1525
1552
1572
1472
1597
1652
1588
1532
1661
1728
1791
1844
2074
2143
2173
2273
2399
2452
2437
2428
1869
2337
2450
2431
2175
2450
2413
2448
2472
2454
2442
2392
2463
2445
2349
2116
2018
1976
1786
1766
1711
1709
1713
1649
1671
1663
1408
1543
1563
1568
1679
1552
1553
1525
1537
1552
1535
1661
1653
1316
1871
1591
2037
1919
2229
2301
2409
2420
2401
2397
2415
2431
2404
2443
1831
2449
2404
2410
2413
2474
2430
2397
2575
2473
2372
2175
2037
1652
1799
1773
1732
1632
1756
1643
1637
1690
1597
1279
1521
1553
1578
1571
1563
1471
1581
1587
1631
1633
1619
1695
1295
1823
2043
2255
2383
2273
2334
2436
2407
2401
2389
2425
2355
2386
2417
2409
2431
2415
2405
2441
2273
2456
2443
2461
2363
2125
1821
1947
1848
1782
1663
1669
1645
1610
1604
1665
1545
1424
1589
1475
1159
1547
1567
1537
1533
1548
1631
1525
1631
1722
1776
1861
2127
2121
2179
2379
2028
2385
2421
2384
2407
2403
2399
2409
2420
2418
1868
2393
2508
2450
2450
2457
2441
2441
1956
2167
2038
1943
1837
1739
1802
1716
1686
1573
1669
1656
1404
1471
1613
1489
1495
1299
1569
1592
1605
1579
1711
1627
1673
1672
1759
1835
1969
2073
2328
2282
2261
2385
2425
2511
2385
2432
2415
2405
2341
2409
2403
2427
2427
2293
2469
2348
2470
2243
2004
2211
2053
1917
1834
1415
1721
1647
1839
1682
1615
1671
1579
1590
1616
1500
1645
1499
1488
1399
1583
1605
1581
1574
1653
65024
65024
65024
65024
65024
65024
65024
65024
65024
65024
65024
65024
65024
65024
65024
65024
65024
65024
65024
65024
65024
2514
2404
2221
1885
1913
1767
1769
1699
1663
1244
1455
1580
1597
1653
1533
1597
1303
1644
1616
1615
1255
1724
1596
1591
1666
1687
1729
1838
1949
1654
2164
2255
2338
1903
2481
2256
2468
2089
2469
2461
2452
2437
2371
2477
2503
2351
2228
2493
2491
2477
2514
2342
2145
1979
1845
1812
1721
1737
1711
1646
1629
1669
1665
1685
1636
1613
1637
1207
1599
1533
1492
1625
1573
1629
1327
1654
1779
1783
1923
2079
1999
2292
2347
2429
2455
2469
2481
2453
2468
2481
2532
2459
2425
2455
2465
2479
2418
2393
2509
2492
2509
2337
2150
2065
1923
1815
1782
1725
1759
1645
1631
1471
1681
1617
1529
1618
1637
1607
1517
1625
1605
1507
1653
1616
1685
1695
1745
1831
1869
2031
2183
2067
2292
2400
2167
1855
1878
1879
2411
2397
2357
2422
2407
2052
1948
2509
2448
2470
2442
2488
2422
2451
2471
2523
2485
2455
2490
2493
2278
2423
2437
2453
2421
2478
2283
2419
2314
2453
2431
2436
2420
2388
1832
1921
2411
2455
2147
2399
2375
2156
2403
2173
2323
2353
2216
2367
2398
2021
2367
2389
2406
1849
2415
2411
2345
2415
2412
1933
2429
1847
2384
2335
2405
2435
2333
2413
2359
2408
