3089
3095
2461
3069
3189
3165
3095
3199
2837
3098
3101
3085
2998
3189
2639
3122
3060
3125
3125
2735
3113
2749
3127
3189
3207
3119
3115
3094
3093
3143
3189
3004
3079
3103
3136
3059
3125
2489
3217
3302
2923
3358
3344
2863
3275
2660
3213
2992
3013
2929
2907
2836
2961
2415
3046
2989
2975
2980
2996
2303
2949
2952
2878
2853
2881
2826
2821
2693
2683
2742
2733
2852
2981
3127
3313
3322
2858
3383
3383
3383
2788
3140
3362
3249
3317
3249
3237
2701
3315
3327
3291
3428
3517
3453
3419
3303
3417
3155
3081
2996
2752
2901
2821
2965
2885
2911
2303
2939
2921
2853
2912
2792
2882
2287
2707
2809
2608
2753
2657
2689
2736
2853
3012
2815
3249
3344
3374
3405
3326
3301
3285
3265
3117
3320
3261
3279
3220
3324
3286
2620
3415
3413
3473
3437
3462
3333
3345
3199
3008
2969
2686
2825
2792
2340
2877
2900
2916
2512
2892
2800
2832
2891
2657
2788
2717
2813
2863
2736
2655
2725
2685
2871
3107
3167
3319
3331
3381
3516
3348
3405
3306
3301
2583
3263
3241
3270
2955
3225
3261
3205
3039
3463
3376
3535
3380
3431
3371
3165
2979
2655
2959
2832
2933
2994
2941
2982
2887
2949
2875
2847
2910
2899
2834
2799
2633
2519
2511
2746
2624
2708
2796
2876
3029
3185
3365
2979
3371
3343
3423
2660
3367
3281
3349
3293
3291
3369
3123
3301
3104
2961
3423
3436
3421
3466
3487
3397
3218
3125
3049
2981
2898
2857
2903
2919
2925
2989
2887
2935
2897
2955
2899
2863
2821
2807
2820
2777
2741
2649
2711
2711
2773
2884
3173
3173
3307
3375
2679
3382
3381
3287
3124
3323
3269
3253
3263
2606
3027
3031
3320
3124
3289
3449
3353
3469
3453
3423
3155
3121
2935
2941
2869
2852
2949
2899
2953
2980
2903
2933
2887
2865
2869
2901
2359
2932
2833
2823
2765
2672
2719
2780
2861
3053
3141
3205
3355
3310
3289
3353
2943
3277
3286
3324
3245
3201
3335
3327
3269
2896
3273
3333
3349
3401
3450
3033
3318
3439
3091
2583
2933
2884
2904
2787
2940
2985
2820
2981
2823
2881
2813
2911
2882
2884
2543
2815
2827
2796
2795
2696
2645
2743
2582
2963
3121
3216
3317
3341
2943
3088
3313
3335
3319
3282
2583
3337
3112
3257
3285
3315
3321
3306
3461
3485
2679
3492
2773
3365
2833
3031
2997
2605
2647
2911
2973
2871
2473
2973
2763
2981
2827
2885
2837
2925
2773
2855
2807
2781
2725
2711
2725
2699
2765
2955
3047
3147
3373
3364
3288
3399
3354
3285
3281
3261
3049
3191
3255
3309
3260
3311
3364
3365
3475
3471
3513
3430
3382
3183
3189
2420
2357
2909
2370
2919
2928
2909
2925
2952
2933
2276
2935
2892
2806
2788
2785
2647
2769
2771
2756
2199
2650
2592
2841
2957
3093
3287
3367
3469
3415
3373
3413
3392
3271
3350
3297
3261
3271
3299
3353
3307
2597
3275
3420
3463
2911
3371
3325
3363
3044
3021
2981
2871
2805
2893
2409
2931
2911
2967
2886
2983
2375
2949
2260
2888
2423
2804
2792
2741
2708
2711
2591
2733
2844
3013
3142
3301
3275
3333
3414
3042
3303
3349
3253
3274
3333
3327
3236
2925
3293
2911
3303
3304
3338
3235
3248
3285
3277
3240
3333
3220
3245
3230
3329
3265
3280
3245
3319
3234
3255
3277
3197
2731
3249
3237
3287
3027
3255
3213
3236
3161
3260
3157
3181
3291
3303
3305
3209
3308
3218
3285
3204
3325
2518
3206
3138
3315
3227
2959
3277
3324
3293
3211
3167
3301
3165
3207
3228
3165
3184
3167
3045
3279
