2347
1876
2351
2371
2359
1791
2504
2386
2379
2371
2385
2396
2343
2348
2384
2351
2385
2384
1994
2371
2387
2118
2404
2301
2004
2367
2271
2384
2394
2370
2280
2396
2389
2361
2381
2372
2416
1799
2475
2457
2580
2501
2397
2489
2431
2443
2479
2487
2522
2100
1961
1831
1383
1756
1841
1791
1769
1709
1603
1595
1407
1653
1639
1639
1610
1649
1613
1647
1639
1655
1724
1723
1507
1821
1967
2101
2147
2239
2364
2393
2477
2280
2475
2419
2431
2447
2429
2015
2457
2441
2476
2469
2463
2509
2457
2013
2071
2513
2351
1961
1855
1836
1835
1824
1783
1804
1676
1495
1621
1623
1708
1299
1637
1605
1619
1621
1423
1609
1687
1772
1629
1675
1777
1832
1991
2124
2209
2288
2383
2470
2468
2436
2543
2434
2361
2377
2481
2431
2479
1942
2498
2505
2481
2515
2503
2530
2475
2575
2059
1479
1903
1788
1790
1583
1802
1709
1669
1653
1581
1621
1559
1397
1607
1605
1605
1440
1648
1276
1743
1156
1600
1637
1719
1812
1967
2121
1868
2255
2358
2415
2428
2419
2437
2399
2470
2441
2497
2483
2639
2527
2588
2489
1895
2503
2478
2163
2483
2492
1957
1887
1835
1791
1819
1791
1831
1771
1735
1637
1653
1509
1613
1580
1607
1709
1587
1455
1627
1584
1493
1432
1616
1719
1797
1991
2075
1628
2189
1923
2396
2320
2435
2431
2453
2417
2477
2441
1968
2497
2640
2576
2496
2402
2494
2501
2410
2535
2528
2261
2009
1919
1783
1771
1699
1869
1739
1386
1636
1597
1191
1569
1594
1463
1605
1615
1577
1363
1236
1519
1558
1649
1491
1599
1797
1808
1962
2132
2243
2241
2346
2449
2453
2256
2469
2448
2423
2446
2505
2409
2480
2350
2117
2550
2479
2482
2491
2490
2482
2548
2058
1937
1933
1484
1736
1854
1827
1782
1669
1363
1605
1639
1533
1591
1505
1589
1559
1533
1315
1575
1533
1439
1617
1335
1661
1803
1983
2065
2224
2231
2301
2421
2422
2455
2414
2439
1879
2268
2463
2459
2527
2487
1956
2511
1976
2492
2469
2455
1980
2533
2041
1929
1842
1738
1761
1745
1729
1677
1663
1639
1271
1594
1553
1589
1303
1561
1545
1582
1628
1668
1653
1559
1677
1599
1711
1815
1981
2092
2080
2287
2343
2364
2459
2096
2407
2405
2466
2454
2175
2191
2443
2487
2498
2393
2477
2575
2127
2497
2453
2493
2134
1923
1752
1691
1801
1825
1793
1783
1379
1665
1656
1558
1553
1511
1577
1529
1417
1549
1566
1620
1776
1669
1573
1629
1576
1777
1917
2101
2060
2147
2271
2369
2461
2492
2469
2440
2423
2455
1903
2511
2483
2572
2119
2528
2536
2479
2335
2463
2460
2441
2199
1981
1479
1783
1803
1791
1749
1787
1685
1220
1221
1571
1585
1510
1592
1511
1573
1560
1627
1613
1743
1649
1627
1736
1726
1783
2009
2067
2177
2212
2308
2437
2391
2280
2469
2372
2409
2451
2460
2463
2063
2516
2500
2575
2481
2505
2347
2462
2473
2367
2003
1832
1791
1865
1760
1727
1809
1711
1677
1600
1471
1668
1278
1583
1573
1489
1481
1572
1327
1564
1527
1621
1685
1559
1706
1466
1988
2081
2165
2271
2109
1895
2429
2441
2458
2423
2458
2424
2360
2459
2469
2497
2459
1876
2488
2417
2425
2474
2495
2301
2476
2464
2469
2450
2215
2451
1858
2409
2483
2552
2379
2543
2540
2467
2462
2469
2479
2445
2395
2449
2429
2408
2083
2436
2431
2385
2463
2435
2425
2275
2391
2467
2544
2405
2355
2385
2406
2408
2399
2500
2421
2443
2425
2443
2449
2410
2336
2429
1876
2461
2399
2504
