2527
2529
2612
2567
2573
2181
2533
2515
2533
1988
2572
2564
2600
2549
2585
2404
2527
2590
2543
2534
2495
2522
2597
2366
2495
2573
2534
2495
1965
1997
2535
2549
2519
2528
2569
2640
2575
2555
2542
2557
2602
2617
2577
2603
2529
2637
2583
2026
2621
2358
2618
2321
2243
2253
1748
2145
2121
1964
2074
2049
2038
2068
2067
2087
2067
2059
1982
2046
1951
1947
1983
1973
2007
1556
2013
1672
2211
2303
2429
2537
2426
2611
2507
2381
2621
2615
2496
2604
2621
2642
2585
2626
2520
2013
2563
2467
2619
2302
2719
2683
2649
2179
2269
2178
2195
2165
2044
2099
2084
2061
1969
2064
2140
2067
1989
1981
2023
1927
1957
2007
1919
2003
2002
2011
2080
2032
2069
2223
2463
2519
2533
2514
2605
2440
2537
2622
2602
2559
2621
2647
2549
2605
2555
2428
2638
2625
2479
2596
2626
2623
2639
2313
2276
2202
2163
2154
2165
2137
2085
1552
2093
1663
2047
2057
1931
1963
1921
1887
1970
1976
1985
2007
2000
1655
2083
2122
2153
2220
2394
2083
2513
2516
2606
2581
2577
2700
2614
1959
2581
2591
2435
2640
2513
2581
2615
2626
2575
2158
2637
2748
2672
2112
2275
2188
1718
2069
1558
1811
2052
2053
1770
1973
2063
1612
2005
1967
1959
1995
1975
2095
2038
2069
2021
2079
2153
1589
2129
2177
2359
2604
1893
2220
2569
2618
2331
2383
2640
2627
2605
2571
2565
2621
2569
2611
2704
2163
2537
2695
2600
2628
2531
1820
2045
1758
2166
2140
1907
2007
2081
1986
1940
2112
2069
1983
1979
1982
1929
1943
1747
1909
1948
1925
1989
1919
1973
2038
2079
2285
2305
2451
2498
2539
2645
2529
2565
2577
2607
2549
2569
2570
2593
2521
2738
2638
2591
2603
2629
2623
2015
2641
2671
2393
2261
2192
2143
2072
2076
2083
2023
2058
1799
2039
2057
1955
1985
1984
2019
1976
1930
1951
2045
2013
2074
2043
2076
2079
2105
2159
1984
2448
2268
2377
2547
2549
2549
1960
2565
2370
2601
2565
2576
2618
2470
2619
2639
2047
2132
2609
2649
2647
2555
2352
2241
2207
2143
2087
2089
1643
2066
1828
1997
1981
1973
2004
1963
2019
1974
1970
2007
2071
1736
1581
2070
1901
2095
2087
2117
2351
2495
2408
2434
2503
2581
2166
2604
2542
2580
2606
2300
2641
2586
2463
2553
2127
2605
2323
2159
2633
2635
2571
2679
2345
2241
2111
2171
1630
2121
2093
2045
2047
2005
1663
1979
1973
1927
2013
1925
1788
1959
2087
2033
2077
2065
2045
2112
2138
2235
2273
2393
2435
2417
2392
2575
2581
2513
2609
2564
2617
2602
2613
2605
2367
2597
2583
2612
2555
2615
2550
2610
2638
2631
2419
2303
2187
2163
2191
2040
2074
1623
1987
2005
1996
2014
2012
1959
1775
1977
1893
1951
2021
2084
2021
2023
1807
2101
2155
2160
2286
2377
2192
2376
2469
2557
2654
2587
2740
2550
2610
2602
2585
2586
2602
2599
2547
2629
2605
2625
2649
2175
2628
2060
2519
2264
2257
2205
2161
2071
1754
2077
2012
2001
2080
2059
1978
2029
1981
1945
1964
2011
2065
2068
2117
2131
2093
1963
2111
2057
2253
2381
2503
2515
2471
2175
2645
2580
2598
2708
2619
2303
2640
2544
2571
2249
2645
2546
2538
2527
2608
2577
2524
2602
2567
2607
2623
1957
2597
2260
2588
2621
2618
2597
2495
2629
2669
2551
2629
2580
2581
2597
2611
2631
2597
2590
2355
2609
2057
2580
2623
2531
2614
2541
2638
2613
2523
2589
2529
2264
2581
2583
2613
2607
2583
2611
2567
2481
2545
2557
2539
2023
2555
