2147
2183
2201
1750
2096
2189
2192
2191
2181
2128
2177
2165
2145
2167
2162
1996
2194
2191
2228
2187
2188
2165
2187
2213
2193
2187
2260
2189
2152
2157
2163
2163
2187
2217
1980
2263
2207
2349
2308
2371
2367
2296
2387
2024
2142
2188
2021
1973
1895
1821
1687
1460
1709
1619
1819
1759
1660
1687
1733
1673
1503
1693
1601
1674
1633
1613
1759
1475
1696
1655
1775
1900
2032
2013
2199
2362
2345
1845
2289
1767
2343
2323
2315
2314
2320
1783
2317
2345
2318
2333
2381
2429
2356
2414
2415
2251
2055
1974
1877
1861
1776
1765
1791
1775
1742
1584
1656
1555
1677
1701
1689
1703
1677
1427
1601
1575
1567
1740
1655
1695
1747
1927
1636
2135
2217
2132
1839
1791
2466
2335
2327
2433
2317
2336
2295
2302
2338
1911
2356
2367
2386
2382
1820
2394
2398
2225
2010
1986
1841
1791
1810
1697
1733
1671
1755
1711
1728
1733
1691
1695
1622
1775
1668
1335
1585
1583
1657
1631
1713
1757
1821
1978
2079
2141
2337
2309
2355
2468
2415
2227
2357
2167
2359
2342
2197
2341
2211
2303
2339
2407
2430
2380
2239
2357
2332
2159
1511
1943
1801
1762
1701
1679
1669
1741
1287
1423
1734
1721
1644
1621
1655
1661
1642
1605
1637
1594
1279
1690
1669
1741
1812
1945
2079
2251
2370
2216
2164
2320
2303
2351
2307
2358
2348
2303
2192
2289
2329
2257
2383
2381
2378
2393
2403
2445
2244
2057
1993
1484
1853
1772
1727
1723
1735
1669
1712
1676
1640
1635
1704
1621
1637
1579
1582
1644
1633
1662
1584
1300
1743
1690
1861
2068
2135
2269
2309
2143
2346
2286
2290
2363
2313
2351
2225
2295
2298
2295
2375
2319
2343
2423
2429
2401
2423
2341
2113
2057
2015
1868
1767
1799
1695
1685
1705
1807
1651
1759
1716
1683
1693
1669
1674
1736
1669
1589
1389
1649
1641
1685
1697
1745
1993
2121
2155
2239
2327
2398
2330
2347
2325
2321
2334
2357
2295
2320
2293
2383
2307
2348
2337
2407
2373
2369
2195
1951
2121
1679
1936
1815
1788
1782
1667
1721
1759
1757
1796
1731
1695
1699
1743
1686
1649
1371
1616
1540
1597
1684
1685
1681
1765
1626
1883
2112
2245
2349
2012
2349
2355
2377
2321
2361
2314
2313
2296
1877
2307
2357
2359
2244
2029
2405
2251
2415
2341
2151
2084
1951
1848
1967
1764
1709
1649
1717
1670
1844
1646
1599
1695
1617
1310
1602
1689
1645
1212
1379
1572
1368
1659
1695
1805
1940
2084
2288
2297
1736
2303
2289
2332
2311
2335
2377
1775
2307
2303
2345
2333
2291
2325
2365
2432
2413
2405
1807
2226
2142
1644
1967
1895
1791
1721
1800
1839
1407
1285
1648
1711
1621
1669
1653
1671
1599
1709
1471
1565
1653
1724
1657
1633
1708
1727
2005
1663
2150
2317
2324
2357
2299
2285
2296
2347
2209
2320
2309
2233
2337
2302
2347
2325
2390
2397
2289
2343
2339
2158
2149
1489
1856
1869
1741
1713
1611
1655
1807
1645
1775
1780
1703
1687
1621
1244
1637
1645
1299
1621
1222
1199
1485
1704
1359
1856
1987
2115
2263
2443
2289
2351
2235
2233
2339
2322
2159
1780
2328
1799
2301
1939
2303
2325
2279
2261
2271
2310
2303
2303
2260
2260
2271
2175
2272
2271
2225
2372
2288
2264
2256
2261
2289
1999
2351
2234
2256
2260
2175
2271
2279
2236
1741
2279
1904
1837
2199
2253
1791
2226
2095
2260
2237
2207
1730
2356
2335
2271
1830
2250
2022
2211
2245
2227
1759
2251
2239
2271
2219
2351
2246
2235
2243
2249
1954
1959
2250
