3007
3037
2955
3006
3036
2989
2997
2971
2949
3119
2949
2807
2933
2517
2926
2938
2972
2941
2965
3029
2991
2945
2925
2972
2993
3012
3006
2836
2969
2939
2985
2985
2945
3009
2997
3003
2519
2997
2505
3045
3045
3047
2883
3241
3255
3262
3327
3221
3210
3205
3066
2995
3059
3042
2748
3024
3021
2997
2985
3015
2975
2917
2927
2965
2777
2972
2917
2933
2949
2909
2948
2887
2815
2709
3142
3239
3190
3323
2847
2753
3271
3191
2973
3028
3200
3141
3213
3208
3167
3152
2566
3217
3243
3271
3055
3325
3321
3292
3173
3205
3069
3017
2997
3037
3071
2993
2927
2303
2927
2916
2979
2959
2333
2847
2273
2961
2949
2896
2876
2862
2791
2869
2833
3098
3058
3153
3185
3287
3265
3317
3277
3140
3222
3205
3143
3227
3145
3171
3081
3093
3165
3048
3173
3276
3285
2850
3288
3219
3217
3138
3103
2988
2993
3076
3045
3019
2915
2540
2965
2953
2997
2943
2897
2421
2839
2992
2897
2943
2960
2901
2851
2821
2902
2972
3015
3167
2757
3290
3281
3185
2943
3224
3314
3159
3234
3155
3189
2607
3057
3039
3092
2841
3167
3188
3319
3245
3351
3375
3171
3173
3141
3017
3042
3092
3047
2978
2950
3005
2970
2931
2717
2913
2996
2965
2958
2887
2797
2933
2933
2869
2292
2786
2837
3001
3183
3067
3248
3265
3269
3267
3225
3231
3263
3034
3215
2899
3163
3189
3081
3139
3155
3089
3093
3287
3261
3284
3327
3204
3191
2984
3019
2977
3039
3049
2581
2996
3059
3081
3031
2973
2981
2949
2397
2967
2949
2933
2916
2969
2877
2439
2855
2780
2931
3025
3167
3113
3280
3156
3325
3255
3249
3214
3195
3239
3181
3220
3117
3125
3114
3209
3110
2916
3113
3175
2583
3301
2551
3153
3216
3077
3057
3045
2975
2993
3041
3019
3004
2937
2967
2939
2995
2973
2993
3039
2917
2888
2981
2635
2961
2815
2841
2806
2483
2572
2655
2695
3241
3345
2999
3279
3237
3209
3189
2827
3230
2599
3189
3057
3103
3125
3100
3039
3255
2583
3229
3245
3249
3236
3202
3043
3029
2997
3027
2799
2988
2788
2975
3007
2961
2933
2932
2961
2375
2956
2977
2909
2949
2911
2951
2837
2895
2802
2827
2723
3053
3121
3157
3237
3349
3287
3167
3170
3181
2677
3131
3099
2831
3173
2404
3181
3084
3089
2621
3039
3219
3371
3239
3255
3213
3025
3063
2845
3059
3071
3021
3039
3117
3029
2735
2939
2975
3005
2900
2941
2887
2981
2728
2935
2893
2870
2813
2819
2579
2933
3093
3163
3325
3249
3293
3163
2819
3257
2660
3053
3157
3111
2896
3143
3156
3002
3195
3129
3163
3225
3284
3333
3265
3261
3238
2461
2983
2949
2957
2981
3031
3019
3009
2987
2943
2928
2906
2991
2945
2961
2901
2953
2971
2904
2937
2877
2757
2761
2857
2969
3067
3135
3226
3229
3274
3167
3165
3217
3133
3107
3111
2439
3143
3094
3089
3129
3163
3119
2752
3195
3085
3245
3229
3253
3106
3159
3060
2937
2783
2471
3045
2959
2995
2957
2933
2965
2873
2407
2881
2951
2953
2757
2923
2951
2477
2531
2783
2765
2876
2636
2901
2517
3159
3337
3356
3260
3263
3215
3253
3221
3185
3211
3135
3167
3130
3125
3053
3100
3049
3137
3107
3095
3089
2961
3149
3019
2920
3059
3039
2865
3093
3039
3058
3027
3026
3111
3208
2755
3129
3045
3117
2824
2935
3125
3064
3132
3098
2636
3077
2997
3035
3015
2888
3071
3029
3053
3086
3053
3025
3005
3037
2977
3085
3057
2423
3045
3049
3049
3054
3007
2997
3105
2933
2994
3031
2481
