2483
2513
2191
2344
2503
2578
2500
2453
2515
1967
2500
2497
2377
2502
2466
2409
2518
2517
2548
1863
2516
2493
2324
2485
2490
2475
2483
2491
2477
2481
2367
2488
2348
2511
2514
2607
2515
2531
2531
2546
2576
2671
2640
2415
2267
2211
2046
2145
2104
2047
2185
2064
2065
1951
2022
2021
1672
1881
1973
1896
2068
1949
2017
1981
1805
2004
2033
1511
2039
1951
1988
2134
2111
1678
2573
2537
2519
2379
2539
2239
2540
1964
2519
2558
2575
2529
2568
2594
2569
2598
2609
2629
2367
2317
1956
2231
2135
2079
2101
2016
2031
2013
1636
1973
1989
1989
1907
1973
1962
1679
1905
1947
1892
1971
1981
1969
1957
1919
2059
1974
2119
2421
2475
1877
2453
2371
2531
2510
2364
2527
2571
2527
2544
2684
2559
2568
2508
2433
2325
2601
2583
2637
2425
1767
2256
2179
2177
2082
2039
1779
1983
1985
1508
1999
1967
1720
1916
1895
1969
1894
1907
1993
2005
2020
1512
1966
1975
2007
1981
1981
2448
2374
2319
2501
2483
2733
2335
2535
2518
2558
2546
2465
2095
2542
2517
2532
2237
2495
2535
2367
2603
2184
2463
2010
2203
2181
2219
2043
2067
1989
1951
1905
1973
1907
1973
1909
1812
1941
2004
1943
1950
1921
1511
1981
2053
2027
2159
1979
2166
2057
2479
2435
2466
2492
2449
2525
2531
2408
1964
2535
1924
2551
2558
2543
2511
1922
2515
2046
2676
2531
2135
2068
1922
2257
2201
2175
2223
2067
2075
1988
1476
1937
1907
1935
1964
1882
1875
1957
1946
1959
1953
1951
2019
2007
1904
2039
1997
2007
2080
2071
1927
2335
2461
2459
2409
2530
1913
2495
2566
2510
2549
2115
2527
2549
2483
2517
2516
2525
2495
2593
2612
2495
2364
2284
2099
2088
2073
2023
1743
2034
1999
1919
2004
1911
1955
1963
1935
1929
1955
1885
1631
1961
1966
1953
2037
2047
1956
1540
2072
2025
2239
2441
2428
2501
2489
2555
2212
2527
2547
2542
2545
2576
2467
2538
2535
2537
2493
2517
2541
2557
2521
2527
2116
2217
2231
2171
2170
2255
1667
1951
1855
1933
1978
1953
1982
1908
1924
1925
1571
1957
1799
1889
1983
2056
2009
1841
1993
2027
1575
2009
1799
2426
2147
2471
2499
2537
2498
2538
2323
2529
2507
2070
2116
2523
2525
2519
2519
2539
2638
2608
2319
2601
2435
2415
2245
1637
2168
2143
1999
2012
2007
1951
1965
2079
1971
1891
1479
1831
1873
1841
1933
2006
1947
2001
2034
2013
1811
2021
1497
2420
2321
2462
2463
2466
2469
2340
2459
2517
2495
2527
2547
2541
2656
2143
1895
2578
2349
2571
2566
2567
2590
2703
2227
2297
2261
2372
2141
2107
2023
1951
1954
2011
1993
1957
1989
1655
1520
1897
1896
1955
1987
1607
1987
1932
2039
1985
1604
2047
2173
2303
2349
2330
2436
2439
2524
2548
2541
2539
2558
2131
2481
2529
2118
2176
2426
2623
2417
2555
2474
2533
2620
2574
2372
2247
2218
2117
2105
2034
2045
2015
1940
2005
1882
1918
1972
1907
1980
1873
1905
2068
1942
1937
2013
1925
1916
1962
2025
1728
1992
2033
2357
2466
2477
2475
2479
2449
2518
2147
2551
2519
2292
2533
2494
2516
2567
2538
2618
2629
2522
2175
2529
2515
2210
2503
2607
2553
2587
2555
2570
2535
2064
2607
2583
2577
2535
2574
2513
2455
2519
1959
2485
2487
2431
2496
2475
2527
2500
2531
2505
2469
2531
2440
2526
2484
2513
2528
2351
2473
2054
2518
1911
2419
2490
2315
2479
2471
2463
2522
2480
2379
2491
2607
2512
2481
2471
2503
2519
2511
2453
2020
