2199
2173
2198
1947
2177
2143
2153
2313
1827
2201
2096
1955
2213
2149
2072
2145
2191
2163
2167
2152
2213
1698
2143
1790
2255
2191
2179
1703
2165
2187
2175
2213
2255
2252
2125
2283
2095
2315
1891
2346
2236
2208
2327
2341
2323
2366
2422
2350
2354
2317
2160
2123
1987
1972
1851
1799
1383
1667
1232
1564
1537
1619
1457
1421
1231
1413
1409
1487
1364
1361
1461
1461
1052
1483
1313
1351
1340
1430
1323
1437
1500
1471
1467
1423
1451
1465
1573
1347
1647
1565
1543
1543
1680
1349
1779
1756
1495
1957
1676
2025
2132
2169
2193
2295
2331
2343
2335
2357
2356
1862
2179
2344
2299
2309
1786
2348
2349
2295
2324
2309
2300
2333
2357
2319
2349
2102
2337
2350
2327
2341
2370
2331
2327
2252
2219
2167
1588
1823
1727
1709
1735
1659
1647
1569
1572
1497
1541
1415
1471
1455
1371
1317
1367
1093
1516
1339
1429
1381
1439
1030
975
1279
1415
1431
1311
1249
1365
1409
1524
1387
1452
1479
1549
1567
1567
1617
1543
1647
1791
1861
1824
1957
2071
2161
2181
2184
2231
2353
2311
2333
2456
2339
2239
2186
2287
2318
2369
2356
2332
2277
2361
2153
2329
2383
2375
2382
2363
2390
2342
2340
2338
2412
2321
2323
1982
2147
2259
2271
2189
2203
2053
1943
1831
1763
1783
1707
1656
1647
1575
1573
1541
1652
1551
1556
1546
1299
1124
1423
1447
1424
1535
1511
1406
1508
1416
1452
1445
1395
1493
1379
1434
1387
1381
1463
1395
1485
1103
1469
1562
1613
1709
1747
1727
1922
1887
1989
2073
1644
2161
1728
2315
2325
2343
2298
2028
2380
2382
2327
2349
2340
2289
2245
2363
2369
2227
2321
2327
2341
2375
2380
1719
2371
1965
2016
2447
2359
2367
2313
2067
2330
2295
2265
2143
2157
1994
1914
1847
1749
65024
65024
65024
65024
65024
65024
65024
65024
65024
65024
65024
65024
65024
65024
65024
65024
65024
65024
65024
65024
65024
1455
1455
1476
1415
1522
1436
1417
1447
1523
1396
1643
1533
1677
1729
1511
1950
1971
2173
2157
2178
2267
2303
2115
1828
2228
2323
2317
2357
2285
2309
2267
2397
1801
2353
2346
2076
2313
2044
2337
2047
2392
2353
2406
2332
2341
2341
2335
1775
2327
2456
2327
2325
2325
2221
1872
2015
1911
1857
1735
1599
1420
1682
1695
1691
1681
1727
1651
1533
1628
1498
1574
1220
1488
1589
1510
1451
1182
1558
1626
1597
1505
1230
1477
1540
1509
1495
1495
1235
1569
1162
1530
1571
1613
1617
1583
1689
1884
1861
1909
1983
2083
1983
2101
2265
2380
2359
2279
2308
2299
2322
1978
2413
2436
2357
1965
2083
2123
2357
2256
2289
2310
1911
2331
2335
2039
2375
2359
2387
2389
2357
2044
2376
2322
1894
2289
2362
2291
2252
2033
1989
1925
1755
1798
1775
1663
1745
1768
1709
1807
1664
1615
1669
1527
1488
1598
1588
1524
1541
1572
1505
1583
1423
1228
1164
1325
1537
1518
1549
1176
1577
1140
1489
1480
1407
1668
1573
1607
1613
1617
1605
1791
1853
1992
2096
2127
2174
2193
2193
2244
2388
2343
2323
2358
2233
1831
2337
2349
2337
2317
2352
2055
1716
2324
2110
1767
2302
2347
2297
2349
2351
2328
2392
2277
2327
2309
2327
2275
2347
2293
2295
2213
2015
1881
1700
1825
1596
1719
1368
1709
1748
1278
1607
1534
1527
1527
1588
1584
1567
1553
1583
1100
1533
1559
1446
1450
1544
1419
1515
1413
1437
1343
1518
1413
1419
1464
1387
1417
1191
1541
1590
1612
1609
1575
1738
1841
1864
1479
2063
2085
1720
2189
2259
2326
2305
2351
2207
2396
2273
2325
2320
2261
2314
2412
2287
2270
2281
2301
1935
2367
2293
2329
2325
2367
2103
2271
2293
2295
2243
2277
1815
2321
2290
2099
2303
1999
1911
1759
1852
1723
1753
1310
1701
1627
1623
1667
1721
1629
1569
1600
1429
1447
1541
1541
1477
1031
1485
1527
1411
1385
1399
1237
1439
1132
1480
1473
1369
1399
1471
1477
1389
1445
1483
1269
1489
1519
1567
1689
1788
1809
1748
2013
2061
2035
2083
2228
2183
2225
2228
2228
2301
2291
2244
1791
2262
2267
2228
2249
2245
2309
1804
1976
2175
2304
2293
2281
2382
2113
2257
2269
2259
2319
2251
2254
2302
2292
2193
2282
2139
1928
1876
1793
1769
1731
1712
1675
1663
1556
1593
1680
1520
1575
1600
1491
1343
1498
1392
1520
1439
1433
1471
1397
1473
1482
1416
1349
1465
1385
1447
1455
1425
1474
1493
1410
1445
1415
1544
1629
1573
1543
1618
1686
1551
1920
1943
1805
2036
1791
2175
1605
2213
2213
2229
2207
2275
2301
2293
2209
2278
2259
1956
2263
2332
2233
2247
2263
2263
2181
2229
2284
2256
2288
2247
2068
2206
2260
2269
2289
2241
2233
2242
2258
2041
1956
1738
1759
1773
1603
1673
1712
1584
1653
1613
1492
1457
1509
1387
1525
1449
1367
1407
1384
1375
1321
1383
1401
1062
1389
1393
1369
1243
1341
1411
1411
1319
1409
1399
1462
1502
1375
1203
1545
1549
1621
1712
1776
1373
1863
2020
2033
2076
2164
2173
2239
2256
2277
2295
1879
2298
2235
2237
2286
2262
2269
2283
2225
2365
2239
2279
2285
2269
2229
2279
1757
1757
2221
2253
2295
2285
1870
2290
1719
2326
2271
2327
2231
2175
1761
1735
1555
1681
1607
1661
1643
1572
1591
1571
1573
1078
1397
1515
1429
1411
1496
1444
1433
1404
1360
1424
1445
1335
1349
1341
1551
1229
1487
1336
1066
1287
1340
1437
1510
1419
1477
1555
1456
1519
1607
1687
1871
1781
1455
1937
2075
2115
2100
2113
2145
2161
1971
2319
2141
1807
2199
2137
2180
2167
2216
2192
2140
2248
1952
2149
2149
2206
2198
2151
2157
2121
1734
2141
2169
2098
2207
2179
2249
2247
2277
1805
1885
1747
1701
1475
1768
1708
1618
1637
1572
1533
1231
1553
1453
1445
1197
1435
1442
1439
1135
1004
1348
1373
1551
1383
1383
1407
1296
1363
1381
1267
1269
1275
1399
1439
1377
1387
1479
1451
1477
1543
1486
1616
1677
1673
1759
1752
1978
2036
2087
2001
1928
2044
2073
2097
2117
2159
2165
2104
2133
2079
2119
2135
1952
2095
2167
2082
2021
2115
2105
2124
2101
2064
2053
1663
2101
2151
2099
2159
2192
2302
2237
1767
2263
2112
1681
1741
1777
1719
1443
1276
1732
1654
1343
1639
1493
1605
1255
1461
1134
1540
1436
1453
1457
1445
1428
1397
1309
1344
1405
1385
1039
1031
1484
1373
1317
1383
1404
1293
1365
1481
1343
1413
1540
1541
1516
1558
1717
1761
1807
1948
1795
1881
1949
2004
1607
2045
2069
2001
1596
2041
2059
1556
2055
1979
1977
2117
2053
1999
1987
1891
1574
2042
1973
1945
2079
1987
2097
2108
2123
1566
2155
2171
2183
2129
2280
2231
2071
1835
1736
1789
1827
1791
1757
1647
1633
1661
1567
1604
1607
1463
1541
1531
1353
1451
1341
1331
1318
1391
1395
1407
1369
1332
1381
1303
1281
1293
1375
65024
65024
65024
65024
65024
65024
65024
65024
65024
65024
65024
65024
65024
65024
65024
65024
65024
65024
65024
65024
65024
2023
2057
2042
2073
2022
2080
2013
2059
2033
2115
2023
2053
1711
1648
2087
2105
1983
1669
1975
2129
2172
2219
2145
2262
2217
1919
2271
2149
2180
1939
1663
1997
1791
1753
1695
1757
1701
1661
1562
1649
1533
1469
1393
1092
1363
1373
1479
1420
1363
1431
1393
1359
1429
1439
1512
1276
1431
1279
1319
1117
1277
1365
1276
1447
1439
1465
1100
1492
1421
1605
1439
1699
1271
1255
1710
1821
1372
1709
1865
1963
2121
2114
2032
2015
2101
2093
2079
2146
2121
2115
2134
1789
2083
2103
2163
1589
2135
2139
2288
2164
2212
2213
2221
2300
2212
2257
2219
2267
2248
2223
2143
2191
2104
1992
2004
1951
1891
1759
1791
1757
1733
1599
1621
1562
1589
1503
1226
1501
1465
1477
1407
1517
1395
1063
1320
1335
1297
1349
1263
1343
1406
1376
1429
1333
1301
1321
1437
1435
1479
1413
1068
1407
1540
1509
1491
1575
1754
1815
1735
1777
1785
1828
1852
2128
2119
2118
2207
2119
1900
2197
2179
2183
2148
2195
2221
1769
2152
2036
2176
2169
2169
2218
2192
1919
2239
1875
2227
1791
2261
2258
2263
2075
2281
2263
2230
2219
2137
2024
1655
1985
1927
1841
1789
1755
1484
1707
1665
1589
1567
1636
1436
1199
1521
1381
1171
1393
1365
1463
1421
1349
1443
1411
1375
1357
1349
1431
1382
1405
1387
1428
1429
1397
1460
1240
1473
1411
1552
1452
1613
1547
1707
1718
1753
1839
1805
1935
1564
2111
2133
2108
2138
2187
2189
2185
2167
2079
2217
2019
2212
2192
2229
2245
2253
2203
2231
2285
2208
2275
2261
2287
2309
2295
2290
2325
2127
2247
2292
2268
2029
1716
1956
2117
2240
1973
1964
1775
1791
1367
1674
1788
1495
1653
1511
1468
1589
1580
1496
1069
1433
1151
1487
1452
1394
1413
1401
1228
1339
1405
1335
1355
1031
1407
1375
1407
1372
1407
1409
1231
1435
1517
1413
1525
1623
1274
1703
1788
1757
1791
1907
2020
2055
2101
2165
2180
2167
2147
2163
1700
2128
2227
2188
2213
2206
2285
1886
2263
2066
2293
2291
2264
2215
2277
2249
2330
2289
2301
2341
2290
2240
2249
2194
2249
2273
2343
2130
2135
1724
1900
1875
1824
1687
1653
1730
1604
1631
1344
1489
1553
1407
1504
1475
1479
1410
1476
1380
1333
1200
1309
1421
1396
1412
1463
1253
1293
1404
1394
1376
1311
1322
1381
1493
1389
1475
1292
1604
1633
1665
1687
1809
1865
1889
1620
1495
2149
2172
2157
2204
2097
2181
2347
2259
2303
2388
2147
2095
1924
2297
2337
2339
2344
2288
2277
2343
2386
2159
2323
2375
2311
2304
2291
2287
2354
2327
1840
2308
2335
2207
2355
2101
1639
1965
1909
1344
1737
1755
1663
1708
1644
1635
1441
1647
1151
1525
1523
1126
1461
1489
1413
1348
1395
1349
1326
1381
1341
1356
1393
1343
1447
1468
1419
1317
1448
1388
1546
1509
1439
1527
1664
1669
1687
1741
1753
1765
1863
1981
1983
1905
1703
2205
1875
2063
2239
2167
2289
2260
2256
2317
1719
2263
2322
2333
2303
2236
2266
2356
2281
2129
1826
2317
2331
2313
2324
1883
2323
2112
2275
2307
2317
2349
1923
2331
2166
2113
2005
1856
1854
1772
1707
1872
1675
1623
1547
1521
1557
1473
1381
1485
1365
1380
1069
1425
1044
1431
1297
1325
1291
1423
1420
1375
1107
1296
1437
1409
1343
1425
1390
1471
1527
1566
1547
1564
1591
1540
1554
1669
1667
2029
1949
2015
2091
2088
2255
2120
2160
1871
1703
2281
2271
2293
2321
2327
2261
2321
1939
2258
2298
2332
1719
2307
2367
2327
1957
2345
2358
2293
2012
2317
2412
2351
2317
2317
2323
2315
1732
2159
2154
2039
1685
1823
1781
1785
1719
1665
1659
1629
1503
1471
1535
1541
1397
1495
1476
1498
1371
1527
1453
1430
1361
1413
1421
1349
1419
1344
1315
1367
1287
1419
1383
1423
1451
1569
1585
1557
1577
1421
1553
1531
1673
1703
1779
1999
1947
2021
2130
2160
2115
2169
2222
2283
2238
2285
2445
2303
2321
2303
2311
2245
2235
2300
2298
1712
2302
2337
2341
1731
2321
2363
2287
2326
2295
2447
2327
2292
2436
2366
2369
2295
2290
2231
2099
2007
1903
1721
1727
1625
1628
1711
1647
1584
1228
1135
1491
1413
1040
1508
1167
1425
1405
1280
1403
1381
1397
1360
1393
1305
1317
1321
1396
1239
1335
1429
1387
1343
1344
1353
1485
1447
1433
1399
1535
1404
1631
1782
1900
1943
1989
1711
2020
1600
2040
1948
2235
2287
2022
2310
2303
2333
2297
2295
2165
2298
2398
2299
2327
2295
2443
2271
2239
2297
2415
2314
2307
2301
2293
2351
2357
2318
2333
1928
1886
2323
2185
2181
2101
2031
1948
1887
1819
1588
1673
1440
1673
1573
1577
1629
1522
1524
1541
1375
1399
1111
1312
1373
1389
1361
1393
1267
1123
1407
1349
1479
1395
1409
1345
1511
1325
1348
1327
1451
1402
1430
1347
1596
1525
1657
1689
1721
1809
1911
2005
2076
2009
2125
2151
2173
2261
1960
2103
1767
2271
2325
2283
1693
1735
2277
2292
2291
2335
2337
2327
2284
2297
2293
1999
2039
2196
1863
2295
2301
2301
2319
2275
2184
2154
2281
2269
1639
2039
1651
1874
1876
1663
1701
1553
1641
1585
1279
1613
1586
1577
1555
1421
1495
1365
1501
1369
1032
1343
1472
1328
1311
1419
1389
1436
1039
1365
1063
1335
1431
1063
1360
1155
1424
1647
1558
1276
1495
1743
1639
1678
1791
1859
1951
2075
2077
2097
2159
2185
2192
2235
2295
2175
1728
2003
2324
2087
2412
1954
2277
2035
2287
1992
2295
2415
2341
2342
2301
2327
2295
2358
2019
2274
2289
2313
2333
1833
2302
2303
2034
2163
2083
2018
1885
1823
1781
1725
1613
1623
1649
1223
1633
1591
1218
1588
1463
1478
1511
1476
1424
1251
1495
1303
1404
1389
1445
1321
1351
1413
1123
1418
1449
1361
1343
1485
1357
1228
1423
1476
1279
1423
1661
1657
1628
1783
1857
1495
2015
1981
2057
2147
1819
1669
2174
2326
2307
1891
2319
2337
2335
2266
2343
1783
2325
2295
2333
2321
2348
2295
2375
2283
2232
2303
2208
2331
2349
2338
2207
2355
2317
2311
2283
2302
2307
2204
2043
1896
1781
1848
1625
1645
1573
1495
1664
1538
1443
1410
1367
1340
1415
1365
1231
1386
1287
1270
1403
1318
1255
1303
1373
1256
1103
1331
1044
1267
1335
957
1365
1349
1345
1092
1466
1507
1493
1521
1839
1727
1701
1863
1965
1951
2084
2091
2131
2173
2203
2173
2251
2238
2305
2225
2299
2205
2294
2275
1935
2319
2303
2244
2447
2289
2250
2247
2263
2285
2295
1890
1947
2248
2373
2301
2313
2289
2248
2277
2263
1924
2219
1923
1797
1427
1717
1697
1661
1680
1589
1613
1589
1127
1475
1275
1448
1389
1375
1421
1229
1417
1406
1071
1408
976
1373
1357
1301
1265
1344
1300
1028
1363
1375
1444
1164
1389
1507
1545
1456
1493
1552
1620
1727
1287
1835
1927
1865
2035
2095
2113
1937
2083
1939
2211
1743
1729
2313
2269
2322
2321
2318
1702
2295
1743
2220
2281
2234
2283
2267
2111
2257
2183
2268
2302
2303
2035
2277
2399
2275
2257
1788
2415
2246
1888
1947
1823
1695
1828
1759
1663
1586
1636
1525
1611
1553
1571
1311
1405
1151
1340
1344
1314
1380
1279
1348
1028
1391
1352
1233
1381
1396
1217
1317
940
1310
1408
1349
1373
1463
1415
1365
1500
1191
1513
1631
1584
1689
1423
1829
1929
2004
1991
2002
2103
1895
1780
2171
2165
2251
2279
1936
2201
2113
2224
2247
2207
2143
2217
2268
2234
2137
2186
2226
2173
2287
2185
2236
2229
2265
2064
2251
2383
2412
2325
2207
1839
1975
1679
1909
1803
1510
1487
1684
1643
1621
1537
1540
1523
1135
1432
1564
1479
1221
1327
1074
1380
1406
1385
1383
1277
1007
1361
1285
1249
1359
1329
1184
1241
1059
984
1417
1383
1413
1521
1440
1557
1501
1655
1634
1591
1697
1333
1899
1985
2039
2019
2232
2037
2156
2101
1846
2075
2143
2135
2185
2208
2178
2064
2143
2102
2158
2113
2133
2023
1795
2179
2125
2191
2189
2173
2210
2147
2168
2133
1939
2239
2309
2277
2411
2240
2100
2015
1953
1781
1383
1336
1733
1623
1683
1732
1561
1565
1505
1493
1293
1372
1455
1427
1333
967
1311
1405
1316
1419
1294
1271
1296
1297
1293
1243
981
1407
1315
1469
1448
1343
1399
1368
1500
1591
1652
1701
1631
1767
1750
1841
1927
2063
2027
2037
1989
2005
2108
2229
1701
2149
2214
2089
2193
2143
2039
1968
2187
2059
2319
2218
2231
2256
2211
2256
2231
2256
2063
2233
2253
2289
2229
2283
2297
1871
2269
2259
2225
1743
2081
1885
1967
1761
1304
1749
1613
1681
1246
1552
1521
1152
1548
1479
1126
1422
1333
1333
1341
1372
1279
1364
1411
1155
1337
1006
935
1299
1279
1303
999
1352
1373
1427
1481
1473
1537
1419
1521
1555
1634
1673
1597
1715
1727
1863
1906
1957
1455
2017
2065
2153
2223
2257
2186
2193
2224
2207
2063
1901
2145
2280
2229
2268
2231
2249
2197
2279
2292
2143
1932
2379
2259
2301
2310
2301
2273
2163
2259
2309
2295
2255
2182
2057
1477
1909
1851
1808
1763
1567
1609
1664
1609
1567
1595
1343
1551
1387
1407
1375
1444
1333
1329
1413
1375
1273
1278
1215
1301
1325
1300
1375
1349
1007
1329
1341
1377
1365
1399
1151
1513
1534
1556
1600
1654
1671
1669
1741
1857
1815
1909
1904
1985
2125
2186
2231
2183
1719
2255
2217
2274
2232
2284
2223
2287
2255
2231
2263
2383
2295
2265
2307
2192
2271
2380
2341
2270
2311
2301
2305
2315
2324
2293
2302
2275
2257
2123
2032
1903
1860
1833
1779
1715
1680
1661
1543
1589
1423
1536
1479
1449
1581
1399
1427
1303
1291
1384
1424
1311
1301
1245
1351
1279
1305
1359
1281
1403
1373
1349
1369
1375
1501
1533
1435
1373
1576
1589
1569
1593
1712
1799
1833
1885
1939
1957
2124
2031
2113
2215
2383
2239
2343
2269
2231
2276
2285
2201
1706
2267
2266
1767
2264
2348
2315
2303
2310
2288
2383
2063
2290
2325
2341
2327
2335
1788
2282
2249
2317
2330
2079
2057
2127
1904
1818
1767
1685
1697
1630
1591
1633
1513
1411
1555
1451
1052
1028
1167
1349
1328
1125
1271
1285
1385
1247
1215
1264
1299
1259
1345
1251
967
1285
1364
1313
1460
1439
1429
1495
1459
1439
1363
1653
1581
1749
1803
1831
1967
2002
2071
2067
2125
2203
2319
2215
2328
2381
2273
2260
2292
1997
2294
1821
2263
1732
2264
2253
2270
2312
2226
2315
2298
2282
2216
2335
2443
2300
2303
2337
2291
2263
2436
2266
2207
2197
1855
1903
1827
1780
1735
1327
1698
1537
1629
1567
1407
1644
1429
1564
1437
1237
1437
1299
1319
1367
1373
1433
1310
1276
1355
1250
1385
1384
1304
1279
1303
1413
1435
1493
1068
1525
1295
1525
1711
1559
1549
1725
1677
1751
1845
1948
1959
2049
2053
2086
2203
2132
1776
2207
2220
2227
2348
2294
2298
2239
2383
2205
2315
2303
2317
2261
2290
2309
2271
1775
2345
2295
2309
2321
2295
1703
2344
2243
2289
2265
1812
2271
1951
2013
1901
1846
1761
1812
1687
1804
1583
1573
1546
1605
1589
1661
1473
1469
1152
1347
1321
1441
1357
1353
1454
1341
1447
1311
1344
1413
1445
1354
1301
1419
1325
1373
1415
1508
1692
1352
1476
1615
1671
1541
1221
1617
1770
1781
1823
1615
2035
2029
2103
2147
2101
2135
2179
2192
2221
2257
2257
2271
2207
2239
2267
2276
2300
1671
2311
2271
2317
2303
2255
2111
2333
2341
2307
2327
2334
2415
2233
2291
2275
2285
2308
2281
2065
1987
1381
1845
1272
1736
1417
1653
1497
1587
1619
1581
1588
1471
1346
1504
1504
1297
1252
1360
1139
1316
1281
1311
1355
1306
1412
1325
1371
1324
1365
1043
990
1329
1500
1376
1397
1507
1543
1580
1551
1507
1503
1617
1631
1740
1905
2023
1972
2058
2061
2117
2215
2237
2257
1838
2372
2416
1846
2217
2277
2254
2160
2247
2311
2273
2303
1826
2333
2239
2297
2273
2412
2341
2341
2295
2341
1871
2315
2237
2295
2303
2325
2015
1873
1875
1825
1759
1698
1663
1653
1575
1207
1441
1503
1346
1553
1213
1500
1443
1468
1407
1430
1315
1492
1366
1391
1079
1368
1487
1335
1436
1353
1383
1269
1233
1413
1333
1351
1261
1424
1495
1588
1503
1557
1713
1743
1797
1869
2008
2002
2087
2100
1646
2125
2157
2169
2261
2236
2265
2279
2340
2213
2291
2242
2257
2260
2269
2276
2444
2285
2289
2323
2279
2445
2375
2082
2327
2311
2292
2323
2447
2319
2327
2303
2315
1615
2003
1752
1840
1813
1795
1653
1653
1631
1656
1621
1432
1591
1505
1417
1457
1551
1093
1118
1476
1160
1301
1396
1287
1276
1149
1287
1375
1309
1404
1361
1247
1367
1359
1377
1375
1391
1367
1375
1291
1501
1597
1639
1708
1756
1744
1809
1959
2100
1919
2033
2003
2138
1903
1710
1713
2265
2234
2330
2314
2293
2293
2347
2241
2327
2300
1967
2301
2351
2299
2164
2397
2369
2358
2323
2316
2315
2354
2303
2331
2295
2285
2288
2261
2199
2179
1958
2150
2106
2035
2057
1983
2023
1933
1989
1985
1936
1939
1511
1981
1985
1941
1975
2031
1880
1904
2000
1962
1877
1879
1855
1887
1880
1943
1767
1888
1910
1855
1833
1914
1848
1926
1493
1905
1924
1924
1895
1858
1898
1896
1593
2016
1967
1847
1479
1877
1943
1837
1867
1511
1846
1919
1895
1855
1444
1813
1920
1964
1911
1863
1845
1711
1923
1876
1915
1832
1901
1415
1602
1919
1875
1835
1931
1859
1849
1873
1827
1812
1828
1899
1976
1727
1883
1925
1999
1899
1905
1914
1551
1908
1847
1887
1823
2020
1923
1809
1732
1856
1865
1983
1917
1951
1833
1825
1454
1860
1825
1885
1909
