2223
2372
2055
2367
2379
2379
2216
2392
2397
2329
2364
2470
2388
2378
2378
2371
2367
2501
2516
2402
2404
2031
2361
2421
2398
2391
2239
2367
2369
2369
2364
2395
1973
2417
2552
2377
2407
2419
2177
2451
2475
2485
2485
2604
2491
2509
2511
2514
2445
2548
2307
1862
1551
1728
1669
1669
1707
1692
1693
1639
1705
1631
1661
1579
1437
1554
1575
1671
1668
1637
1751
1676
1356
1788
1714
1912
1639
2183
2183
2320
2321
2035
2498
2462
1925
2453
2250
2467
2476
2367
2463
2451
2515
2537
2510
2530
2490
2399
2367
2621
2283
1799
1900
1599
1713
1673
1691
1649
1533
1620
1279
1655
1221
1600
1581
1297
1565
1671
1675
1697
1407
1716
1729
1897
1727
1967
2087
2107
1875
2304
2413
2413
2517
2332
2408
2523
2512
2498
2495
2348
1903
2523
2498
2479
2487
2463
2501
2539
2559
2428
1825
1693
1722
1524
1655
1687
1619
1534
1633
1315
1743
1555
1656
1556
1567
1510
1589
1191
1635
1675
1725
1680
1609
1587
1781
1807
1745
2147
2113
2330
1767
2444
2445
2500
2453
2431
2514
2071
2476
2264
2500
2468
2509
2616
2536
2483
2492
2644
2475
2495
1383
1708
1366
1668
1583
1701
1553
1564
1567
1593
1601
1315
1581
1561
1591
1595
1613
1644
1619
1695
1649
1653
1675
1701
1825
2003
1711
2155
2140
1827
2243
2302
2425
2463
2520
2507
2503
2466
2465
2483
2467
2479
1863
2538
2596
2472
2548
2503
2534
2531
2397
1852
1631
1287
1684
1620
1236
1716
1623
1609
1575
1605
1613
1521
1499
1276
1567
1597
1605
1633
1669
1717
1645
1597
1725
1773
1967
2184
2191
2277
2259
2207
2335
2263
2519
2454
2431
2552
2468
2485
2451
2457
2511
2504
2476
2449
2512
2536
2515
2511
1942
1808
1455
1659
1617
1567
1553
1661
1635
1359
1575
1629
1569
1589
1495
1565
1235
1567
1539
1659
1718
1691
1695
1865
1787
1887
2085
2165
2244
2271
2378
2423
2466
2600
2468
2510
2501
2450
2369
2501
2191
2479
2454
2513
2503
2500
2222
2546
2344
2321
1663
1745
1633
1603
1635
1641
1623
1611
1634
1541
1620
1679
1555
1525
1457
1581
1567
1631
1679
1701
1664
1687
1783
1665
1539
1992
2143
2143
2227
2219
2428
2490
2507
1846
2485
2449
2483
2500
2493
2491
2523
2477
1927
2459
2525
2530
2023
2575
2485
1983
1620
1576
1711
1319
1681
1631
1649
1615
1637
1579
1513
1372
1581
1493
1491
1589
1599
1351
1684
1689
1611
1364
1677
1731
1857
2022
2138
2181
2287
2311
2460
2484
2487
2468
2501
2453
2487
2503
2329
2509
2550
2453
2344
2652
2489
2393
2516
2491
2515
2005
1879
1269
1743
1716
1598
1692
1639
1573
1440
1573
1573
1780
1605
1331
1568
1525
1695
1648
1671
1703
1752
1768
1703
1769
1799
2003
2199
1827
2249
2325
2394
2175
2479
2471
2475
2421
2464
2527
2495
2429
2470
2594
2532
2491
2531
2497
2535
2312
2639
2028
1879
1712
1674
1661
1677
1619
1487
1634
1535
1605
1159
1508
1255
1589
1571
1601
1679
1669
1651
1671
1665
1316
1750
1777
1877
2047
2162
2196
2273
1780
2438
2287
2487
2501
2455
2367
1934
2504
1866
2505
2487
2495
2489
2473
2498
2419
2612
2496
2474
2490
2499
2493
2534
2471
2446
2499
2475
2513
2440
2424
2493
2485
2453
2449
2442
2452
2453
2417
2413
2414
1836
2389
2425
2389
2131
2391
2395
2391
2421
1967
2397
2402
1879
2397
2385
2476
2358
1847
2375
2377
2272
2389
2385
2367
1999
2279
2357
2394
2381
2223
