2395
2474
2364
1911
2367
2329
2418
2035
2421
2399
2419
2370
2367
2362
2027
2353
2349
2409
2394
2271
2387
2250
2358
2424
2364
2385
1816
2364
2374
2369
2378
2369
2370
2120
2405
2407
2329
2371
2335
2433
2439
2454
2419
2500
1908
2463
2487
2131
2030
2552
1943
1741
1772
1759
1769
1749
1713
1643
1675
1700
1665
1669
1600
1581
1525
1344
1690
1604
1692
1783
1674
1741
1935
1884
1931
2101
2197
2214
2303
2391
2489
2479
2485
2471
2489
2489
2487
2475
2548
2483
2419
2525
2498
2501
2071
2501
2511
2530
2317
1890
1935
1718
1707
1687
1685
1613
1677
1630
1655
1603
1565
1656
1597
1620
1279
1667
1699
1866
1717
1770
1278
1757
1844
1878
2117
1968
1907
2266
2397
2280
2060
2441
2498
2467
2291
2469
2483
2495
2449
1876
2497
2487
2479
2501
2505
2482
2525
2415
1937
1899
1796
1595
1732
1701
1655
1224
1636
1607
1279
1571
1651
1543
1559
1632
1565
1613
1699
1751
1655
1637
1787
1333
1895
2015
2159
2276
2161
2248
2321
2393
1863
2487
2490
2231
2607
2484
2335
2530
2570
2510
2533
2511
2267
2515
2399
2465
2479
2557
2314
1927
1484
1761
1745
1753
1701
1619
1680
1637
1623
1597
1559
1623
1591
1595
1640
1466
1703
1669
1733
1701
1771
1348
1873
1895
2012
2137
2215
2235
2363
2382
2470
2502
2211
2452
2482
2514
2506
2519
2399
2501
2527
2569
2527
2515
2488
2463
2523
2441
2159
1879
1903
1729
1717
1745
1724
1709
1807
1621
1695
1315
1567
1541
1541
1260
1571
1595
1637
1641
1687
1737
1650
1735
1853
1764
1911
2118
2087
2198
1869
2276
2392
2575
2479
2463
2484
2461
2529
2260
2451
2223
2501
2514
2502
2449
1966
2523
2533
2542
2119
1651
1667
1799
1773
1673
1759
1725
1599
1543
1677
1535
1609
1605
1607
1503
1612
1411
1647
1686
1649
1737
1749
1733
1719
1813
1939
2051
2129
2247
2313
2366
2283
2486
2313
2455
2483
2485
2331
2504
2317
2548
1879
2463
2538
2545
2514
2441
2541
2523
2083
2088
1928
1996
1451
1749
1732
1735
1269
1800
1552
1671
1621
1489
1585
1529
1561
1617
1279
1679
1683
1703
1411
1710
1881
1679
1981
2121
2107
2111
2231
2339
2421
2441
2427
2403
1861
2493
2461
2489
2497
1962
2503
2492
2529
2175
2417
2520
1952
2534
1775
1981
2052
1653
1781
1737
1719
1630
1573
1740
1605
1677
1609
1503
1620
1573
1581
1578
1439
1589
1572
1725
1749
1648
1725
1803
1889
2057
2079
2162
2271
2327
2370
2279
2501
2476
2438
2449
2469
2639
2457
2495
2405
2483
2266
2526
2425
2464
2535
2417
2346
1474
1447
1813
1685
1784
1766
1695
1733
1541
1743
1663
1221
1645
1613
1444
1553
1632
1617
1695
1654
1735
1683
1695
1791
1829
1510
2063
2312
2227
2285
2384
2503
2453
2409
2462
2399
2564
2474
2329
2624
2454
2494
2157
2519
2039
2503
2493
2480
2480
2215
1909
1880
1715
1759
1763
1703
1674
1693
1643
1612
1599
1606
1559
1598
1367
1557
1652
1644
1652
1673
1705
1673
1741
1757
1612
1971
1857
2170
2229
2372
2403
2506
2004
2535
2499
2175
2505
2499
2067
2516
2633
2511
2478
2527
2477
2472
2467
2095
2475
2499
2485
2474
2467
2478
2493
2523
2499
2524
2511
2332
2553
2045
2303
1999
2446
2437
2405
2437
2288
2431
2420
2428
2437
2431
2287
2421
2433
2367
2169
2399
2325
2390
2448
2395
2431
2427
2350
2500
2491
2417
2419
2384
2373
2389
2291
2051
1902
2433
2408
2391
2422
