1972
2031
1965
2028
1965
1791
1965
1975
1984
1875
1968
2011
2100
2029
1899
1996
2041
1979
1991
1965
1945
2044
1975
2029
2045
1991
2127
2027
1973
2065
2036
2005
2019
1587
2043
1963
2043
2003
1981
1983
2163
2194
2126
2235
2331
1996
2243
2332
2385
2300
2079
2087
1959
1893
1847
1789
1846
1791
1790
1845
1857
1383
1791
1751
1815
1835
1319
1789
1549
1717
1681
1709
1731
1749
1935
1983
2079
2319
2289
2415
2372
2422
2303
2257
2336
2335
2261
2257
2218
2207
1772
2381
2296
2312
2322
2381
2373
2405
2345
2299
2113
2019
1931
1908
1871
1845
1878
1351
1831
1799
1704
1809
1745
1391
1831
1584
1760
1858
1739
1749
1747
1745
1657
1813
1683
1637
1671
2211
2233
1917
2269
2314
2266
2291
2338
2261
2303
2344
2203
2261
2292
2273
2231
2327
2358
2359
2408
2415
2376
1904
2092
2023
1484
1937
1892
1924
1823
1846
1555
1861
1779
1765
1460
1487
1713
1773
1712
1803
1771
1667
1687
1739
1773
1759
1864
1575
2085
2329
2257
2303
2289
2348
2325
2297
2279
2320
2267
2233
2301
2138
2227
2275
2278
2295
2203
2379
2268
2413
2324
2196
2133
1987
1936
1919
1817
1825
1853
1879
1816
1842
1757
1845
1935
1829
1757
1908
1924
1348
1749
1767
1683
1749
1724
1623
1898
2093
2011
2251
2299
2412
2362
1910
2284
2236
1898
2259
2340
2289
2383
2239
2320
2285
2303
2271
2447
2471
2357
2007
2424
2208
2001
2003
1971
1925
1430
1861
1891
1823
1863
1744
1879
1725
1748
1779
1771
1813
1761
1695
1775
1693
1797
1695
1779
1839
1941
2005
2242
2339
2271
2372
2239
2244
2326
2303
1756
2276
2237
2263
2238
2269
2268
1758
2271
2277
2071
2438
2352
2272
2321
2231
2091
1943
1957
1683
1820
1837
1829
1845
1821
1825
1542
1791
1761
1763
1677
1759
1843
1757
1727
1669
1629
1781
1631
1769
1591
2191
2265
2207
2310
2296
2347
2274
1991
2297
2281
2286
2295
2268
2216
2231
2271
2329
2285
2303
2349
2369
2365
2367
2161
2090
2071
1955
1833
1895
1484
1943
1837
1939
1855
1812
1900
1870
1839
1431
1819
1853
1789
1685
1779
1719
1279
1685
1680
1885
2011
2083
2271
2296
2301
1864
2287
2369
2141
2315
2288
2303
2270
2271
2270
2243
2207
2234
2207
1876
2463
2379
2338
2447
2253
1788
2060
1941
1844
1861
1884
1919
1805
1813
1885
1801
1765
1829
1791
1835
1325
1335
1804
1547
1647
1773
1705
1735
1685
1837
2001
2103
2284
2325
2088
2281
2313
2323
2293
2303
2278
2076
2245
2261
2193
2271
2259
2317
2225
1839
2426
2099
2343
2444
2199
1903
1955
1936
1906
1821
1913
1860
1887
1797
1935
1615
1791
1899
1747
1812
1831
1789
1808
1556
1757
1738
1475
1686
1737
1749
1937
2075
2377
2319
2257
2236
1734
2319
2259
2238
2215
2263
2253
2346
2275
1831
2303
2187
2277
1789
2379
2385
2351
2385
2292
2109
2053
1969
1865
1817
1917
1829
1900
1816
1877
1780
1779
1745
1771
1847
1815
1869
1734
1408
1791
1716
1643
1628
1807
1871
1991
1900
2063
2323
2351
2318
2269
2252
2275
2230
2283
2292
2217
2225
2271
2277
2239
2192
2272
2191
2172
2161
2185
2245
2183
2165
2173
2164
2197
2251
2225
1987
2210
2223
2156
2228
2149
2149
2181
2155
2225
2153
2160
2190
2155
2141
1687
2187
2160
2135
1758
2181
2212
2177
1997
2138
2079
2153
2191
2215
2163
1871
2215
2215
2135
2103
2177
2223
2129
2199
2071
2159
2117
2209
2184
2160
