2917
2943
3031
3013
2933
2927
3013
2981
2819
2899
3017
2974
2941
2899
3009
2981
2440
3031
2327
3012
3048
2920
2675
2971
2943
3051
2953
2897
3003
3025
2947
2981
2976
2980
2962
2933
3068
3037
2973
2933
2973
2955
2964
2725
2787
2920
2834
2993
2989
3063
2813
3173
3203
3285
3309
3217
3138
3093
3029
2941
2919
2791
2853
2675
2809
2775
2757
2403
2767
2727
2303
2716
2715
2749
2751
2725
2733
2751
2787
2777
2761
2789
2949
2893
3128
3202
3261
3287
3230
3173
2980
3223
2927
3168
3052
3101
3057
3165
3081
3139
3117
3213
3297
3289
2569
3247
3189
3111
2755
2945
2869
2884
2903
2885
2831
2797
2817
2779
2509
2749
2597
2779
2821
2301
2723
2756
2348
2693
2651
2767
2702
2713
2517
2943
2899
3141
2781
3349
3211
3209
3119
3159
3124
3153
3093
3094
3033
2420
3007
3059
3061
3153
3285
3301
3293
3268
3179
3311
2808
3028
2901
2901
2849
2852
2805
2885
2829
2775
2771
2763
2863
2723
2783
2864
2805
2760
2587
2709
2745
2791
2757
2693
2793
2941
3028
3125
3171
3261
3336
3225
3243
2999
3157
3135
3115
3093
3157
3141
3064
3110
3151
3183
2761
3273
3223
3372
3316
3141
3121
3007
2887
2751
2863
2871
2860
2811
2753
2815
2837
2745
2830
2801
2737
2757
2748
2761
2730
2737
2729
2773
2775
2751
2803
2961
3061
2679
3251
2797
2687
3250
2630
3117
3167
3165
3106
2375
3139
3085
3109
3029
3119
2764
3170
3217
3301
3287
3229
3044
2404
2830
2983
2923
2845
2903
2431
2853
2769
2779
2133
2555
2783
2775
2863
2772
2325
2738
2729
2655
2744
2753
2393
2773
2931
2979
3031
3172
3245
3274
3180
2482
2493
3114
3121
3117
3071
3092
3024
3012
2821
3116
3028
2410
3271
3253
3362
3301
3154
2815
3139
2279
2903
2948
2837
2879
2639
2536
2709
2773
2768
2805
2745
2807
2823
2780
2773
2701
2709
2721
2757
2713
2725
2705
2903
2951
2981
3239
2803
3221
2613
3193
3127
3157
3122
3113
3145
3121
3133
3116
2505
3041
3069
3109
3209
3020
3332
3265
3269
3233
3068
3042
2901
2781
2852
2212
2276
2855
2832
2864
2183
2741
2781
2805
2731
2817
2741
2769
2749
2737
2759
2791
2693
2781
2359
2967
3159
3019
3257
3327
3135
3135
3133
2673
3098
3133
3183
3139
3041
3065
3052
3201
3067
3171
2517
2569
3245
3277
3275
3159
3033
2991
2963
2247
2921
2917
2797
2852
2815
2813
2151
2781
2611
2729
2805
2775
2840
2743
2759
2783
2741
2767
2707
2261
2809
2986
2358
3173
3259
3251
2604
3205
3207
3137
2815
3093
3096
3048
3100
3088
3025
2821
3115
3057
3236
3179
3271
3233
3207
3169
3132
3148
2965
2877
2871
2359
2852
2761
2884
2797
2734
2801
2783
2119
2769
2724
2717
2759
2735
2708
2376
2796
2719
2685
2868
2925
2975
3121
3158
3277
2492
3221
3059
2753
3067
3030
2882
3059
3105
3081
3101
3035
3061
3121
3165
2607
3445
2647
3291
3249
3185
3009
2567
2788
2873
2827
2805
2871
2827
2781
2813
2749
2743
2697
2783
2727
2389
2709
2704
2695
2729
2716
2732
2717
2749
2901
3029
2739
3185
3227
3283
3174
2827
3135
3087
2629
2398
3157
3079
3097
2892
3017
3035
2690
3092
2356
3071
2997
3047
3088
3021
3071
2863
3034
2612
2997
2928
3079
2993
3021
3042
3069
2503
2977
2983
2933
2989
2965
3019
2965
2956
3037
2815
3017
2989
2957
2993
2936
2995
3051
3029
3025
3064
3015
3005
2999
3057
2871
2949
3060
2953
2949
