2383
1949
2386
2410
2380
2377
2341
1944
2351
2297
2368
2405
2336
2347
2175
2397
2365
1895
2404
2389
2377
2039
2375
2404
2275
2355
2289
2365
2443
2373
2279
2377
2379
2359
2373
2289
2399
2367
2443
1895
2459
2419
2465
2454
2517
1934
2495
2501
2151
2509
2052
2537
2153
1646
2087
2117
2080
1869
1872
2102
2093
1790
2031
2082
2104
1843
2081
2095
2065
2100
2001
2021
2087
2064
2023
1573
2069
2331
2476
2355
2522
2526
2505
2360
2489
2532
2147
2523
2463
2482
2533
2389
2517
2471
2475
2155
2519
2538
2512
2522
2472
2341
2120
2163
2119
2029
2124
2148
2041
2100
2073
2124
2081
2055
1560
2085
2097
2103
2015
1703
2059
1729
1993
1993
1642
1965
2015
2393
2449
1956
2439
2548
2484
2491
2513
2448
2509
2546
2385
1863
2483
2479
2510
2463
2259
2497
2553
2508
2485
2519
2516
2405
2218
2183
2119
2083
2176
2087
2101
2216
2079
1973
2090
2089
2086
2063
1734
2069
2067
2035
2005
1807
1991
2045
1988
2007
2131
2508
2401
2413
2460
2445
2451
2475
2469
2455
2131
2455
2470
2255
2467
1934
2485
2569
2503
2479
2392
2485
2507
1956
2538
2271
2258
1678
2116
2096
2100
2120
2088
2072
2087
2021
2047
2000
2015
2013
2031
1983
1971
2017
1969
1995
1993
1985
2116
1575
2239
2220
2387
2455
2487
2441
2423
2457
2445
2505
2426
1988
2464
2457
2466
2399
2487
1991
2507
2307
2451
2495
2521
2518
2575
2035
2215
2156
2061
1738
2035
2188
2009
2007
2001
2085
2039
2019
1951
2045
1971
1983
2159
1647
1703
1807
1986
2031
1600
2066
2303
2362
2350
2365
2485
2501
2452
2469
2197
2482
2466
2340
2435
2409
2485
2500
2515
2463
2493
2584
2481
2533
2250
2515
2399
1935
2205
2147
2083
2106
2101
2119
2045
2001
1988
2081
2005
2101
2077
1790
2179
2056
2047
1989
1677
1971
1971
1967
1987
2211
2413
2365
2425
2516
2441
1895
2470
2465
2321
2442
2417
2387
1975
2465
2461
2445
2483
2528
2265
2575
2527
1942
2450
2546
2367
2265
2139
1983
2015
2127
2103
2141
2117
2057
2081
2244
2058
2109
1876
2092
2055
2032
2064
1941
1591
1940
1960
1991
1543
2245
2265
2371
1866
2473
2528
2481
2457
2485
2462
2272
2369
2464
2478
2445
2465
2348
1975
2452
2520
2502
2392
2516
2418
2425
2413
2267
2105
2101
1612
2127
2116
2071
2077
2102
2099
2060
2061
2055
2013
2029
1801
1985
2015
1968
1893
1927
1959
1989
2113
2144
2320
2087
2416
2467
2189
2459
2477
2303
2465
2447
2468
2495
2568
2511
2463
2451
2437
2449
2429
2468
2628
2457
2542
2463
2343
1764
2157
2125
2123
1908
1624
2062
2020
2044
2058
2057
2023
2031
2068
1981
2036
1924
1901
1943
1605
1967
1747
1905
2096
2127
2377
2404
2386
2449
2452
2437
2456
2463
2439
2447
2420
2415
2427
2418
2440
2263
2336
2429
2470
2489
1999
2472
2514
2471
2345
2245
2133
2085
2143
2109
2149
2154
2099
2184
1687
2077
2223
1993
2023
2044
1993
2053
1961
1973
1907
1949
1600
1953
2118
2349
2375
2397
2411
2471
2131
2435
2419
2421
2437
2408
2415
2403
2401
2399
2024
2417
2353
2223
2428
2397
2391
2393
2357
2362
2391
2389
2426
2375
2362
2452
2385
2359
2406
2353
2381
2347
1919
2387
2395
2377
2374
2363
2405
2394
2377
2335
2357
2365
2415
2365
2321
2353
2341
2445
2346
2404
2309
2364
2385
2343
2516
2337
2415
2363
2347
1815
2370
2359
2447
2359
2289
2356
2389
2405
