3443
3437
3251
3449
3068
3356
2947
3517
3459
3414
3473
2725
3418
3445
3407
3417
3060
3409
2761
3469
3473
3275
3429
3421
3405
3515
3423
3497
3353
3022
3497
3421
3412
3409
3467
3483
3648
3507
3509
3551
3547
3547
3487
3200
3521
3573
3461
3029
2763
2740
2676
2556
2607
2589
2512
2515
2655
2597
2121
2529
2508
2573
2255
2519
2533
2639
1894
2519
2655
2641
2645
2877
2053
2900
3183
3274
3326
3415
3463
3524
3528
3601
3501
3479
3547
3580
3562
2688
3495
3543
3571
3615
2871
2924
2876
3572
3425
2853
2567
2711
2741
2483
2580
2519
2534
2567
2573
2567
2606
2353
2535
1900
2493
2540
2465
2473
2483
2577
2635
2643
2597
2141
2541
2201
2996
3213
3356
3363
3444
3447
3525
3151
3485
3592
2901
3493
3513
3570
3453
3545
3541
3223
3636
3541
3491
3475
2975
2783
2708
2705
2609
2625
2547
2519
2601
2367
2533
2503
2471
2483
2464
2483
2399
2240
2296
2473
2532
2591
2412
2661
2708
2673
2735
2644
3039
3276
3405
3361
3421
3541
3514
3493
3492
3153
3532
2943
3506
3581
3514
3501
3614
3624
3487
3359
3538
3321
2839
2861
2721
2679
2631
2549
1935
2613
2517
2535
2484
2512
2517
2516
2175
2448
2349
2088
2452
2515
2537
2527
2583
2605
2591
2609
2731
2721
3053
3359
3503
3315
3428
3485
3567
3515
2693
3516
2807
3532
3523
3543
3505
3524
3137
3569
3657
3552
3412
2832
2863
2765
2677
2673
2613
2523
2583
2517
2004
2211
2499
2469
2485
2496
2439
2481
2471
2115
2497
2557
2605
2694
2633
2601
2645
2829
2191
2719
3160
3661
3176
3504
3438
3523
3180
3535
3604
3491
3599
3578
3380
3577
3514
3391
3581
3533
3572
3355
3299
2769
2881
2733
2736
2673
2497
2644
2545
2607
2481
2071
1877
2513
2499
2471
2475
2511
2451
2445
2551
2412
2337
2647
2631
2613
2598
2641
2685
2741
3341
3393
3377
3455
3517
3381
3479
3525
3455
3545
2963
3545
3505
3563
3447
3598
3511
3631
3557
3481
3043
2883
2853
2655
2693
2609
2559
1941
2597
2583
2493
2037
2526
2517
2491
2439
2489
2441
2131
2509
2525
2565
2007
2601
2671
2655
2893
2700
2269
2801
2999
2612
3173
2583
3525
3613
3575
3543
3512
3055
3508
3493
3272
3508
3545
3551
3572
3515
3569
3445
2947
2821
2789
2681
2701
2599
2531
2196
2595
2493
2525
2431
2031
2484
2487
2045
2388
2405
2421
1965
2531
2651
2640
2151
2629
2733
2741
2609
3091
3227
3275
3453
3260
3500
3538
3576
3572
3409
3497
3577
3541
3605
3455
3551
3509
2676
3491
3621
3561
3427
2995
2847
2801
2717
2673
2635
2557
2540
2588
2535
2494
2489
2457
1798
2428
2449
2397
2321
2423
2467
2223
2577
2609
1908
2532
2587
2647
2620
2765
2749
3046
2646
3455
3493
3543
3497
3539
3575
3517
3493
3599
3167
3499
3703
3577
3572
3652
3569
3606
3163
2841
2795
2877
2577
2661
2663
1949
2580
2497
2469
2360
2519
2451
2420
2493
2449
2459
2405
2071
2533
2459
2515
2588
2582
2159
2523
2495
2505
2769
2880
3489
3380
3081
3537
3547
3567
3516
3594
3503
3539
3543
3495
3565
3389
3514
3514
3511
3562
3594
3575
3380
3567
3547
3583
3556
3501
3489
3489
3565
3492
3593
3540
3457
2645
3438
3327
3228
3169
3266
3388
3281
3278
2567
3255
3299
3283
3279
3277
3271
3239
3309
3217
3255
3232
3291
3283
3229
3227
3249
3235
3219
3149
3228
3380
3231
3221
3242
3267
3241
3267
3229
3249
2991
3227
3252
3153
