3426
3467
3369
3413
3387
2664
3415
3467
3381
3443
3403
3493
3397
3123
3473
3428
3421
3377
3417
3413
3389
3375
3354
3143
3461
2972
3446
3393
3391
3447
3427
3364
3479
3305
3461
3401
3462
3549
3478
3365
3373
3389
3475
3523
3457
3518
3015
3457
3445
3517
3551
3301
3141
3093
2996
2875
2781
2269
2681
2679
2675
2631
2717
2611
2645
2573
2652
2583
2351
2613
2647
2796
2713
2744
2725
2715
2749
2811
2957
3108
3253
3345
3119
3491
3453
3442
3279
3057
3581
3520
3551
3631
3577
3498
3594
3487
3213
3501
3543
2871
3575
3531
3310
2923
3061
2964
2135
2889
2121
2708
2301
2644
2687
2633
2641
2549
2599
2613
2549
2577
2624
2644
2719
2659
2052
2673
2403
2833
2829
3005
3163
3245
3322
3431
3599
3523
3562
2781
3551
2999
3449
3510
2911
3571
3499
3531
3091
3420
3495
3629
3132
3593
3351
3185
3061
2937
2773
2469
2507
2704
2701
2637
2690
2447
2621
2625
2632
2449
2581
2585
2633
2617
2667
2577
2037
2693
2464
2824
2847
2989
3089
3269
3378
3379
3557
3140
3466
3503
3519
3524
3573
3613
3469
3525
3577
3541
3503
3203
3618
3333
3527
3551
3303
3178
3132
2950
2783
2791
2215
2725
2695
2625
2645
2671
2734
2627
2591
2645
2633
2480
2245
2581
2577
2597
2655
2653
2757
2807
2831
2869
3117
3253
3321
3437
3481
3345
2918
3517
3485
2721
3462
3535
3575
3475
3550
2679
3539
3524
2887
3599
3567
3568
3267
3211
3109
2909
2815
2739
2692
2660
2655
2605
2669
2678
2021
2597
2605
2149
2563
2381
2703
2545
2605
2615
2679
2701
2511
2609
2657
2933
3145
3316
3335
3377
3529
3485
3483
3474
3468
3517
3541
3517
2884
2813
2807
3559
3175
2793
2855
3547
3267
3533
3386
2551
3173
3010
2871
2772
2863
2709
2693
2676
2616
2623
2557
1973
2529
2440
2491
2649
2580
2545
2644
2557
2599
2620
2688
2765
2773
2843
3101
3197
3219
3375
3489
3243
3509
3520
3087
3561
3519
3546
3501
2943
3433
3514
3547
3493
3546
3511
3561
3483
3541
3307
2790
2987
2911
2779
2699
2693
2101
2693
2621
2665
2631
2487
2605
2550
2614
2541
2612
2548
2628
2567
2635
2637
2665
2743
2349
2735
3068
3147
3353
3437
3461
3500
3531
3340
3689
3497
3537
3519
3560
3526
3463
3349
2799
2815
2671
3348
3296
3549
3534
3249
3127
3051
2675
2340
2765
2799
2323
2749
2661
2764
2607
2581
2577
2539
2127
2569
2525
2565
2614
2713
2799
2661
2733
2687
2769
2877
3004
3141
3197
3325
3482
3489
3515
3465
3445
3485
3475
3423
2900
3236
2897
3525
3540
3440
3613
3452
3560
3547
2935
3323
3163
3088
2923
2127
2725
2719
2699
2614
2351
2620
2605
2551
2516
2619
2591
2527
2549
2038
2601
2613
2638
2601
2651
2701
2791
2805
2989
3153
3221
3421
2645
2807
3107
3483
3393
2952
3479
3457
3473
3453
3527
3470
3543
3547
2741
3491
2727
3577
3563
3135
3165
3089
2916
2763
2747
2719
2693
2647
2671
2692
2557
2551
2601
2528
2615
2527
2515
2628
2529
2566
2576
2663
2055
2671
2863
2959
2983
3024
3343
3370
2802
3233
3541
3542
3437
3517
3510
3537
3475
3373
3505
3463
3455
3495
3469
3466
3421
3481
3461
3543
3535
3428
3516
3575
3467
3549
3461
3501
3451
3267
3521
3509
3478
3450
3420
3367
3421
3408
2889
3263
3409
3345
3445
3359
3324
3381
3439
3431
3447
3441
3405
3423
2775
3421
3405
3385
3439
3411
3348
3451
3357
3315
3341
3167
3403
3431
