2271
2263
2261
2233
2241
2276
1735
2255
2208
2262
2277
2247
1773
2277
2241
1743
2271
2239
2267
2236
2237
2259
2235
2213
2262
2273
2279
2301
2201
2200
2267
2275
2253
2302
2404
2369
2224
2378
2399
2307
2433
2333
2464
2469
2580
2342
1936
2085
1969
1809
1773
1791
1699
1739
1796
1717
1587
1633
1543
1639
1581
1581
1661
1625
1623
1589
1444
1653
1808
1475
1801
1901
1905
2077
1743
2184
2440
2419
2406
2399
2353
2428
2429
2353
2417
2395
2204
2385
2389
2407
2389
2240
2543
2067
2449
2422
2067
2070
1987
1873
1811
1709
1472
1693
1613
1493
1607
1645
1581
1567
1637
1611
1632
1557
1527
1704
1652
1597
1695
1663
1801
1820
1873
2025
2036
2271
2291
2243
2438
2425
2125
1874
2363
2395
2389
2439
2398
2413
2417
2095
1838
2405
2451
2466
2297
2431
2063
2159
1957
1941
1867
1832
1726
1733
1685
1655
1649
1661
1575
1585
1609
1428
1618
1597
1609
1201
1514
1615
1515
1637
1675
1785
1890
1511
1859
2239
2225
1856
2392
2399
2223
2389
2098
2380
2470
2433
2323
2367
2387
2403
2353
2439
1892
2393
2429
2397
2311
2141
2019
2000
1829
1408
1732
1747
1604
1254
1617
1695
1655
1557
1634
1569
1613
1347
1625
1637
1565
1639
1589
1599
1683
1751
1850
2013
2015
2165
2177
2344
2325
2439
2406
2321
2399
2405
2376
2385
2398
2375
2360
1899
1874
2425
2399
2447
2437
2473
2403
2149
2087
2036
1873
1809
1741
1772
1544
1567
1686
1703
1593
1569
1519
1638
1557
1384
1613
1629
1614
1396
1515
1327
1652
1695
1736
1851
1990
2117
1815
2263
2449
1839
2420
2532
2413
2429
2387
2367
2289
2395
2455
2421
2279
2191
1950
2304
2410
2464
2351
2056
1949
2003
1955
1893
1715
1771
1663
1714
1671
1663
1563
1565
1239
1611
1567
1558
1613
1472
1583
1535
1537
1649
1743
1654
1675
1752
1419
1939
2123
2260
2314
2436
2405
2479
2403
2411
2423
2381
2375
2415
2405
2404
2386
2407
2399
2423
2435
2420
2440
2417
2271
1716
2005
1945
1758
1727
1734
1524
1706
1860
1625
1618
1621
1559
1635
1615
1631
1553
1599
1503
1607
1535
1623
1656
1707
1735
1844
1679
2015
2119
2203
2300
2153
2375
2396
2408
2248
1799
2391
2321
2479
2295
2479
2295
2391
2363
2384
2099
2337
2407
2492
2168
1998
1883
1924
1860
1791
1739
1514
1724
1678
1617
1589
1661
1487
1629
1407
1563
1616
1623
1616
1172
1591
1636
1634
1701
1725
1703
1914
1576
2285
2220
2383
2319
2321
1862
2356
2357
2196
2345
2366
2401
2333
2463
2372
2350
2313
2358
2358
2385
2367
2359
2127
2011
1950
1863
1872
1781
1727
1459
1661
1711
1674
1672
1591
1657
1631
1612
1535
1603
1543
1569
1573
1459
1399
1345
1687
1747
1874
1967
2191
2093
2247
2271
2327
2325
2351
2366
2357
2357
2359
2511
2386
1928
2405
2358
2325
2377
2391
1919
2371
2276
2335
2039
2015
1901
1917
1801
1677
1727
1701
1714
1704
1209
1655
1576
1563
1649
1573
1603
1535
1611
1476
1471
1531
1559
1669
1856
1869
1945
2016
2046
2123
2412
2255
2239
2276
2233
2317
2196
2464
2163
2289
2355
2385
2335
2379
1831
2405
2472
2401
2511
2511
2252
2083
2348
2301
2349
1839
2372
2377
2369
2354
2349
2359
2227
2291
2257
2237
2343
2343
2327
2359
2338
2295
2460
2361
2175
2313
2341
2271
2331
2337
2349
2333
2326
2346
2448
2331
2315
2349
1788
2295
2303
2315
2349
2301
2187
2353
1863
2327
2301
