2215
2245
2182
2135
2143
2187
2191
2192
2173
2189
2036
2172
2141
1620
2153
1843
2153
2177
2183
2001
2174
2146
2176
2197
1831
1640
2146
1983
2143
2111
2213
2132
2229
2225
1807
2281
2318
2335
2243
2311
2339
2271
2341
2299
2321
2367
2385
2329
2349
2359
2327
2271
2366
1767
2017
2056
1873
1797
1764
1721
1239
1563
1535
1655
1615
1562
1443
1493
1345
1521
1385
1509
1489
1090
1413
1532
1171
1408
1395
1383
1360
1445
1199
1519
1273
1387
1139
1312
1188
1515
1535
1553
1461
1503
1637
1249
1655
1604
1841
1947
1645
2082
2141
2081
2197
2221
2395
2289
2274
2277
2323
2321
2261
2281
2353
2343
2271
2415
2339
2314
1971
2375
2379
2388
2343
2343
2353
2317
2379
2389
2369
2325
2395
2358
2355
1939
2188
2065
1936
1755
1799
1757
1687
1652
1642
1571
1567
1561
1559
1415
1445
1459
1353
1497
1485
1451
1092
1167
1425
1219
1339
1085
1313
1418
1341
1333
1199
1349
1476
1360
1359
1110
1439
1415
1416
1551
1228
1569
1617
1687
1844
1901
1925
1957
2109
2097
1735
2079
1964
2063
2355
2311
2162
2163
2396
2420
2311
2341
2313
2383
2322
2301
2352
2281
2301
2374
2364
2351
2393
2360
2159
2375
2361
2331
2003
2335
2418
2343
2239
2231
2117
1591
1809
1820
1603
1773
1674
1568
1549
1564
1525
1156
1527
1481
1477
1335
1167
1357
1419
1297
1545
1111
1417
1379
1398
1333
1279
1388
1301
1329
1400
1410
1349
1280
1487
1303
1341
1421
1612
1579
1477
1545
1276
1773
1942
1937
2013
2018
2051
2068
2197
2256
2406
2325
1815
2297
1740
1719
2299
2344
2379
2293
2347
1919
2345
2291
2303
2208
2383
1791
2335
2366
2412
2351
2322
2323
2337
2239
2317
2399
2367
2351
2036
2207
2183
1642
1937
1854
1785
1812
1677
1600
1673
1660
1693
1573
1681
1639
1480
1591
1613
1609
1595
1528
1557
1589
1408
1517
1556
1509
1442
1495
1527
1463
1533
1503
1497
1315
1501
1108
1555
1503
1471
1621
1193
1658
1716
1615
1823
1887
1881
2107
2118
2191
2207
2317
2341
2294
2320
1955
1735
2128
2290
2330
2346
2325
2311
2346
2349
2239
2357
1938
2349
2325
2349
2354
2357
2291
2197
2151
2333
2197
2323
2275
2363
2369
1783
2345
2255
2057
1965
1685
1799
1812
1760
1652
1627
1719
1244
1666
1639
1669
1635
1551
1569
1471
1461
1520
1376
1347
1700
1525
1439
1473
1095
1429
1509
1428
1521
1417
1364
1439
1527
1509
1471
1509
1329
1553
1587
1637
1747
1821
1821
1988
2036
1703
2195
1831
2356
2216
2347
2293
2295
2303
2271
2359
2327
2187
2301
2343
2447
2336
2313
2340
2342
2327
2303
2362
1791
2354
1798
2063
1928
2343
2375
2311
2347
2335
2308
2303
1783
2111
1996
1955
1905
1791
1791
1568
1753
1443
1680
1775
1735
1655
1303
1675
1633
1331
1565
1679
1545
1554
1303
1500
1493
1612
1553
1552
1679
1629
1479
1499
1503
1481
1551
1415
1459
1525
1420
1608
1493
1347
1605
1723
1743
1777
1955
1984
1607
2157
2133
2171
2295
2295
2447
2327
2207
2301
2301
2351
2289
2265
2143
2063
2279
2296
1868
2335
2338
2333
2175
1907
2381
2271
2331
2305
2361
2225
2333
2303
2333
2337
2318
2317
2207
2160
2055
1444
1847
1797
1693
1739
1695
1629
1665
1320
1703
1651
1607
1458
1152
1553
1315
1481
1063
1575
1425
1473
1429
1412
1110
1454
1513
1552
1435
1559
1404
1507
1485
1612
1393
1453
1437
1493
1489
1541
1240
1625
1745
1932
2031
1988
2069
2176
2155
2377
2039
2325
2247
2239
2309
1724
2279
2356
2275
2331
2286
2247
2319
2295
2327
2284
2310
2123
1865
2310
2323
2297
2260
2321
2274
2284
2303
2269
2111
2271
2192
2275
2262
2099
1591
1827
1715
1733
1655
1667
1589
1647
1556
1667
1659
1549
1334
1239
1485
1412
1535
1428
1549
1509
1393
1398
1389
1493
1379
1471
1152
1380
1151
1413
1357
1089
1387
1425
1551
1375
1279
1503
1555
1503
1651
1617
1716
1946
2116
2053
2042
2157
2208
2196
1831
2289
1708
2290
2169
2288
1756
2328
2128
2281
2368
2303
2284
2243
1692
1679
2245
2233
2254
2279
2251
2241
2277
2356
2279
2309
2270
2241
1764
2029
2295
2175
2215
2038
1563
1734
1708
1523
1667
1653
1657
1701
1679
1573
1605
1535
1543
1573
1071
1491
1525
1453
1399
1485
1463
1479
1241
1421
1399
1439
1409
1461
1401
1496
1389
1439
1473
1383
1263
1550
1481
1471
1196
1581
1759
1430
1829
1963
1964
1999
2164
2111
2186
2155
2111
2264
1911
2276
2294
2269
2273
2259
2228
2230
2229
2227
2231
2161
2243
1971
2281
2268
2253
1999
2261
2292
2099
2287
2228
2231
2255
2383
2173
2207
2068
2148
2103
1727
1680
1250
1701
1590
1236
1475
1671
1756
1567
1372
1471
1295
1429
1171
1411
1327
1476
1341
1348
1151
1367
1397
1317
1343
1429
1317
1385
1303
1015
1004
1376
1125
1424
1388
1393
1533
1553
1620
1653
1657
1796
1779
1777
1740
2039
1987
2097
2201
2203
2199
2268
2323
2253
2303
2223
2245
2271
2193
1748
2221
2295
2231
2319
2270
1735
2241
2167
1693
2221
2341
1764
2253
2224
2299
1919
2239
2322
2287
2277
2231
2251
2229
1519
1399
1709
1697
1563
1579
1629
1573
1564
1577
1453
1343
1343
1437
1459
1497
1449
1479
1359
1441
1479
1402
1269
1315
1305
1317
1187
1477
1390
1321
1444
1425
1467
1377
1039
1520
1509
1488
1624
1629
1697
1701
1713
1829
1946
1983
2064
2188
2076
2153
2099
2300
2199
2199
2065
2171
2173
2320
2192
2175
2151
2151
2230
2154
2165
2204
2051
2215
2166
2147
2133
2121
2079
2185
2207
2195
2287
1639
2247
2309
1828
1781
1896
1725
1631
1651
1749
1705
1568
1570
1637
1579
1540
1595
1457
1515
1111
1360
1139
1419
1029
1361
1375
1287
1397
1405
1333
1311
1291
1283
1345
1446
1290
1315
1345
1407
1356
1332
1477
1216
1172
1483
1515
1496
1701
1527
1767
1545
1987
1987
2067
1588
1972
2033
2077
2173
2105
2085
1630
2113
2071
1923
2134
2133
2056
2058
2109
2071
1937
2115
1575
2124
2065
2081
2061
2106
2107
2103
1612
2149
2171
2233
2225
2245
2059
2003
1641
1707
1721
1740
1427
1653
1682
1427
1503
1576
1481
1461
1520
1501
1398
1319
1469
1329
1424
1400
1335
1375
1229
1076
1306
1415
1397
1247
1420
1361
1277
1487
1305
1484
1230
1354
1375
1493
1549
1586
1625
1599
1729
1717
1851
1963
1973
1929
1883
1883
1575
2181
1607
2091
1977
2104
2031
2013
2057
2009
2043
2035
1981
1479
1989
2079
1989
2035
2069
2182
2069
2106
2132
1773
2127
2132
2135
2234
2219
2252
2111
2194
1935
1791
1791
1415
1802
1761
1631
1732
1620
1627
1528
1520
1568
1559
1481
1488
1315
1461
1443
1361
1312
1334
1279
1281
1419
1247
1399
1309
999
1207
1435
1395
1361
1430
1444
1447
1186
1479
1445
1383
1429
1579
1663
1653
1689
1709
1656
1540
1863
1785
1428
1979
1871
2118
1977
1805
1839
2069
2069
2019
2091
2069
2031
2191
2033
2029
2039
2069
2057
1703
2137
2141
2143
2097
1871
2102
2223
1791
2189
2251
2253
2029
2225
2207
2113
1811
1885
1408
1831
1744
1745
1557
1639
1653
1557
1645
1520
1529
1524
1500
1552
1412
1421
1392
1329
1332
1334
1309
1346
1021
1415
1445
1339
1373
1341
1401
1355
1371
1296
1377
1373
1199
1481
1429
1387
1621
1628
1653
1653
1740
1727
1727
1803
1777
1869
2091
2035
2053
2113
2135
2093
2141
1670
1775
2139
1939
2191
2184
2284
2198
2155
2145
1940
2232
1912
2218
2185
2227
2201
1684
2215
2233
2282
1756
2308
2245
2315
1630
1903
1997
1711
1851
1863
1697
1713
1239
1612
1634
1557
1471
1557
1495
1509
1543
1411
1365
1371
1417
1497
1485
1360
1484
1375
1325
1317
967
1424
1357
1415
1155
1487
1247
1039
1372
1439
1425
1263
1457
1461
1541
1621
1512
1679
1719
1791
1806
1879
1853
1671
2157
2028
2115
2174
2119
2193
1712
2111
2215
2150
1791
2177
2153
2195
2287
2228
2212
2241
2255
2364
2293
2207
2259
2281
2277
2259
2253
2244
2257
1984
2227
2320
2059
2092
2057
1949
1819
1826
1703
1709
1662
1701
1645
1135
1573
1524
1557
1484
1383
1437
1425
1434
1412
1519
1415
1345
1325
1458
1391
1385
987
1448
1296
1281
1347
1422
1381
1331
1151
1469
1527
1509
1595
1529
1610
1593
1714
1837
1711
1745
2027
1887
2097
2132
2147
2157
2163
2149
2145
2057
2238
2163
2183
2312
2193
2186
2239
2249
2211
2257
2175
1724
2279
1903
2303
2269
2309
2356
2264
2282
2287
2243
2269
2289
2297
1839
2105
2125
1855
1897
1809
1765
1739
1681
1691
1711
1541
1611
1167
1363
1457
1567
1393
1488
1470
1414
1381
1013
1348
1430
1476
1051
1343
1329
1438
1312
1429
1303
1297
1324
1335
1487
1479
1449
1497
1507
1565
1549
1549
1631
1808
1813
1791
1829
1748
1663
1876
2260
2125
2131
2165
2213
2016
2212
2223
2227
1880
2215
1857
2287
2350
2237
2261
2279
2299
2325
1956
1725
2263
2290
2261
2280
2326
2233
2290
2351
2267
2165
2229
2179
2199
2058
1921
1552
1809
1676
1677
1460
1632
1567
1597
1639
1623
1501
1476
1407
1343
1389
1223
1333
1076
1373
1381
1351
983
1412
1363
1413
1028
1373
1519
1100
1317
1414
1335
1389
1439
1441
1103
1375
1511
1587
1616
1791
1785
1837
1896
1590
2081
2079
2102
2125
1615
2151
2183
2186
2173
2173
65024
65024
65024
65024
65024
65024
65024
65024
65024
65024
65024
65024
65024
65024
65024
65024
65024
65024
65024
65024
65024
2061
1941
1841
1839
1739
1719
1693
1669
1395
1604
1532
1191
1453
1447
1615
1393
1439
1381
1433
1459
1399
1328
1459
1393
1363
1441
1309
1348
1398
1341
1311
1445
1320
1381
1397
1589
1567
1511
1605
1693
1700
1667
1737
1821
1808
1907
2019
2039
2061
2133
1639
2274
2303
1844
2311
2271
1867
2301
2324
1703
2298
2251
2305
2333
2337
2208
2295
2257
2313
2335
2357
1879
2303
2321
2342
1935
2303
1957
2300
1781
2289
2292
2148
2077
1977
1811
1863
1864
1350
1723
1617
1594
1565
1525
1445
1124
1493
1343
1434
1381
1337
1472
1381
1463
1248
1169
1304
1604
1384
1447
1564
1479
1336
1413
1076
1350
1227
1475
1493
1260
1491
1552
1617
1405
1601
1662
1717
1813
1957
1615
1948
1607
2105
2115
2167
2241
2211
2295
2325
2275
2282
2273
2340
2225
2304
2251
1839
2332
2325
2063
2318
2277
2273
2317
2291
2295
2407
2289
2375
2288
2299
2334
2035
2365
2052
2313
2113
2039
1930
1817
1351
1732
1279
1692
1567
1641
1617
1611
1507
1084
1299
1470
1477
1440
1295
1439
1056
1148
1304
1348
1477
1501
1361
1216
1371
1415
1367
1465
1472
1509
1542
1527
1565
1588
1535
1538
1711
1626
1704
1673
1843
2004
2044
1985
1636
2101
2097
1972
1967
2228
2245
2263
2035
2319
2285
2282
2302
2253
2161
2325
2263
2207
1831
2329
2328
2392
2348
1987
2343
1777
2479
2359
2331
2352
2335
2100
2249
2383
1911
2093
2071
1906
1889
1823
1764
1596
1693
1655
1533
1253
1495
1439
1591
1559
1437
1532
1313
1155
1365
1280
1288
1357
1316
1429
1299
1343
1380
1136
1412
1309
1319
1413
1429
1361
1457
1523
1541
1221
1615
1500
1500
1622
1603
1523
1833
1923
1921
2127
2119
2115
1605
1664
2201
2219
2298
1703
2325
2313
2261
2241
2301
2263
2314
2263
2136
2291
2295
2297
2300
2294
2373
2325
1839
2308
2239
2289
2275
2440
2349
2322
2327
2263
2175
2216
1667
1909
1802
1808
1717
1695
1680
1703
1623
1493
1573
1477
1566
1459
1188
1367
1347
1380
1405
1377
1323
1333
1329
1031
1353
1403
1344
1481
1404
1429
1303
1030
1311
1447
1427
1521
1461
1437
1572
1583
1675
1661
1580
1829
1841
1959
2029
2054
2029
2129
1935
2166
2207
2177
2285
2363
2307
2404
2295
2299
2268
2293
2303
2303
2374
2276
2329
2303
2287
2153
2315
2172
2329
2346
2294
1863
1895
2363
2371
2346
2303
2319
1556
2005
1968
1809
1860
1759
1643
1259
1205
1359
1607
1431
1550
1425
1509
1461
1412
1344
1477
1333
1421
1311
1431
1296
1508
1441
1395
1343
1311
1429
1423
1436
1487
1393
1405
1484
1397
1160
1397
1568
1580
1659
1649
1751
1789
1830
1876
1967
2067
1541
2081
1748
2213
2313
2215
2193
2303
1967
2317
2334
1919
2316
2279
2239
2111
2256
2337
2311
2278
2224
2285
2422
2303
2346
1767
2345
2313
2303
2335
2194
2335
2314
2361
2117
2103
1883
1431
1407
1728
1733
1567
1665
1644
1547
1278
1597
1471
1491
1361
1385
1492
1311
1379
1428
1297
1063
1291
1347
1413
1433
1291
1407
1440
1305
1389
1247
1330
1425
1445
1490
1544
1437
1486
1621
1645
1585
1749
1351
1785
1853
1903
1983
1951
2071
2155
1653
2165
2211
2241
2324
2317
1767
2207
2293
2157
2259
2263
2383
2128
2343
2328
1703
2323
1996
2303
2339
2309
1895
2373
1764
2301
2320
2311
2245
2295
1807
2319
2105
2004
1849
1840
1789
1701
1697
1471
1637
1299
1517
1537
1603
1159
1435
1365
1279
1361
1473
1471
1028
1309
1417
1439
1273
1325
1397
1319
1395
1319
1183
1239
1091
1135
1411
1447
1524
1456
1453
1563
1543
1721
1695
1767
1887
1777
1962
1999
2041
2058
2117
1763
2188
2144
2177
2235
1703
2216
2303
2282
2376
2309
2325
2253
2275
2321
2374
2303
2297
2343
2343
2355
2413
2261
2113
2078
2248
2291
2275
2320
2277
2293
2246
2029
1905
1911
1863
1809
1823
1649
1621
1220
1629
1609
1549
1576
1448
1076
1451
1218
1151
1363
1482
1369
1107
1342
1343
1215
1415
1479
1279
1455
1448
1481
1383
1365
1323
1425
1088
1431
1437
1463
1573
1557
1585
1583
1667
1754
1812
1850
1787
2018
1951
2101
1815
2183
2056
2247
2276
2295
2217
2313
2263
2288
2271
2131
1935
2383
2309
2281
2331
2287
2331
2273
2259
2318
2300
2296
2436
2333
2311
2447
2345
2343
2331
2415
1947
2059
1924
1879
1763
1721
1491
1677
1667
1597
1240
1552
1569
1561
1151
1484
1421
1349
1551
1296
1325
1424
1281
1460
1311
1348
1341
1363
1353
1405
1381
1487
1348
1345
1427
1478
1385
1371
1495
1557
1573
1501
1677
1347
1903
1841
1415
1450
1778
1969
2117
2130
2135
2189
2231
2324
2287
2120
2274
2326
2207
2243
2282
2253
2255
2265
2294
2297
2003
2265
2315
2336
2323
1828
2200
2355
2301
2277
2238
2357
2355
2327
2315
2272
2088
1945
1911
1799
1695
1505
1706
1623
1595
1509
1471
1583
1444
1103
1397
1407
1393
1425
1429
1316
1375
1334
1528
1167
1440
1405
1311
1316
1519
1219
1333
1392
1395
1395
1421
1381
1151
1471
1475
1460
1623
1673
1633
1807
1319
1791
1873
1836
1975
2027
1607
2179
2197
1645
1783
2277
1751
2301
2271
1738
1856
2243
2239
2286
2285
2324
2286
2320
2063
2301
2326
2311
2440
2333
2383
2327
2408
2083
1703
2335
2292
2224
2225
2084
2003
1500
1381
1362
1700
1606
1696
1621
1512
1541
1604
1575
1556
1421
1392
1420
1407
1431
1447
1108
1459
1373
1477
967
1500
1296
1151
1421
1361
1446
1450
1443
1412
1111
1461
1472
1461
1445
1433
1577
1633
1621
1695
1697
1862
1936
1997
2068
2091
2079
2147
2255
2203
2245
2257
2300
2220
2261
2261
2327
2324
2209
2310
2388
2303
2328
2302
2277
2325
2344
2314
2071
2318
1735
2378
1767
2196
2381
2207
2337
2341
2359
2045
2068
1939
1759
1354
1690
1669
1736
1456
1679
1517
1615
1228
1557
1525
1381
1471
1476
1519
1413
1060
1311
1350
1393
1403
1375
1364
1440
1343
1301
1361
1289
1345
1031
1236
1411
1615
1439
1497
1359
1473
1652
1652
1621
1681
1773
1941
1945
1969
2035
2068
2116
2145
2256
2236
2309
2276
2293
2331
2256
2282
2293
2321
1688
2311
2239
1826
2301
2244
2309
2327
2340
2303
2365
2335
2289
2323
2300
2333
2355
2311
2293
2067
2149
2052
2026
1933
1727
1535
1697
1381
1192
1649
1543
1567
1509
1497
1085
1511
1207
1480
1341
1423
1000
1429
1381
1293
1297
1421
1425
1341
1135
1411
1455
1297
1397
999
1335
1417
1360
1451
1369
1412
1447
1489
1631
1716
1884
1817
1847
1516
1951
2055
2127
2059
1976
2151
1607
2228
2381
2136
2284
2256
2383
2303
2307
2383
2313
2005
2277
2333
2311
1991
1734
2236
2132
2298
2312
2339
1716
2293
2277
2312
1703
2327
2311
2327
2167
2025
2140
1879
1749
1871
1675
1599
1597
1559
1529
1576
1549
1491
1485
1473
1459
1487
1397
1402
1407
1375
1424
1415
1311
1476
1316
1199
1343
935
1279
1071
1373
1320
1375
1405
1333
1443
1479
1445
1560
1571
1665
1617
1750
1759
1843
1877
1993
2042
2083
1604
2141
2181
2167
2247
2231
2327
1831
2275
2260
1744
2231
2250
2275
2285
2357
2329
2383
2324
2344
2309
2342
2336
2334
2295
1844
2301
2476
2308
2311
2063
2303
1737
2052
2090
1853
1813
1723
1691
1599
1632
1675
1539
1526
1471
1352
1437
1471
1615
1381
1452
1540
1435
1358
1252
1012
1397
1320
1435
1411
1356
1441
1137
1247
1375
1294
1436
1327
1424
1556
1472
1279
1511
1524
1605
1596
1598
1841
1791
1840
1971
1613
2080
2132
2133
2103
2199
2201
2311
1791
2191
2299
2231
2319
2312
2285
2280
2325
2302
2329
2338
2326
2279
2327
2305
2345
2257
2327
2301
2341
2333
2343
2285
2378
2340
2303
2093
2035
1925
1847
1759
1509
1655
1703
1671
1344
1559
1495
1597
1387
1527
1263
1384
1437
1047
1397
1551
1046
1370
1313
1228
1279
1301
1415
1309
1583
1301
1002
1111
1430
1355
1357
1344
1479
1417
1535
1541
1607
1665
1658
1751
1817
1383
1956
2011
1985
2073
2131
2178
2174
2312
2212
2313
2318
2302
2293
2384
1678
2243
2279
2317
2261
2260
2376
2275
2274
2284
2313
2249
2282
2239
2447
2327
2338
2326
2342
2283
2313
2319
2033
2043
1951
1788
1765
1649
1733
1671
1705
1567
1603
1503
1557
1549
1533
1513
1329
1311
1387
1404
1357
1031
1364
1305
1447
1279
1249
1397
1311
1417
999
1415
1287
1399
1323
1141
1354
1373
1536
1315
1461
1222
1204
1705
1773
1933
1791
1978
1951
2113
2011
2089
1735
2123
2239
1791
2257
2263
2055
2285
2261
2351
1706
2245
2314
1903
2316
2325
1710
2399
2311
2292
2317
2368
2262
2331
2241
2343
2390
2313
2143
2275
2281
2250
2182
1959
1837
1827
1325
1757
1713
1605
1637
1553
1508
1541
1559
1095
1679
1415
1483
1123
1030
1409
1445
1351
1361
1399
1369
1309
1389
1500
1551
1299
1403
1427
1367
1426
1467
1456
1484
1370
1539
1535
1589
1550
1649
1695
1725
1930
1893
1980
1985
1919
1966
2079
2099
2185
2220
2284
2203
1735
2193
2283
2244
2311
2308
1846
2325
1712
2282
2279
2325
2346
1987
2309
2352
2349
1938
2299
2349
2412
2312
2346
2332
2355
2271
1629
1602
1555
1895
1816
1731
1480
1675
1581
1620
1154
1524
1457
1571
1451
1411
1549
1363
1341
1349
1231
1312
1445
1079
1382
1487
1351
1328
1059
65024
65024
65024
65024
65024
65024
65024
65024
65024
65024
65024
65024
65024
65024
65024
65024
65024
65024
65024
65024
65024
2271
2234
2268
2295
1783
2317
2321
2295
2284
2295
2271
2293
2307
2313
1714
2287
2285
1879
2321
2310
2327
2329
2327
2284
2143
2373
2289
2311
2392
2251
2140
2000
1859
1805
1801
1701
1653
1621
1595
1591
1223
1593
1235
1497
1401
1493
1397
1343
1335
1407
1446
1054
1407
1305
1349
1343
1313
1279
1328
1431
1381
1289
1348
1365
1434
1364
1167
1580
1412
1585
1595
1193
1719
1773
1687
1784
1913
2031
1959
1764
2093
2151
2146
2185
2256
2239
2314
2251
2388
2276
2282
2315
2293
2336
2372
2003
2268
2359
2355
2394
2327
2355
2346
2326
2325
2332
2323
1903
2244
2357
2333
2303
1864
2249
2205
2201
2189
2151
2075
2063
2005
2037
2003
1989
1711
1736
1917
1959
1907
1929
1957
1912
1900
1999
1824
1452
1901
1901
1919
1984
1959
1879
1907
1854
1943
1911
1873
1412
1890
1965
1647
1999
1941
1946
1895
1867
1862
1867
1887
1909
1983
1949
1957
1888
1861
1914
1923
1919
1833
1859
1895
1911
1901
1747
1895
1899
1881
1923
1853
1907
1906
2025
1712
1885
1941
1925
1571
1919
1887
1837
1879
1893
1907
1843
1873
1917
1877
1823
1921
1833
1865
1851
1925
1877
1820
1845
1893
1911
1698
1915
1764
1571
1383
1870
1828
1925
1655
1871
1906
1903
1909
1857
1904
1810
1874
1924
1886
1901
1871
1920
1919
