1831
1801
1840
1771
1757
1731
1551
1777
1695
1703
1744
1715
1788
1815
1809
1737
1819
1502
1815
1679
1719
1719
1711
1759
1743
1492
1791
1733
1733
1673
1817
1605
1767
1757
1811
1837
1825
1765
1893
1918
1791
1883
1900
1807
2045
2111
2198
2230
2131
2007
2029
1951
1901
1843
1963
1999
1903
1927
1519
1540
1813
1901
1908
1927
1858
1447
1903
1924
1833
1972
1859
1844
1815
1894
2026
2136
2124
1964
2251
65024
65024
65024
65024
65024
65024
65024
65024
65024
65024
65024
65024
65024
65024
65024
65024
65024
65024
65024
65024
65024
1981
1933
1893
1810
1962
1962
1837
1743
1850
1787
1831
1767
1839
1891
1843
1691
1857
1838
1727
1865
1791
1721
1811
1909
1728
2081
2199
2263
2291
2250
2250
2141
2185
2223
2019
2171
2160
1713
2049
2106
2147
2079
2077
2163
2223
2209
2203
2213
2047
2031
1939
1929
1861
1892
1931
1848
1892
1871
1873
1879
1861
1751
1848
1612
1455
1853
1830
1849
1791
1791
1835
1745
1828
1972
2091
2145
2148
2247
2248
2235
2235
65024
65024
65024
65024
65024
65024
65024
65024
65024
65024
65024
65024
65024
65024
65024
65024
65024
65024
65024
65024
65024
1673
1770
1910
1933
1834
1864
1879
1829
1807
1736
1765
1857
1873
1860
1784
1825
1808
1787
1442
1815
1827
1981
2093
2107
2161
2221
2238
2173
1717
2176
2165
2069
2159
2118
2042
2119
2092
2023
2004
2079
2166
2271
2259
2239
2197
2077
2032
2028
1956
1886
1967
1951
1875
1917
1908
1931
1797
1835
1844
1775
1857
1856
1886
1787
1813
1813
1781
1816
1847
1759
1651
1983
2079
2253
2189
2261
2153
1848
2165
2173
2133
2074
1875
1875
2088
2039
2081
2085
2069
2092
2201
2236
2089
2192
2177
2071
2004
1939
1865
1889
1907
1789
1911
1832
1831
1903
1827
1879
1895
1799
1767
1845
1831
1789
1841
1761
1812
1541
1811
1858
1980
1989
2071
2152
2252
2223
2002
2161
2173
2133
1737
2064
2133
2135
2045
2127
1605
2121
2065
2094
2051
2237
2277
2188
2145
2035
1973
1975
1947
1958
1841
1909
1922
1863
1873
1781
1667
1815
1942
1951
1556
1863
1760
1755
1805
1823
1744
1759
1703
1831
1879
1993
2139
2157
2201
2199
2193
1988
2139
2071
2115
2039
2078
2077
2076
2033
1759
2037
1993
2070
2153
2245
2219
2133
2148
2032
2048
1901
1927
1957
1841
1887
1901
1861
1883
1837
1736
1883
1408
1864
1853
1844
1803
1851
1828
1845
1749
1805
1701
1825
1903
1608
2099
2140
2207
2165
2199
2089
2135
2105
2097
2057
2079
2099
2129
2083
2071
2070
2057
2108
2068
2197
2227
2213
2129
2019
2000
1972
1933
1914
1872
1903
1911
1843
1895
1861
1543
1699
1816
1829
1869
1745
1670
1779
1861
1789
1609
1791
1735
1829
1835
1835
2230
2229
2189
2228
2183
2103
2157
2109
2101
2129
2046
2085
1969
2079
1978
2079
2015
1666
2181
1941
2170
2112
2058
1941
1957
1861
1928
1879
1872
1929
1825
1936
1431
1884
1819
1799
1789
1811
1828
1857
1771
1791
1855
1763
1781
1447
1415
1909
1994
2043
2133
2198
2216
1689
2213
2071
1984
2053
2084
1689
2125
1948
2093
2087
2025
1995
2021
2035
2037
2024
1775
1983
2031
1673
2037
2085
1807
2061
2036
2010
1969
2018
2035
2041
1836
1987
2065
2042
1984
1685
2015
1981
1750
1987
1987
1965
1993
2025
1705
2081
1968
1907
2000
2023
2021
1949
1964
1581
1805
2028
1965
1962
2013
2028
1696
1687
2021
2011
1967
1975
1951
1933
1884
1936
2127
1957
