3197
3163
3131
3181
3129
3217
3127
2583
3001
3185
2767
3129
3173
3127
3188
3200
3173
3185
3217
3133
3212
3139
3231
2781
3199
3219
3205
3213
3145
3221
3279
3189
3222
3227
3253
3286
3289
3439
2896
3410
3431
3382
3407
3297
3191
3044
2965
2888
2942
2915
2913
2933
2950
2923
2852
2391
2778
2471
2821
2451
2853
2789
2751
2229
2811
2884
2801
2789
3133
3205
3303
3339
3381
3469
3345
3439
3420
3365
3389
3303
3335
3343
3039
3254
3348
3269
3361
3441
3437
3423
3385
3462
3357
3313
3109
3092
2977
2898
2327
2996
2447
2971
2891
2849
2907
2919
2863
2901
2793
2837
2845
2837
2793
2741
2813
2892
2676
2825
2973
3167
3208
3333
3369
3439
3299
3379
2805
2922
3377
3373
3335
2604
2943
3317
3304
3165
3333
3500
3429
3499
3204
3128
3339
3285
3157
3061
2963
2967
2925
2909
2875
2933
2880
2953
2897
2478
2215
2837
2894
2660
2793
2783
2745
2768
2797
2775
2743
2765
2973
3253
3100
3369
3339
3519
3419
3463
3397
3351
3263
3293
3275
3312
3167
3297
3254
3333
3363
3427
3440
3402
3381
2812
3397
3365
3202
3031
2971
2927
2903
2911
2919
2890
2923
2853
2901
2927
2868
2813
2391
2863
2483
2811
2117
2799
2797
2801
2757
2811
2839
2804
3187
3337
3377
3367
3409
3355
3393
2567
3325
3308
3335
2944
3305
3295
3245
3153
3278
3367
3429
3498
3431
3417
3333
3220
2835
3069
2983
2908
2883
2857
2543
2905
2909
2885
2889
2903
2900
2278
2869
2807
2804
2769
2757
2775
2799
2757
2741
2748
2895
3117
3241
3359
3293
3391
3108
3423
3357
2885
3359
3367
3331
3278
3256
3235
3261
3287
3293
3351
3367
2786
3479
2757
3438
3264
2802
3119
2961
2241
2902
2872
2439
2946
2955
2877
2860
2857
2857
2869
2915
2895
2832
2285
2810
2136
2761
2797
2431
2805
2853
3071
3187
3281
3407
3052
3432
3409
3373
3377
3325
3281
3283
3241
3285
3285
3216
3402
3304
3355
3405
3495
3382
3383
3255
3309
2880
3109
2944
2911
2939
2639
2843
2369
2985
2889
2943
2881
2909
2929
2413
2885
2875
2855
2813
2705
2828
2769
2761
2757
2717
3151
2439
3301
3297
3389
2788
3404
3343
3289
3295
3341
3189
3280
3293
3207
3212
3314
3301
3340
3466
3437
3396
3433
3445
3363
3343
2895
2997
2919
2875
2897
2881
2843
2931
2887
2804
2927
2837
2882
2817
2737
2847
2781
2789
2763
2737
2806
2719
2767
2745
3039
2996
3364
3323
3383
3421
3406
3155
3331
2835
2965
2703
3246
3241
3274
3228
3241
3279
3341
3395
3443
3399
3349
3454
3347
2793
3153
2942
2925
2847
2881
2893
2873
2674
2877
2837
2929
2877
2889
2939
2855
2911
2860
2247
2262
2805
2863
2729
2761
2785
3103
3236
3361
3367
3347
3355
3386
3404
3408
3333
2647
3291
3323
3245
3251
3309
3263
3319
3373
3341
3395
3475
3568
3514
2679
3237
3155
3013
2937
2703
2878
2908
2977
2951
2861
2897
2849
2907
2817
2826
2868
2821
2836
2811
2805
2804
2599
2757
2803
2833
3160
3166
3305
3322
3383
3431
3442
3516
3313
3356
3300
3252
3060
3271
3302
3292
3184
3197
3203
3221
3145
3153
3191
3207
3173
3183
3235
3237
3216
3173
3156
3129
3199
3153
3207
3090
3183
3195
2631
3212
3201
3097
3167
3247
3237
2415
3167
3205
3260
3152
3241
3222
3223
2916
3191
2895
3231
3167
3173
3189
3240
3109
3165
3121
3159
3279
2679
3220
3165
3195
3157
2923
3125
2835
3213
3135
3159
3196
3199
3182
3115
