2294
1943
1704
2261
2226
2213
2223
2038
2263
2228
2241
2213
2274
2267
2244
2250
2210
2225
2262
2239
2243
2247
2219
2198
2213
2225
2277
2229
2295
2239
1968
2320
2237
2233
2311
2227
2207
2293
2297
1781
2253
2277
2239
2279
2139
2325
2325
2341
1927
2510
2467
2545
2498
2055
2481
2386
2285
2181
2243
2233
2239
2282
2283
2220
2340
2137
2059
2165
2205
2255
1680
2173
2139
1621
2067
2055
2007
2037
1876
2285
2348
2440
2485
2478
2503
2419
2457
2461
2452
2388
2039
2411
2364
2165
2377
2359
2344
2399
2437
2455
2499
2498
2516
2523
2379
2310
2058
2199
2196
2246
2235
2243
2215
2250
2201
2185
2231
1767
2173
2203
2171
2141
2143
2085
2063
2055
1648
2041
2117
2236
2309
2175
2451
2469
1989
2452
2475
2399
2453
2388
2445
2434
2436
2115
2341
2426
2408
1830
2421
2481
2525
2387
2481
2034
2421
2335
2208
2185
2204
2209
2195
2217
2251
2261
2223
2165
2181
2133
2147
2089
2159
2086
2129
2112
2001
2000
2011
2046
2116
2247
2375
2361
2071
2429
2435
2435
2419
2384
2385
2372
2389
2431
2370
2350
2401
2428
2375
2370
2508
2463
2450
2471
2506
2516
2174
2100
2171
2229
2155
2231
2285
2223
2233
2080
2215
2266
2223
2221
2197
2146
2163
2179
2101
2045
1980
1979
1999
2071
1647
1862
2351
2395
2375
2439
2409
2386
2405
2004
2405
2376
2413
2358
2415
2358
2341
2375
2356
2447
2365
2460
2452
2071
2455
2550
2401
1830
2199
1999
2245
2252
2208
2237
2245
2221
2055
2189
2228
2137
2143
2145
2149
1863
2138
2029
1955
2088
2012
2023
2105
2293
2369
2439
2320
2056
2389
2399
1956
2371
2191
2427
2375
2440
2353
2307
2394
2355
1867
2385
2443
2429
2433
2281
2437
1963
2442
2230
2217
1708
2233
2293
2299
2245
1750
2203
2219
2144
2231
2173
2203
2284
2112
2179
2117
2065
1663
1973
1973
2008
2189
2269
2347
2347
2380
1932
2355
2431
2388
2436
1932
2427
2211
2404
2375
2373
2341
2066
2442
2421
2437
1903
2472
2425
2474
2336
2365
2237
2221
1884
2316
2253
2317
2305
2292
2255
2209
2183
2156
2214
2308
2197
2100
2112
2043
2003
1949
1994
1695
1985
2114
2313
2364
2385
2455
2407
2455
2454
2401
2407
2369
2363
2399
1866
2318
2373
2344
2407
2395
2423
2438
2466
2160
2491
1927
2365
2342
2228
2187
2214
2239
1901
2231
2241
2268
2260
2193
2155
2214
2141
2165
2153
2168
2143
1983
1992
1959
1998
2005
2013
2202
2293
1822
2357
2340
2450
2431
2463
1879
2395
2359
1956
2240
2364
2368
2292
2370
2287
1951
2465
2469
2473
2475
2517
2493
2434
2335
2301
2165
2250
2221
2156
2246
2296
2233
2236
2198
2182
2173
2161
2162
1742
2151
2101
2069
2031
1917
1967
1957
2042
2151
2004
2432
2313
2159
2492
2428
2465
2400
2389
2120
2453
2456
1869
2335
1911
2423
2375
2397
2472
2411
2423
2094
2465
2514
2407
2357
2207
2143
2218
1831
2307
2279
2247
2265
2245
2209
1799
2080
2165
2143
2184
2151
2065
2087
2104
2025
1999
1919
2053
2197
2290
2115
2026
2415
2194
2431
2453
2409
2372
2435
2355
2311
2425
2291
2386
2335
2359
2399
2321
2367
2365
2078
2005
2399
2324
2381
2340
2391
2396
2127
2380
2283
2301
2321
2349
2327
2285
2335
2328
2223
2336
2355
2341
1919
2301
2303
2329
2333
2219
2294
2344
2345
2082
2285
2397
2361
2327
2404
2379
2271
2281
1830
2263
2283
2333
2300
2281
2200
2365
2351
2325
