2569
2477
2411
2368
2252
2491
2427
2433
2453
2466
2443
2227
2379
2431
2463
2470
2410
2468
2485
2459
2463
2459
2477
2459
2441
2423
2054
2468
2291
2543
2500
2083
2431
2456
2467
2373
2438
2443
2487
1882
2501
2356
2481
2453
2500
2530
2287
2433
2505
2520
2514
2495
2601
2463
2335
2278
2193
2117
1757
2103
2041
1623
1998
1999
2100
1973
1989
1879
1935
2028
1941
1711
2004
1722
1839
2001
1951
1949
2113
2119
2293
2395
2373
1871
2491
2431
2634
2487
2388
2518
2506
2500
2501
2548
2533
2538
2577
2549
2424
2549
2056
2372
2558
2525
2042
2019
2223
2111
2109
2030
2011
1908
1998
1627
1905
1985
1941
1924
1889
1765
1909
1885
1823
1927
2000
2079
1999
1980
2013
2065
2316
2195
2395
2441
2454
2441
2492
2477
2489
2337
2473
2517
2549
2491
2480
2575
2545
2483
2481
2543
2533
2518
2506
2029
1945
2402
2239
2137
2075
2064
2045
2007
2014
2023
1927
1901
1744
1919
1423
1751
1801
1909
1873
1447
1941
1909
1943
1927
1940
2061
1580
2275
2383
2461
2220
2419
2501
2330
2488
2487
2431
2409
2550
2323
2471
1879
2514
2535
2500
2523
1895
2532
2607
2554
2503
2431
2325
2211
2115
2228
2013
2013
2000
1999
2116
1975
1927
1940
1944
1958
1911
1881
1849
1415
1840
1962
1921
1885
1905
2031
2114
2215
2127
2427
2421
2517
2405
2489
2492
2632
2146
2057
2533
2459
2502
2425
2532
2482
2056
2481
2533
2173
2367
2507
2047
2051
2373
2229
2173
1600
2015
2039
2047
1981
1975
1445
1925
1925
1929
1714
1841
1863
1959
1909
1711
1789
1869
1861
1968
1909
2021
2161
2258
2339
2421
2418
2431
2505
2481
1876
2499
2551
1882
2478
2505
2425
2485
2513
2513
2517
2083
2519
2571
2501
2327
2450
2124
2241
2089
2143
2055
2070
2039
1998
1951
1983
1964
1811
1903
1893
1973
1939
1602
1933
1801
1967
1939
1455
1916
1770
2073
2165
2216
2326
2511
2437
2083
2503
2096
2172
2485
2475
2509
2483
2077
2347
2510
2473
2504
2465
2455
2526
2494
1924
2527
2607
2389
2233
2031
2144
2088
2019
2026
1855
1964
1919
1925
1942
1946
1967
1855
1914
1941
1932
1905
1957
2068
1911
1873
1974
2041
2102
2196
2347
2411
2423
2448
2487
2515
2487
2423
2099
2487
2464
2259
2495
1903
2355
2487
2506
2416
2547
2463
2527
2525
2586
2371
2227
1939
2141
2060
2084
2045
2046
2013
1959
1960
1893
2059
1949
1543
1565
1947
1717
1913
1556
1972
1915
1476
1919
1570
2079
2197
2323
2389
2389
2429
2467
2572
2472
2499
2527
2508
2505
2481
2531
2506
2380
2484
2433
2431
2498
2487
2475
1967
2086
2439
2325
2245
1963
2100
2001
1804
2006
1511
1973
1763
1950
1885
1887
1853
1893
2031
1967
1859
1944
1961
1963
1843
1939
2030
2046
2173
2263
2372
2389
2345
2324
2507
2012
2335
2408
2465
2503
2433
2212
2503
2451
2574
2490
2521
2114
2517
2044
1976
2712
2478
1975
2245
2161
1875
2045
2200
2036
2009
2023
1508
1945
1925
1917
1948
1951
1927
2015
1940
1663
1877
2020
1959
1980
2120
2180
2167
2229
2378
2362
2444
2487
2471
2518
2575
2513
2344
2501
2264
2451
2629
2451
2491
2493
2477
2512
2437
2485
2466
2507
2503
2384
2506
2308
2364
2477
2466
2079
2464
2491
2486
1871
2485
2417
2057
2490
2453
2494
2459
2441
2499
2489
2465
2495
2445
2493
2501
2423
2469
2463
2292
2513
2431
2607
2491
2463
2490
2403
2484
2473
2519
2570
2434
2425
