2165
2160
2150
2224
1976
1582
1636
2141
1939
2152
2145
2143
2105
1596
2135
2135
2129
2082
1983
2155
2131
2153
1879
1612
2129
2176
2155
2215
2147
2132
2074
2173
2191
2197
2196
2225
1875
2247
2199
2239
2285
2238
2263
2273
2229
2063
2352
2176
2356
2256
2111
2101
1959
1487
1742
1691
1701
1661
1621
1644
1569
1525
1592
1453
1418
1551
1484
1094
1045
1471
1388
1187
1226
1301
1389
1490
1063
1031
1036
1311
1398
1351
1407
1363
1236
1463
1325
1532
1250
1477
1607
1606
1652
1526
1759
1672
1937
2007
2083
2268
2032
2203
2226
2322
2293
2294
2278
2269
1775
2316
2303
2303
2040
2269
1728
2249
2303
2317
2327
2333
2344
2335
2339
2310
2311
2329
2333
2321
1772
2301
2355
2349
2262
2172
2115
1980
1897
1810
1427
1287
1564
1644
1531
1557
1575
1533
1477
1381
1361
1457
1415
1295
1375
1370
1405
1393
1325
1519
1341
1359
1080
1405
1321
1361
985
1386
1540
1401
1429
1393
1103
1500
1409
1527
1521
1679
1659
1726
1743
1839
2019
2071
2039
2097
2190
2083
2279
1920
2253
2312
2255
2231
2215
2196
2297
2279
1719
2219
1856
2043
2290
1882
2202
2287
2325
2341
2143
2336
1764
2331
2295
2314
2321
2323
2311
2291
2003
1855
2101
1965
1736
1777
1733
1686
1636
1607
1679
1572
1572
1299
1068
1379
1387
1379
1393
1377
1417
1393
1237
1279
1488
1303
1399
1265
1273
1332
1332
1396
1455
1287
1367
1365
1455
1109
1343
1487
1616
1559
1498
1501
1279
1741
1759
1893
2021
1572
2272
2141
1626
2249
2239
1735
2260
2263
2277
2161
1799
2295
2091
2088
2111
2266
2317
2279
2301
2428
1901
2370
2285
1919
2257
2333
2165
2360
2193
2311
2334
2321
2447
2235
2209
2267
2202
2064
1980
1887
1850
1689
1645
1649
1573
1631
1469
1607
1652
1741
1711
1503
1549
1509
1471
1527
1463
1457
1508
1652
1429
1495
1415
1477
1412
1628
1471
1498
1343
1231
1506
1352
1489
1519
1569
1279
1127
1601
1685
1811
1879
1957
2009
1754
2113
2190
2247
2121
2245
1807
2257
2448
2237
2293
2300
2209
2283
2292
2277
2284
2290
2293
2289
2101
2329
2287
2276
2303
2273
2327
2128
2327
2169
1955
2377
2225
2293
2283
2309
2301
2125
1791
1781
1551
1768
1629
1684
1577
1212
1671
1595
1557
1617
1584
1479
1469
1244
1457
1567
1520
1536
1494
1551
1499
1429
1503
1231
1489
1487
1505
1501
1499
1411
1413
1403
1395
1429
1508
1527
1579
1617
1487
1669
1785
1947
2007
2021
2030
2102
1704
2139
2289
2190
2241
2261
1799
2035
2319
2251
2236
2291
2217
2263
2335
1735
2303
2293
2269
2309
1919
2293
2325
2276
2056
2295
2303
2095
1918
2217
1703
2320
2333
1935
2143
2114
1532
1841
1809
1680
1775
1652
1733
1247
1659
1699
1660
1620
1423
1347
1417
1593
1559
1566
1493
1549
1445
1583
1437
1341
1421
1429
1503
1512
1459
1513
1459
1523
1140
1498
1551
1457
1507
1532
1492
1623
1476
1762
1809
1924
2001
2085
2101
2123
2201
2311
2287
2271
2251
2380
2270
2309
2099
2040
2263
1983
2267
2067
2207
2254
2257
2295
2289
2298
2289
1935
2323
2283
2322
2296
2289
2327
2326
2225
2287
2289
2340
2239
2200
1663
1837
1757
1759
1693
1715
1196
1627
1635
1635
1639
1573
1501
1479
1495
1515
1437
1126
1515
1580
1279
1220
1491
1461
1459
1493
1406
1317
1452
1485
1453
1429
1450
1492
1484
1395
1500
1543
1561
1679
1524
1665
1687
1837
1444
2057
2043
2112
2185
2213
2243
2243
2230
2226
2274
2229
2277
2291
2222
2246
2209
2277
1709
2274
2239
2263
1983
2290
2260
2121
2177
1907
2282
2192
2241
2238
2436
2297
2252
1733
1999
2245
2228
1680
1851
1745
1556
1673
1664
1638
1571
1639
1629
1279
1359
1575
1509
1473
1437
1502
1411
1472
1457
1425
1093
1441
1151
1316
1447
1421
1272
1467
1551
1353
1199
1351
1465
1388
1449
1399
1403
1343
1475
1558
1565
1593
1807
1472
1955
1961
1807
2099
2162
2179
2229
1860
2234
2245
2198
2201
1687
2245
2242
2163
2206
2221
2207
2243
2258
1976
2223
2067
2223
2208
2219
2238
2248
2225
2145
2111
1671
1919
2277
2109
2143
2336
2149
2095
1761
1520
1699
1629
1667
1607
1613
1559
1551
1605
1565
1528
1375
1489
1488
1474
1604
1449
1171
1362
1365
1343
1487
1412
1375
1380
1091
1419
1345
1395
1397
1279
1383
1410
1437
1433
1425
1473
1567
1655
1592
1658
1695
1383
1889
1983
2079
2122
1780
2073
2253
2215
2228
2191
2195
1668
2211
2195
2256
2292
2335
2247
2194
2265
2241
2344
2195
2230
2193
2194
2213
2185
2319
1879
2145
1745
2245
2318
2217
2223
2247
2256
1935
1868
1745
1673
1655
1532
1535
1605
1517
1513
1525
1533
1479
1507
1489
1583
1492
1477
1620
1427
1429
1343
1336
1344
1287
1341
1480
1357
1343
1312
1351
1413
1381
1360
1231
1377
1449
1393
1522
1563
1601
1555
1703
1367
1927
1933
2001
2055
2089
2115
2119
2134
2101
2215
2237
2221
2179
2245
1871
2216
1654
1962
2235
1631
2247
2175
2219
2197
2231
1676
2175
1660
2268
2127
1756
2170
2215
2197
2264
1921
2238
2161
2195
2222
2139
1775
1725
1380
1629
1625
1544
1295
1527
1559
1559
1437
1307
1393
1365
1429
1375
1417
1343
1427
1317
1325
1231
1395
1311
1297
1399
1351
1319
1046
1303
1312
1216
1407
1472
1361
1403
1124
1501
1501
1352
1649
1677
1783
1905
1812
2007
2039
2106
2165
2179
2129
2332
2197
2147
1983
2211
2187
2197
2301
2197
2214
2131
1779
2189
2166
2050
2245
2145
2172
2181
2312
2181
1815
2250
2181
2215
2255
2220
2239
2269
2257
2227
1924
1775
1652
1633
1808
1681
1617
1591
1117
1615
1509
1463
1379
1260
1393
1421
1411
1365
1323
1333
1134
1365
1317
1369
1389
1291
1306
1311
1387
1319
1338
1351
1399
1091
1325
1351
1437
1451
1415
1475
1536
1743
1665
1436
1799
1895
1959
1969
2031
2087
1612
1606
2176
2115
1983
1663
2151
2079
1951
2083
2114
2071
2083
2109
1928
1983
2138
2113
2067
2144
2100
2079
2125
2128
2183
2124
2179
1967
2186
2205
2199
2236
2205
2279
1637
1579
1671
1620
1659
1588
1223
1549
1537
1489
1439
1677
1405
1455
1421
1381
1325
1369
1317
1396
1305
1365
1331
1217
1418
1155
1347
1269
1367
1329
1320
1305
1381
1389
1365
1455
1371
1479
1615
1563
1512
1573
1601
1690
1853
2096
1605
2015
1937
1941
1664
2147
2041
2033
1880
2003
1908
1983
2068
1953
2032
1960
1993
2041
1906
1985
1983
1747
2005
2036
2055
2071
2064
2053
2075
2114
2132
2276
2129
1813
1836
2221
2210
1871
1519
1652
1653
1634
1668
1653
1620
1263
1558
1487
1523
1439
1357
1389
1417
1343
1203
1413
1364
1324
1355
1371
1311
1369
1151
1365
1381
964
1365
1341
1287
1101
1399
1324
1441
1443
1381
1476
1295
1559
1577
1641
1697
1737
1853
1796
1825
1436
1877
1905
2059
2001
1993
2013
2029
1951
1997
1915
1510
2001
1973
1923
2011
1995
2011
1791
1993
2007
2027
2026
2013
2065
2068
2117
2109
2143
2165
2192
1839
2228
1965
2150
1811
1717
1740
1791
1601
1705
1622
1617
1549
1549
1497
1604
1524
1447
1054
1393
1427
1321
1500
1393
1383
1308
1285
999
1367
1365
1374
1079
1360
1031
1301
1267
1301
1311
1319
1367
1412
1425
1461
1481
1481
1575
1579
1613
1723
1747
1780
1789
1599
1727
1966
2005
2003
1556
2086
2070
2017
2055
2189
2026
2077
2028
2096
1923
2074
2078
2067
2068
2103
2191
2105
2139
2073
2172
2079
2182
2215
2215
2028
2404
2200
2233
2221
2133
2004
1909
1873
1797
1903
1669
1611
1662
1455
1567
1607
1497
1528
1445
1477
1499
1425
1349
1367
1381
1028
1343
1029
1373
1139
1311
1415
1335
1343
1383
1303
1333
1296
1291
1311
1592
1164
1362
1481
1424
1463
1263
1565
1681
1751
1334
1747
1255
1837
1603
2159
1582
2085
1733
2133
2059
2161
2176
1775
2111
1831
2135
2135
2183
2164
2205
2189
2184
2196
2197
2224
2189
2214
2203
2204
2229
2229
2177
2143
2229
2177
2228
2195
1986
2079
1967
1764
1791
1699
1709
1623
1359
1619
1186
1556
1521
1500
1551
1412
1375
1199
1428
1431
1407
1423
1399
1421
1283
1321
1297
1365
1053
1383
1549
1351
1281
1377
1309
1381
1392
1349
1334
1463
1110
1556
1640
1629
1535
1871
1709
1702
1350
1902
2037
2087
1869
2130
2129
2123
2149
2145
2195
2190
2160
2161
2153
2175
2227
2221
2111
2239
2232
2003
2247
1694
2237
1774
2253
2250
2352
2292
2256
2246
2224
2254
2247
2004
2071
2029
1749
1776
1631
1695
1693
1673
1599
1525
1524
1533
1187
1467
1411
1272
1389
1447
1414
1391
1311
1399
1448
1327
1409
1167
1343
1265
1335
1375
1377
1323
1357
1301
1071
1383
1090
1411
1361
1439
1457
1535
1645
1319
1839
1653
1359
1799
1937
2087
2111
2121
2184
2145
2139
2199
2215
2111
2228
1997
1664
2253
2253
2226
2271
1791
1906
2221
2258
2273
2138
2285
2277
2412
2259
2260
2241
1859
65024
65024
65024
65024
65024
65024
65024
65024
65024
65024
65024
65024
65024
65024
65024
65024
65024
65024
65024
65024
65024
1396
1484
1463
1469
1460
1443
1117
1453
1265
1377
1441
1447
1445
1453
1398
1180
1447
1339
1385
1478
1477
1431
1505
1461
1617
1539
1664
1367
1748
1892
2006
2039
2140
2205
2240
2143
2199
2115
2263
2325
2247
1729
2284
2299
2327
2295
2291
2343
2351
2320
2351
2350
2298
2371
2326
2385
2343
2263
1746
2320
2320
2361
2384
2331
2285
2336
2322
2314
2056
1986
1855
1876
1783
1703
1601
1561
1268
1535
1601
1535
1584
1647
1444
1448
1351
1415
1415
999
1472
1457
1367
1430
1421
1139
1329
1344
1299
1437
1415
1343
1267
1311
1327
1416
1500
1679
1533
1428
1613
1693
1771
1759
1823
1869
2127
1868
2167
2199
2243
2242
2297
2290
2281
2302
2371
2219
1965
2325
2273
2327
2327
2294
2303
2060
2351
2309
2381
2196
2345
2375
2348
2448
2355
2390
1786
1760
2387
2367
2343
2356
2365
2209
2171
1981
1949
1862
1791
1698
1716
1691
1669
1651
1571
1167
1616
1507
1397
1413
1335
1463
1040
1441
1044
1187
1348
1063
975
1345
1399
1299
1439
1347
1397
1351
1311
1413
1431
1505
1741
1555
1452
1593
1688
1651
1719
1359
1935
2047
2099
2083
2180
1775
2308
2211
2312
2321
2315
1856
2274
2209
2278
2311
2295
2289
2288
2338
2339
2310
2303
2321
2347
2291
2343
2095
2381
2313
2351
2330
2351
2375
2083
2339
2354
2436
2239
2207
2015
1477
1763
1765
1743
1681
1663
1583
1230
1623
1607
1494
1092
1151
1416
1487
1441
1510
1472
1375
1476
1481
1477
1064
1397
1383
1451
1500
1423
1441
1423
1434
1515
1559
1477
1711
1573
1346
1545
1612
1521
1634
1383
1864
1927
2048
2023
1947
2117
2196
2199
2177
1750
1965
2288
2276
2295
2269
2346
2327
2349
2227
2349
2356
2303
2359
2362
2327
2175
2357
2342
2260
2366
2106
2319
2353
2317
2337
2327
2395
2403
2331
2264
2197
2146
2025
1957
1863
1799
1624
1737
1728
1677
1613
1537
1627
1597
1605
1503
1591
1533
1558
1473
1436
1501
1408
1460
1375
1392
1475
1455
1340
1484
1377
1487
1345
1557
1516
1511
1187
1584
1533
1457
1511
1567
1461
1811
1957
1958
2001
2055
2120
2134
1631
1976
2223
2303
2267
2285
2316
2314
2303
2276
2319
2311
1912
2313
2340
2272
2277
2325
2357
2351
2207
2353
2345
2194
2389
2127
2338
2369
2339
2323
2381
2373
2385
2233
2225
2131
2044
1951
1897
1799
1837
1791
1693
1677
1629
1708
1477
1623
1640
1223
1271
1673
1555
1601
1589
1616
1682
1701
1384
1693
1686
1661
1685
1445
1236
1644
1199
1443
1364
1633
1591
1577
1509
1623
1620
1656
1581
1781
1945
1963
2027
1953
2092
2114
2143
1896
2253
1839
2330
2329
2261
2301
2372
2315
2324
2342
2287
2452
1788
2352
2328
2371
2295
2380
1863
2378
2367
2383
1733
2323
2351
2291
2311
2479
2260
2374
2284
2303
1971
2087
1981
1901
1895
1571
1805
1650
1664
1703
1597
1605
1684
1631
1573
1567
1700
1503
1509
1613
1636
1335
1491
1575
1424
1159
1563
1444
1277
1503
1377
1583
1258
1112
1152
1529
1489
1455
1515
1473
1558
1585
1709
1779
1642
1415
1969
2079
2101
2146
2205
2167
2197
2067
1886
2193
2313
2265
2291
2325
2275
2279
2207
2276
1999
2274
2358
2331
2115
2341
2303
1860
2314
2329
2356
2279
1730
1726
2295
2341
2321
2115
2346
2326
2285
2175
2223
1914
1512
1759
1845
1756
1880
1787
1839
1829
1735
1587
1627
1596
1407
1653
1561
1621
1649
1679
1157
1501
1615
1591
1501
1500
1553
1535
1359
1485
1565
1405
1495
1361
1400
1532
1557
1623
1267
1639
1621
1761
1893
1813
1936
2001
2053
2113
2207
2209
2236
2193
2225
2266
2317
2400
1750
2263
1891
2265
2343
2271
1807
2271
1837
2287
2365
2337
2323
2297
1733
2303
1728
2309
2313
1761
1911
2325
2360
2325
2371
2315
2205
2064
2005
1973
1853
1836
1803
1719
1900
1599
1713
1755
1759
1647
1655
1608
1645
1535
1519
1216
1497
1605
1588
1573
1408
1537
1516
1535
1556
1455
1500
1577
1427
1507
1535
1425
1407
1447
1549
1425
1641
1701
1689
1303
1849
1939
1973
2039
1941
2092
2163
2173
1688
2245
2317
2376
2327
2285
2281
2333
2203
2338
2233
2312
2313
2143
1839
2285
2357
2263
2293
2088
2111
2239
2327
2335
2316
2311
2271
2260
2261
2326
2297
2280
2248
2093
1797
1861
1861
1796
1751
1757
1268
1735
1680
1761
1504
1649
1670
1516
1589
1488
1527
1557
1503
1557
1636
1460
1511
1414
1461
1543
1425
1508
1436
1523
1268
1451
1508
1477
1527
1439
1462
1529
1641
1601
1732
1814
1860
1855
2015
2058
2119
2103
2192
1919
2193
2319
2335
2332
2291
2283
2265
2247
2239
2100
2287
2283
2287
2249
2307
2263
2286
2303
2308
2283
2263
2303
2295
2313
2291
2271
2285
2239
2214
2293
2295
2261
2161
1998
1891
1877
1716
1687
1689
1701
1731
1629
1618
1709
1533
1423
1223
1573
1567
1481
1551
1557
1427
1522
1558
1437
1405
1439
1427
1308
1475
1482
1385
1047
1475
1323
1429
1235
1412
1494
1605
1527
1351
1687
1712
1883
1943
1941
1959
2127
2148
2085
2155
2183
1630
2223
2209
2242
2219
1983
2209
2196
2219
1684
2277
2248
2218
2248
2240
2205
1877
2266
2098
2251
2245
2259
1829
2215
2207
2229
2217
2247
2232
2320
1712
2160
2088
1797
1749
1491
1837
1396
1701
1585
1735
1351
1605
1551
1180
1579
1543
1413
1525
1500
1512
1439
1507
1620
1151
1423
1151
1360
1519
1349
1507
1461
1339
1229
1457
1425
1404
1407
1615
1483
1605
1175
1687
1661
1717
1824
1869
1905
1962
2055
2049
1702
1663
2147
2203
2056
2200
2261
2247
2164
1671
2217
2191
2195
2190
2212
2263
2111
2203
1668
2195
2199
1935
1753
2225
2132
1687
1875
2197
2244
2211
2185
2209
2180
2079
2127
1832
1623
1791
1695
1732
1733
1407
1695
1616
1637
1531
1551
1513
1557
1564
1519
1439
1483
1513
1559
1377
1527
1449
1409
1488
1361
1375
1047
1331
1369
1360
1415
1456
1491
1479
1451
1589
1596
1627
1641
1703
1703
1799
1931
1664
1958
1807
2086
2081
2143
2184
2181
2165
2165
2272
2268
2356
2238
2035
2261
1669
2233
1765
2235
2289
2263
2249
2197
2227
1891
2169
2217
2182
2160
1767
2201
2224
2263
2235
2287
2252
2213
1983
2101
1853
1717
1394
1734
1685
1663
1657
1533
1588
1667
1140
1536
1095
1489
1263
1452
1449
1385
1381
1351
1501
1399
1463
1615
1485
1219
1476
1429
1436
1445
1567
1114
1455
1343
1220
1441
1692
1595
1603
1685
1599
1809
1711
1877
1989
2018
2069
2103
2145
2087
2103
2181
2161
2135
2167
2224
2181
2205
2245
2239
2141
2199
1941
2245
2231
2189
2199
2169
2163
2197
2175
2299
2237
2210
2256
2237
2255
2208
2314
2173
2263
2015
1754
1815
1784
1741
1667
1658
1625
1631
1616
1539
1623
1611
1499
1559
1368
1473
1413
1392
1279
1375
1405
1123
1387
1429
1480
1333
1271
1305
1271
1362
1313
1355
1407
1451
1391
1424
1383
1469
1496
1612
1673
1701
1677
1760
1865
1937
1933
2059
2029
2045
2102
2045
1951
2139
2263
2193
2192
2173
2163
2037
1620
2164
2123
2163
2119
2099
2115
2149
1769
1594
2179
2117
2119
2151
2217
2091
2199
2198
2249
2177
2237
2220
2131
1716
1663
1645
1839
1627
1600
1679
1497
1627
1597
1563
1491
1575
1589
1417
1473
1298
1151
1375
1445
1423
1055
1231
1345
1229
1405
1397
1075
1351
1328
1391
1545
1155
1357
1476
1072
1336
1216
1545
1621
1569
65024
65024
65024
65024
65024
65024
65024
65024
65024
65024
65024
65024
65024
65024
65024
65024
65024
65024
65024
65024
65024
65024
2092
2098
2027
2049
1977
2103
2079
2119
2151
2150
2179
2252
2197
2202
2235
1751
2175
1791
1719
1648
1743
1745
1647
1631
1664
1555
1173
1325
1569
1132
1509
1583
1417
1433
1494
1333
1343
1005
1297
1305
1401
1291
1373
1277
1355
1311
1052
1393
1421
1317
1367
1285
1375
1343
1431
1428
1679
1677
1703
1673
1700
1918
1873
1472
1887
1861
1967
1877
2129
1716
2059
2005
2095
1983
1899
2105
1578
2133
2059
2047
2021
2092
1572
2103
2016
2202
1618
2103
1775
2096
2139
2274
2198
2179
2175
2194
2193
2199
1835
1859
1875
1871
1769
1595
1735
1359
1711
1635
1677
1175
1314
1581
1399
1477
1152
1283
1457
1383
1429
1407
1311
1215
1343
1455
1456
1403
1333
1357
1387
1364
1433
1307
1401
1331
1461
1335
1484
1402
1509
1520
1645
1621
1695
1788
1797
1816
1850
1781
1721
1791
2120
2089
2139
2071
1953
1799
2113
1743
2085
2033
2124
2140
2031
2100
2085
1591
2185
2127
2188
2155
2287
2171
2131
2212
2121
2179
1901
2219
2171
2185
2211
2229
2237
2040
1825
1825
1879
1727
1680
1658
1767
1625
1395
1639
1533
1463
1615
1552
1582
1511
1489
1405
1357
1347
1427
1380
1327
1403
1301
1260
1275
1279
1301
1343
1463
1264
1319
1349
1146
1453
1375
1451
1564
1557
1557
1583
1583
1763
1779
1713
1713
65024
65024
65024
65024
65024
65024
65024
65024
65024
65024
65024
65024
65024
65024
65024
65024
65024
65024
65024
65024
65024
2217
2253
2231
2336
2260
2143
1724
2316
2193
2089
1981
1919
1479
1720
1724
1276
1737
1643
1581
1451
1626
1575
1315
1615
1497
1493
1431
1404
1415
1439
1343
1341
1375
1319
1365
982
1343
1264
1380
1267
1269
1381
1481
1140
1402
1483
1407
1407
1275
1557
1204
1733
1589
1628
1721
1765
1825
1845
1951
2151
2103
2139
2163
2147
2170
2183
2099
2110
1997
1839
2193
2163
1943
2156
2113
2137
2237
2231
2231
2255
1961
1719
2233
2223
2173
2193
2199
2203
2243
2231
2209
2207
2189
1871
1878
1967
1753
1735
1681
1697
1629
1679
1391
1559
1279
1501
1495
1471
1452
1385
1455
1371
1353
1476
1347
1300
999
1341
1367
1311
1365
1247
1260
1258
1391
1419
1315
1299
1415
1431
1517
1581
1537
1585
1651
1630
1731
1788
1539
1707
1887
2084
2122
1828
1639
2095
2102
2180
1871
2200
2150
2127
2164
2112
2175
1811
2166
2247
2295
2212
2273
2261
2237
1884
2211
2231
2267
1852
2214
2276
2231
2276
2301
2271
2246
2253
2245
2015
1831
1845
1701
1255
1407
1655
1796
1621
1629
1441
1541
1536
1589
1559
1108
1389
1267
1489
1092
1447
1413
1394
1447
1367
1383
1295
1309
1393
1301
1061
1360
999
1477
1477
1463
1063
1422
1511
1645
1649
1744
1695
1804
1867
1893
1727
1544
2151
2082
2196
2207
2175
2031
2237
1711
1810
2295
2381
2283
2131
2293
2322
2321
2411
1927
2423
1791
2393
2505
2359
2364
2271
2271
2386
2335
2356
2410
2325
2375
2342
2315
2299
2323
2240
2259
1919
2193
2183
2051
2144
1732
2215
2159
2169
2165
1735
2192
2171
2228
2156
2167
2255
2111
2021
1688
2165
1749
1963
2177
2181
1664
2247
2215
1703
2183
2149
2179
2197
2149
2216
2217
2151
2143
2137
1934
1920
2173
2205
2135
2161
2164
2173
2181
1623
2160
2191
2149
2168
2175
1912
2133
1939
1728
2232
2129
2133
2179
2223
2127
1620
2068
2197
2145
2118
2197
2148
2119
2133
2153
2135
1652
2117
2162
1692
2173
2161
2195
2153
2121
1612
2117
2165
2089
2073
2165
1676
2164
2195
2137
2149
2116
2065
2123
2170
2248
2129
2131
2190
2111
2147
2216
2149
2015
2163
2149
2157
