2062
2328
2307
2309
2350
2321
2349
1805
2321
2326
2325
2303
2335
2347
2281
2342
1786
2342
2297
2323
2331
2296
2135
2115
1783
2335
2289
2303
2216
2428
2331
2339
2295
2063
2311
2336
2259
2318
1799
2363
2328
2441
2045
1924
2504
2425
2457
2572
2471
2367
2031
1943
1777
1805
1751
1685
1775
1637
1583
1639
1652
1688
1586
1613
1563
1547
1581
1224
1589
1653
1519
1837
1645
1645
1708
1873
1832
1952
1951
2203
2273
2347
2345
2357
2452
2471
2435
2447
1957
2475
2436
2461
2417
2437
2132
2487
2447
2504
2493
1764
1953
2036
1809
1681
1687
1675
1617
1653
1613
1613
1585
1516
1537
1526
1512
1180
1511
1582
1503
1417
1609
1717
1713
1394
1487
1782
1825
1958
2045
2197
2258
2316
2356
2363
2428
2401
2415
2367
2411
2402
2461
2439
2471
2491
2469
2527
2460
2471
2471
2286
2042
1873
1704
1783
1279
1705
1633
1628
1601
1633
1556
1607
1541
1513
1521
1589
1547
1543
1563
1631
1569
1665
1239
1684
1706
1749
1837
1673
2176
2195
2123
2278
2335
2388
2455
2427
2459
2454
2482
2471
2440
2449
2423
2514
2429
2449
2449
2503
1966
2121
2031
1914
1319
1749
1350
1617
1667
1569
1559
1439
1567
1615
1566
1178
1573
1512
1441
1493
1577
1471
1635
1303
1725
1496
1809
1734
1796
1953
2109
2193
2251
2309
2353
2044
2471
2442
2429
2365
2461
2447
2441
2457
2409
2454
2222
2500
2455
2468
2409
2117
2022
1919
1778
1709
1723
1675
1530
1535
1471
1619
1158
1512
1501
1497
1559
1568
1503
1546
1396
1613
1565
1752
1773
1675
1905
1733
1831
2061
2097
2215
2292
2363
2345
2415
2437
2325
2427
2432
2453
2317
2472
2409
2569
2468
2449
2466
2443
2479
2319
2091
1963
1840
1560
1775
1637
1641
1579
1775
1617
1509
1175
1489
1375
1529
1494
1550
1505
1615
1601
1567
1609
1660
1713
1599
1749
1746
1829
2066
1607
2217
1831
2347
2427
2335
1967
2323
2453
2440
2367
2409
2484
2453
2417
2422
2303
2479
1911
2469
2141
2120
1970
1844
1755
1617
1759
1583
1711
1629
1439
1559
1603
1525
1529
1572
1293
1511
1538
1423
1637
1581
1674
1347
1724
1820
1717
1740
2031
2067
2193
2285
1939
2357
2371
2450
2173
1892
2410
2487
2291
2498
2088
2479
1870
2435
2471
2469
2469
2453
2249
2115
1904
1857
1791
1677
1587
1605
1685
1631
1613
1606
1230
1461
1557
1471
1612
1499
1359
1268
1264
1568
1619
1673
1713
1741
1455
1669
1948
1791
2183
2304
2314
2354
2401
2480
2427
2397
2451
2425
2443
2425
2319
2259
2455
2477
2439
2451
2255
2483
2287
2103
1971
1879
1691
1709
1568
1675
1812
1679
1440
1624
1613
1521
1540
1503
1556
1564
1429
1512
1575
1592
1352
1611
1599
1631
1609
1767
1979
1973
1999
2233
2309
2131
1828
2426
2457
2435
1984
2470
1886
2325
1866
2448
2573
2455
2397
2449
2477
2511
2027
2055
1905
1752
1756
1711
1703
1656
1668
1621
1568
1591
1488
1565
1477
1445
1343
1315
1444
1571
1517
1547
1565
1691
1635
1708
1755
1745
1989
1637
2223
2160
2284
2376
2463
2361
2461
2487
2425
2429
2354
2400
2455
2423
2418
2414
2455
2452
2421
2361
2387
2429
2437
2417
2146
2455
2399
2437
2449
2422
2403
2405
2163
2391
2355
2349
2264
2320
2335
2112
2133
2288
2436
2350
2325
2301
2322
2325
1920
2313
2325
2287
1878
2259
2293
2177
2299
2330
2053
1971
2309
2303
2299
1903
2307
2316
2281
2283
2327
2303
2299
2303
