2127
2251
2135
2134
1965
2123
2091
2089
2128
2141
1644
1935
2141
2171
2129
2087
2145
2105
2113
2241
1703
2119
1655
2083
1865
2115
2119
2113
2135
2127
2099
2111
2116
2081
2098
2135
2067
2085
2096
2081
2125
2144
2097
2141
2101
2100
1939
2197
2217
2175
2183
2207
1916
2244
2282
2175
2147
2359
2347
2343
2088
2057
1986
1962
1903
1873
1810
1828
1845
1952
1785
1831
1842
1791
1845
1745
1767
1685
1772
1591
1745
1637
1677
1375
1789
1855
1871
2228
2282
2271
2313
2263
2291
2302
2309
2267
2244
2279
2269
1799
2257
2231
2308
2287
2019
2366
2387
2375
2387
2323
2119
2022
1941
1587
1865
1789
1814
1821
1874
1831
1819
1852
1833
1792
1838
1801
1781
1745
1769
1729
1366
1643
1700
1840
1815
1987
2085
2277
2268
2302
1778
2378
2340
2279
2281
2284
2261
2260
2251
2245
2143
2261
2233
2247
2274
2355
2097
2371
2348
2303
2098
2005
1917
1895
1893
1799
1840
1867
1803
1875
1861
1853
1855
1799
1838
1924
1785
1768
1697
1668
1713
1707
1820
1354
1797
2015
2133
2227
2341
2303
2346
1756
2303
2376
2064
2272
2253
2279
2356
2276
2255
2080
2245
2272
2447
2374
2479
2347
2260
2127
2135
1947
1925
1855
1831
1447
1890
1916
1644
1817
1875
1992
1408
1840
1731
1831
1815
1725
1743
1747
1564
1667
1255
1337
1799
2029
2105
2265
2265
2326
2340
2348
2303
2005
2018
2233
2256
2261
2201
2231
2031
2222
2245
2400
2278
2492
2319
2347
2148
2206
2093
1943
1925
1829
1833
1829
1861
1823
1543
1765
1996
1840
1645
1841
1916
1837
1447
1629
1701
1719
1730
1725
1639
1872
1869
2035
2171
2203
2292
2349
2367
2329
2224
2332
2283
2287
1904
2209
2241
1939
2207
2194
2247
2288
2289
2356
2408
2479
2188
2160
2044
1996
1849
1583
1763
1793
1888
1867
1857
1808
1846
1629
1413
1695
1838
1869
1810
1767
1716
1674
1745
1523
1731
1888
1922
1936
2223
2219
2311
2317
2209
2285
1728
2259
2245
2295
2115
2239
2052
2227
2247
1863
2245
2219
2380
2389
2362
2356
2337
2149
2065
2072
1813
1868
1689
1815
1892
1873
1879
1477
1832
1764
1781
1804
1452
1819
1657
1575
1745
1662
1751
1680
1695
1737
1937
1795
2225
2239
2297
2298
2307
2279
2279
2293
2233
2223
2242
2235
2161
2221
2237
2208
2277
1841
1881
2338
2281
2336
2313
2091
2047
1919
1715
1853
1847
1893
1897
1840
1847
1860
1679
1840
1851
1787
1453
1765
1928
1757
1763
1751
1741
1733
1719
1320
1883
2079
2215
2175
2283
2368
2321
2289
2269
2283
1785
2071
2004
2219
1671
2213
2247
2256
2255
2279
2243
2425
2385
1844
2326
2197
1956
1977
1915
1886
1783
1833
1733
1831
1900
1827
1831
1944
1843
1827
1837
1805
1828
1676
1747
1748
1768
1729
1725
1551
1853
2055
2077
2208
2263
2301
1743
2341
2335
2257
2239
2283
2175
2271
2197
2227
2197
2206
2276
2300
2331
2423
2389
2355
2326
2213
2100
1924
1916
1877
1805
1881
1695
1824
1876
1869
1858
1861
1602
1765
1835
1773
1791
1759
1717
1768
1674
1587
1647
1709
1999
2021
1605
2220
2193
2327
2293
2311
2273
2267
2238
2231
2085
2212
2235
2120
2145
2160
2035
2148
2287
2178
2139
2129
2271
2147
2192
2182
2190
2164
2189
2161
2171
2165
2131
1639
2156
2192
2156
1780
2149
2133
1751
1845
2117
1607
2113
2093
2154
2192
2132
2115
2172
2143
2143
2145
2250
2164
2157
2141
2131
2140
2169
2109
2188
2103
