3437
2899
3433
3380
3457
3493
3401
3493
3506
3389
3496
3454
2951
2809
3450
3433
3421
3387
3417
3399
2621
3429
3461
3415
3449
3452
3427
2703
3535
3501
3460
2785
3402
3501
3455
2893
3296
2757
3529
3564
3479
3506
3327
3237
3141
3093
3012
2902
2723
2823
2833
2735
2673
2709
2687
2591
2725
2633
2701
2455
2653
2657
2621
2004
2655
2619
2671
2713
2901
2933
2997
3202
3075
3387
3475
3499
3485
3503
3475
3449
3427
3353
3385
3489
3490
3509
3445
3595
3149
3521
3477
3672
3473
2663
3274
2989
2987
2941
2853
2823
2815
2745
2727
2705
2467
2687
2683
2633
2665
2660
2637
2583
2585
2595
2591
2663
2799
2737
2775
2861
2937
3097
3175
3281
3397
3469
3527
3208
3457
3390
3547
3491
2724
3445
3525
3467
3499
3497
3461
3529
3485
3549
3504
3524
3413
3252
3121
2957
2943
2857
2826
2753
2749
2677
2711
2631
2703
2639
2655
1964
2644
2581
2583
2263
2639
2692
2527
2669
2740
2737
2896
2919
3224
3231
3289
3423
3483
3582
2775
3457
3075
3541
3495
3477
3499
3469
3559
3533
3583
3469
3441
3473
3487
3532
3394
3187
3188
2859
2896
2925
2824
2789
2737
2673
2672
2259
2653
2053
2387
2647
2631
2539
2629
2611
2593
2513
2233
2661
2655
2055
2751
2864
2940
3121
3245
3324
3466
3519
3167
2682
3429
3501
3448
3243
3533
3501
3501
3409
3477
3499
3539
3450
3544
3309
3433
3445
2795
3172
3080
2961
2899
2761
2813
2828
2682
2669
2637
2645
2175
2645
2645
1961
2637
2649
2612
2621
2679
2625
2617
2488
2381
2164
2511
2997
3181
3229
3244
3437
3474
3489
3487
3519
3467
3479
3542
3243
3464
3245
3519
3452
3626
3577
3461
3455
3497
3501
3369
3263
3095
2989
2949
2811
2789
2807
2790
2743
2708
2667
2660
2379
2653
2559
2589
2667
2259
2627
2628
2495
2661
2693
2532
2229
2812
2985
3143
3253
3371
2999
3535
3531
3487
3524
3500
3511
3484
3488
3363
3410
3497
3488
3490
2775
3478
3561
3537
3519
3429
3331
3122
3047
2915
2879
2807
2708
2587
2719
2642
2659
2625
2661
2283
2597
2645
2348
2564
2606
2697
2720
2593
2693
2799
2805
2829
2993
3185
3123
2723
3448
3467
3453
3352
3559
2955
3509
2703
3501
3449
3495
3497
3546
3500
3519
3477
3531
3564
3473
3517
3360
3125
2761
2995
2916
2780
2792
2807
2705
2641
2640
2679
2611
2658
2693
2685
2631
2431
2583
2663
2613
2556
2669
2699
2669
2861
2911
3029
3261
3339
3413
3494
3538
3525
3419
3541
3531
3389
3473
3547
2948
3431
3479
3304
2709
3481
3573
3556
3389
3461
2860
3262
3134
3031
2223
2861
2771
2775
2537
2693
2663
2607
2645
2650
2655
2601
2576
2588
2643
2600
2597
2653
2370
2185
2683
2342
2822
2949
2589
3291
3011
3470
3551
2991
3429
3517
3243
2979
3429
3095
3529
3057
3422
3550
3479
3520
3441
3476
3576
3495
3529
3316
3081
3019
2939
2859
2829
2789
2761
2711
2127
2603
2413
2381
2641
2551
2643
2653
2612
2397
2384
2619
2641
2481
2615
2591
2803
2917
3037
3193
3293
3469
3445
3172
2854
3499
3501
2847
3501
3492
3460
3469
3513
3500
3486
3528
3501
3506
3441
3478
3458
3477
3453
3315
3539
3477
3509
3507
3444
3469
3529
3477
3439
3413
3476
3451
3244
3413
3405
3309
3213
3382
3298
3315
3433
3365
3155
3369
3405
3404
3324
3329
3301
2613
3369
3351
3347
3333
3329
2749
3327
2789
3439
3013
3351
3492
3349
3313
3331
3403
3291
3373
3308
