3236
3263
3319
3229
3213
3211
3245
3312
3261
3195
2567
3315
3101
3351
3250
2497
3231
3204
3201
3312
3036
3237
3337
3335
3255
3295
3239
3190
3257
3234
3375
3347
3287
3203
2887
3340
3428
3031
3366
3437
3533
3531
3311
3199
2415
3003
3015
2911
2881
2815
2813
2279
2447
2805
2733
2719
2797
2789
2708
2768
2681
2319
2727
2499
2727
2776
2808
2645
2935
3117
3253
3347
2863
3476
3472
3413
3433
2881
2915
2753
3381
3385
3383
3421
3383
3429
3444
3323
3533
3259
3428
3499
3249
3120
3014
3009
2897
2839
2819
2789
2773
2815
2748
2507
2765
2716
2755
2625
2740
2725
2709
2727
2725
2781
2681
2777
2769
2507
3179
2517
3226
3433
3394
3333
3405
3191
3503
3435
3423
3369
3492
3292
3345
3386
3388
3479
3356
3431
3551
3476
3445
3445
3268
3141
2996
2933
2884
2833
2845
2802
2741
2800
2791
2769
2733
2725
2624
2711
2761
2697
2661
2084
2701
2151
2781
2739
2757
2919
3061
3191
3298
3401
3511
3425
3455
3465
3393
3507
3469
3413
3313
3413
3478
3327
3415
3433
3409
3547
3455
3437
3405
3255
3216
3095
2941
2215
2845
2855
2777
2729
2821
2743
2758
2450
2695
2679
2751
2694
2773
2647
2657
2719
2715
2780
2731
2754
2920
2359
3217
3259
3422
3363
3417
3429
3035
3442
3413
3396
3389
3338
3417
3480
3260
2769
3454
3564
3567
3441
3523
3543
3479
3197
3155
2949
2945
2823
2927
2853
2543
2760
2753
2455
2757
2749
2756
2119
2754
2757
2687
2740
2831
2096
2735
2719
2695
2711
2813
3053
3221
3249
2711
3448
3502
2921
3411
3535
2985
3375
3414
3380
3289
3353
3353
3415
3385
3479
3307
2812
3295
3400
3325
3081
3105
2971
2939
2848
2835
2801
2807
2773
2741
2151
2263
2781
2771
2791
2705
2831
2767
2719
2232
2632
2697
2677
2729
2755
2944
3127
3263
3332
3389
3422
3544
3415
2725
3359
3473
3524
3389
3485
3415
3410
3317
3567
3455
3489
3481
3540
3455
3263
2711
3128
3060
2933
2888
2369
2769
2789
2796
2755
2812
2780
2711
2708
2511
2749
2760
2569
2757
2135
2661
2371
2703
2677
2749
2577
2604
3165
3219
3417
3509
3493
3323
3517
3441
3468
3426
3431
2875
2663
3431
3439
3415
3535
3433
3531
3505
3171
3477
3452
3305
3159
3026
2375
2473
2321
2815
2765
2815
2801
2769
2747
2709
2737
2781
2743
2588
2831
2717
2737
2725
2820
2663
2727
2660
2389
3061
2991
3273
3403
3444
3445
3493
3373
3387
3417
3415
3381
3415
3358
3327
3344
2625
2679
3413
3465
3445
3429
3474
3369
3277
3135
2981
2901
2839
2879
2836
2687
2811
2775
2787
2765
2792
2482
2448
2727
2707
2717
2805
2680
2751
2677
2773
2763
2763
2997
3079
3221
3301
3315
2653
3431
3455
3501
3423
3431
3475
3418
3359
3355
3504
3465
2998
2695
3573
3428
3435
3275
3517
3351
3165
3077
2979
2805
2863
2811
2813
2801
2803
2655
2768
2657
2725
2725
2748
2641
2661
2679
2323
2629
2749
2704
2709
2553
2803
2983
2687
2846
3391
3429
3509
3405
3549
2767
3466
3425
3417
3373
3375
3351
3327
3397
3403
3346
3159
3319
3403
3231
3397
3309
3327
3295
3091
3318
3381
3345
3392
3334
3286
3283
3379
3271
3276
3394
3365
3317
3281
3319
3305
2892
3283
3131
3312
3325
3285
3099
3333
3319
2865
3260
3265
3299
2661
3275
3295
3421
3327
3187
3211
3207
3253
3283
3311
2688
3237
3350
3261
3251
3080
3318
2612
3263
3287
3293
3271
3369
3325
3277
3351
3438
