2245
2209
2132
1767
2116
2175
2225
1895
2143
2241
2259
2229
2348
2210
2221
2204
2219
2324
2234
2079
2263
2276
2328
2221
2177
2247
2245
2254
2272
2248
2189
2088
2280
1754
2259
2224
2219
2257
2243
2293
2295
2337
2377
2388
1903
2353
1975
2401
2445
2397
2121
1855
1971
1781
1741
1900
1720
1741
1681
1699
1573
1663
1770
1679
1693
1665
1669
1665
1604
1557
1607
1543
1655
1686
1681
1900
1861
2019
2085
2154
2251
2369
2349
2265
2215
2394
2083
2385
2370
1964
1967
2391
2367
2407
2127
2030
2405
1830
2431
2421
2175
2039
1476
1727
1727
1487
1726
1717
1617
1653
1596
1644
1647
1635
1637
1604
1594
1648
1573
1559
1592
1553
1652
1599
1607
1653
1727
1935
2065
2207
2183
2352
2371
2391
1767
2333
2020
2327
2314
2383
2334
2335
2239
2375
2425
2363
2389
2162
2355
2403
2367
2113
1951
1873
1679
1824
1757
1303
1676
1391
1615
1585
1332
1607
1295
1599
1459
1574
1551
1555
1631
1279
1544
1597
1623
1599
1705
1727
2051
1843
2197
2243
2357
2332
2147
2239
2058
2335
2388
2208
2367
2337
2369
2391
2413
2391
2445
2385
2415
2369
2419
2219
1993
1981
1928
1801
1765
1744
1696
1623
1597
1631
1651
1591
1693
1637
1631
1641
1491
1648
1633
1527
1456
1411
1644
1621
1673
1833
1500
2085
2173
2221
2298
2347
2378
2477
2348
2359
2386
1895
1919
2359
1791
2407
2355
2361
2374
2357
1871
2431
2552
2353
2029
1988
1867
1819
1817
1720
1555
1669
1557
1599
1578
1635
1566
1444
1661
1605
1637
1639
1481
1191
1585
1572
1383
1594
1804
1541
1917
2099
1607
2197
2276
2357
2383
2355
2393
2375
2367
2372
2368
2357
2388
2358
2327
2271
2368
2409
2398
2431
2335
2120
2171
2048
1917
1862
1803
1771
1739
1723
1687
1315
1252
1663
1578
1645
1661
1675
1575
1559
1541
1548
1573
1607
1472
1589
1657
1719
1869
2035
2086
2205
2283
2224
2332
2265
1783
2335
2373
2402
2331
1919
2151
2383
2415
2373
2337
2384
2385
2426
2276
2421
2245
2019
1931
1909
1543
1791
1681
1625
1623
1649
1617
1591
1460
1629
1603
1452
1615
1540
1607
1364
1577
1677
1676
1591
1651
1775
1773
1905
2000
2133
1971
2242
2311
1920
2341
2373
2385
2276
2492
2382
2359
2320
2327
2271
2383
2377
2419
2420
2412
2381
2361
2079
1966
1883
1879
1407
1748
1705
1644
1555
1619
1620
1637
1629
1649
1634
1528
1639
1609
1234
1597
1607
1541
1444
1349
1665
1733
1881
2007
2121
2170
2221
2303
1791
2321
2135
2335
2337
2351
2343
2326
1987
2421
2371
2413
2309
2239
2032
2378
2399
2405
2277
2038
1677
1914
1932
1751
1749
1669
1318
1452
1631
1581
1553
1624
1571
1617
1623
1625
1743
1529
1597
1589
1140
1613
1585
1687
1765
1898
2015
2099
2111
2237
2203
2217
2333
2343
2369
2335
2324
2313
2321
2319
2384
2345
2301
2339
2082
2385
2395
2271
2404
2357
2093
1999
1921
1699
1755
1783
1633
1632
1659
1645
1454
1363
1578
1584
1559
1573
1577
1513
1319
1584
1511
1549
1609
1589
1645
1583
1821
1511
1887
1988
2144
2230
2267
2323
2351
1971
1776
2354
2372
2369
2347
2340
2019
2314
2353
2354
2377
2269
2322
2338
2365
2354
2384
2349
2287
2368
2377
2385
2369
2415
1831
2371
2463
2202
2396
2381
2373
2370
2389
2299
2356
2374
2095
2196
2343
2380
2345
2338
2346
2425
2313
2351
2370
2343
2357
1864
2331
2288
2333
2349
2092
2365
2349
2354
2371
