2461
2447
2607
2469
2407
2463
2503
1934
2433
2463
2474
2115
2462
2445
2453
2477
2575
2415
2472
2473
2464
2644
1886
1987
1894
2399
2430
2435
2051
2473
2441
2469
2425
2469
2461
2503
2468
2459
2489
2538
2526
2031
2124
2525
2399
2529
2521
1788
1637
2149
2031
2001
2046
1924
1973
2047
1909
2063
1893
1511
1968
1898
1524
1879
1895
1935
1807
2000
1926
1947
1959
1889
1949
1934
1988
2020
2023
2065
2065
2053
2505
2534
2514
2533
2508
2287
2546
2063
2209
2527
2147
2552
2211
2179
2672
2583
2635
1791
2135
2069
1751
1969
1951
1551
1904
1840
1840
1823
1855
1847
1552
1967
1805
1825
1860
1725
1867
1853
1908
1873
1964
1879
1969
1973
1607
1929
2039
2114
2039
2469
2501
2491
2484
2519
2271
2452
2533
2506
2514
2480
2525
2612
2535
2531
2523
2558
2580
2383
2180
2141
2118
2021
1989
1979
1917
1791
1901
1861
1829
1816
1885
1967
1892
1853
1455
1879
1859
2020
1925
1875
1816
1907
1892
1935
1943
1861
2176
2325
2405
2477
2356
2474
2462
2501
2399
2485
1966
2437
2487
2470
2508
2482
2507
2733
2585
2543
2489
2447
2195
1983
1889
2016
1985
1869
1951
1984
1885
1857
1727
1815
1791
1828
1820
1864
1829
1802
2000
1749
1887
1921
1733
1956
1999
1667
1977
2184
2462
2429
1846
2431
2313
2483
2191
2474
2509
2499
2435
2499
2535
2497
2516
2628
2353
2599
2591
2549
2490
2370
2217
1735
2037
2001
1945
1885
1921
1922
1896
2004
1789
1847
1821
1475
1795
1805
1841
1632
1984
1959
1922
1969
2031
1925
1973
1935
1961
1930
1981
2564
2422
1975
2506
2509
2507
2477
2219
2425
2532
2349
2712
2399
2499
2385
2491
2639
2303
2586
2463
2283
2198
2121
2001
1959
1919
1805
1951
1759
1847
1636
1798
1851
1967
1819
1679
1736
1892
1885
1710
1901
1909
1615
1963
2063
1953
1749
1911
1996
1892
2458
2431
2543
2530
2401
2431
2552
2481
2509
2524
2395
2498
2459
2496
2521
2640
2556
2384
2488
2527
2263
2167
2108
1992
2020
1936
1895
2031
1909
1841
1886
1759
1833
1733
1487
1799
1916
1827
1901
1936
1935
1942
1971
1927
1941
1987
2003
1943
1487
1815
2124
2224
2487
2473
2331
2497
2475
2489
2303
2477
2511
2516
2596
2664
2501
2486
2479
2703
2147
2191
2237
2097
2109
2005
1603
1415
1936
1779
1460
1819
1827
1844
1835
1372
1735
1817
1607
1777
1351
1873
1883
1950
1919
1800
1979
1987
1977
1683
2120
2485
2469
2380
2484
2028
2491
2712
2513
2511
2431
2506
2469
2582
2493
2029
2335
2501
2511
2449
2595
2676
2276
2169
2071
1724
2014
1909
1873
1845
1869
1383
1926
1791
1699
1495
1785
1696
1761
1351
1840
1920
1931
1922
1946
1999
1479
1882
1916
1969
1556
2664
2543
2399
2479
2637
2454
2419
2327
2512
1919
2493
2495
2040
2487
2505
2473
2329
2549
2463
2597
2550
2245
2149
1791
2035
1823
1941
1902
1727
1907
1809
1827
1775
1813
1808
1656
1817
1719
1805
1766
1999
1918
1927
1907
1948
1977
1604
1919
1955
1957
2001
2246
2207
2243
2480
2367
2501
2513
2449
2459
2420
2495
1831
2500
2040
2017
2469
2457
2508
2481
2517
2639
2455
2479
2256
2535
2513
2567
2549
2517
2533
2563
2538
2570
2522
2542
2549
2549
2559
2549
2542
2471
2509
2481
2508
2532
2539
2499
2532
2526
2533
1926
2500
2540
2505
2575
2515
2568
2487
2395
2519
2495
2576
2505
2473
2639
2481
2494
2437
2632
2504
2147
2496
2506
