1985
2068
2013
2113
1941
1902
1913
1959
1949
1970
1651
2017
2000
1952
2018
1959
1981
1937
2021
1997
1921
1514
1983
1969
2018
1997
1991
1654
1995
1909
1953
1974
2125
1973
1913
1612
2005
1997
2045
1997
1568
2061
1955
2009
1756
2116
2165
2309
2275
2263
2274
1664
1788
2107
2013
1811
1887
1991
1638
1987
1939
1941
1901
1959
1937
1963
1917
1983
1872
1933
1472
1827
1837
1799
1813
1891
1899
2140
1783
2145
2263
2278
2269
2245
2175
2237
2164
2113
2184
2140
2089
2167
2218
2113
2232
2135
2183
2258
2275
2285
2265
2280
2109
2070
1951
1941
1973
1983
1975
2044
1905
2063
1895
1889
1663
1903
1732
1927
1873
1837
1839
1829
1801
1791
1791
1781
1864
2064
1906
1807
2199
2265
2136
2201
2217
2111
2191
2208
2179
2199
1751
2181
2069
2139
2223
2141
2019
2233
2203
2241
2332
2149
2137
2025
2013
1907
1957
1895
1961
1853
1881
1886
1919
1877
1879
1903
1900
1908
1861
1837
1811
1867
1571
1509
1648
1853
1886
2071
2091
2189
2131
2219
2286
2218
1703
2121
2135
2193
2145
2149
2123
2193
2149
2140
2132
2169
1791
2219
2299
2260
2196
2200
2103
1738
1832
1977
1909
1859
1921
1917
1945
1879
1700
1911
1841
1877
1679
1820
1877
1679
1879
1579
1823
1724
1815
1757
1889
2042
2117
2173
2181
2262
2193
2166
2092
2188
2186
2111
2181
2181
1888
2133
2188
2161
2178
1964
1807
2050
2271
2267
2215
2165
2128
2011
1981
1909
1890
1949
1962
1603
1919
1909
1904
1584
1935
1823
1476
1813
1876
1812
1781
1836
1791
1827
1747
1876
1920
2023
2133
2196
2233
2248
2254
2244
2217
2213
2197
2198
2174
2119
2183
2149
2146
2193
2175
2116
2191
2229
2273
2260
2193
2156
2103
1615
1975
1940
1943
2056
1939
1877
1891
1855
1861
1757
1824
1858
1877
1875
1849
1851
1849
1823
1835
1796
1749
1695
1947
2058
2183
2007
1892
1704
2267
2149
2152
2157
2223
2171
2165
2111
2147
2091
2148
1608
2087
1630
2227
2351
2299
2143
2214
2089
1604
2127
1918
1949
1947
1823
1993
2000
1925
1751
1551
1855
1455
1875
1904
1879
1875
1829
1813
1829
1847
1757
1789
1872
1937
1548
1751
2173
2234
2237
2271
2193
2120
2143
2103
1647
1811
2137
2081
2105
2015
2099
2191
2116
2287
2230
2269
2211
2260
2179
2189
1955
1934
1909
1913
1930
1941
1911
1663
1919
1898
1901
1885
1731
1873
1781
1866
1828
1842
1823
1791
1822
1813
1849
1917
2039
2163
2177
2181
2252
1935
2201
1801
2129
2133
2200
2101
2101
2090
2123
2189
2100
2114
2115
2227
2253
2277
1775
2252
2028
2029
1919
1961
1812
1933
1917
1951
1899
1879
1909
1782
1828
1799
1844
1893
1846
1885
1809
1853
1843
1811
1783
1731
1791
1763
2045
2101
2186
2349
2301
2183
2149
2151
2139
2113
1956
2115
2089
2121
2071
1987
2084
2129
2135
2229
1694
2258
1987
2193
2134
2005
1994
1929
1924
1716
1511
1893
1865
1919
1905
1909
1834
1869
1811
1841
1899
1813
1809
1833
1841
1783
1555
1492
1803
1937
2010
1843
2111
2223
2333
2199
2148
2153
2134
2156
2121
2049
2064
1588
2109
2079
1689
1831
1827
2037
2035
2015
1956
2029
2076
1605
2014
2065
2025
2075
2068
2082
2086
1929
2127
2081
2021
2021
2035
2023
2013
1765
1568
2045
2088
1705
2058
2089
2064
1997
1983
2018
2005
2037
1920
2001
2062
2084
2065
2039
2059
2012
1575
2061
2003
2061
2017
1975
2056
2068
1987
2051
2057
