2471
2423
2209
2415
1967
2453
2433
2400
2453
2437
2424
2159
2444
2305
2431
2427
2427
2363
2448
2429
2437
2430
2453
2402
2393
2556
2428
2429
2377
2404
2401
2403
2372
2452
2260
2493
1960
2533
2527
2403
2261
2575
2517
2557
2550
2532
2587
2515
2385
2244
2167
2127
2097
2025
1960
1969
1971
1631
1960
1895
1928
1941
1941
1807
1965
1885
1893
1907
1988
1921
1923
2001
1903
2237
2331
2127
2414
2409
2509
2485
2477
2501
2070
2491
2525
2483
2497
2518
2485
2530
2476
2524
2500
2069
2570
2570
2517
2434
2442
2031
2186
2161
2119
2108
2083
2070
1999
1997
2011
1925
1957
1929
1683
1905
1823
1898
1931
1889
1873
1891
1911
2031
1989
2097
2233
2373
2402
2392
2442
2501
2495
2493
2463
2274
2617
2399
2469
2633
2531
1920
2515
2517
2459
2523
2538
2541
2525
2435
2495
2393
2068
2169
1607
1890
2037
2007
2005
1936
1927
1895
1988
1909
1924
1964
1432
1991
2063
1957
2056
1900
1765
1868
1941
2112
2246
2388
2401
2373
2455
2439
2500
2483
2507
2323
2031
2282
2512
2475
2506
2355
2529
2505
2449
2607
2525
2455
2499
1974
2591
2477
2337
2230
2173
2113
2039
1907
2008
2000
2095
1957
1899
1941
1935
1876
1941
1823
1813
1896
1949
1911
1917
1970
1931
2073
1827
2277
2374
2389
2394
2423
2251
2479
2460
1936
2471
2477
1962
2461
2486
2472
2501
2384
2543
1991
2531
2574
2501
2551
2519
2455
2349
2245
2211
2139
2047
2073
2000
1968
1954
1881
1925
1940
1873
1877
1911
1917
1901
1961
1901
1946
1899
1809
1842
2035
1628
2229
2432
2407
2407
2411
2472
2443
2004
1901
2087
2501
2507
2469
2462
2487
2176
2467
2487
2367
2469
1991
2555
2535
2517
2590
2451
2327
2237
2157
2103
2045
2045
2013
2005
1941
1901
1873
1479
1943
1911
1933
1917
1893
1894
1891
1921
1927
1913
1937
2065
2221
2277
2343
2317
2380
1853
2612
2467
2639
2521
2070
2455
2512
2520
2507
2509
2510
2508
2031
2507
2503
2517
2546
2431
2264
2493
2383
1941
2111
2131
2120
2067
2022
2143
1616
1615
1951
1959
1529
1927
1865
1543
1907
1893
1912
1903
1879
1833
1917
2095
2071
2215
2341
2343
2052
2378
2574
2276
2445
2184
2474
2505
2509
2519
2457
2465
2469
2505
2501
2441
2503
2472
2576
2503
2175
2548
2367
2432
2244
2167
2089
2101
2061
2033
2025
1795
1925
1948
1923
1943
1915
1938
1791
1961
1863
1883
1901
1932
1887
1977
2164
2197
1868
2341
2331
2375
2511
2506
2483
2399
2399
2469
2513
2481
2461
2513
2505
2348
2399
2639
2495
2449
2494
2499
2451
2513
2216
2455
2321
2175
2133
2099
1811
2055
1919
1949
1902
1559
1932
1887
1879
1656
1895
1911
1942
1909
1883
1835
1877
1965
2069
1703
2261
2339
2373
2341
2394
2415
2417
2457
1871
2492
2475
2469
2499
1941
2376
2451
2202
1991
2517
2469
2494
2539
2529
2523
2583
2575
2398
2265
2111
2147
2052
2047
1652
1949
1977
1908
1933
1850
1911
1924
1939
1872
1890
1886
1829
1845
1859
1907
2013
2119
2205
2262
2327
2495
2389
2434
2035
2344
2453
2468
2405
2449
2486
2473
2496
2471
2471
2459
2195
2453
2500
2418
2476
2463
1831
2453
2508
2399
2439
2369
2511
2466
2469
2422
2243
2437
2501
2419
2451
2451
2500
2454
2428
2441
2369
2377
1991
2361
2442
2443
2466
2377
2575
2474
2478
2451
2342
2227
2271
2335
2448
2463
2474
2447
2223
2426
2099
2419
2459
2405
2448
1991
2319
