3612
3541
3451
3491
3546
3427
3417
3434
3554
3485
2708
3507
3537
3324
3483
3048
3443
3542
3501
3442
3446
3465
3444
3157
3059
3537
3359
3263
3500
3497
3485
3543
3538
3649
3113
3591
3538
3257
3025
2823
2809
2773
2759
2801
2724
2704
2713
2699
2717
2063
2701
2636
2649
2625
2720
2663
2620
2443
2752
2735
2708
2824
2596
2495
3058
2390
3316
3300
3115
3405
3485
3555
3565
3657
3029
3549
3557
3487
3551
3623
3444
2887
3525
3565
3581
3537
2893
2727
2989
2961
2939
2815
2485
2727
2749
2772
2724
2670
2623
2692
2671
2585
2607
2597
2157
2420
2577
2591
2543
2700
2703
2603
2741
2957
2941
2803
2575
3382
3383
3479
3429
3485
3540
3534
3559
3501
3455
3549
3529
3509
2831
3513
2750
3517
3625
3573
3568
2887
2965
2900
2452
2751
2765
2645
2748
2687
2139
2601
2625
2505
2586
2581
2599
2116
2639
2637
2607
2677
2495
2655
2733
2212
2749
2844
3013
3111
3165
3369
3393
3095
2761
3681
3543
3535
3510
3601
3533
3573
3606
3624
3579
3534
3577
3465
3602
3555
3531
3309
3024
2911
2901
2763
2763
2820
2673
2703
2728
2641
2659
2669
2609
2627
2593
2590
2595
2429
2581
2671
2743
2673
2788
2749
2797
2775
2885
3110
2508
3401
3373
3447
3581
3593
3598
3595
3541
3511
3551
3567
3579
3573
3572
3505
3567
3571
3513
3653
3437
3157
2900
2183
2793
2775
2761
2737
2713
2659
2742
2316
2719
2601
2589
2563
2055
2515
2541
2635
2671
2677
2527
2573
2756
2825
2705
2687
2986
3234
3280
3409
3441
3543
3005
3580
3623
3541
3565
3531
3043
3509
3511
3553
2960
3522
3460
2735
3537
3387
3409
3137
3055
2910
2809
2775
2693
2756
2636
2627
2737
2641
2603
2629
2640
2668
2564
2549
2603
2135
2623
2685
2772
2341
2655
2812
2825
2907
3095
3109
3319
3401
3479
3439
3188
3599
3311
3485
3493
3460
3572
3606
3445
3562
2943
3534
3537
3541
3499
3515
3351
3009
2917
2176
2805
2719
2705
2300
2708
2645
2597
2631
2611
2600
2619
2576
2541
2524
2489
2635
2573
2645
2797
2747
2685
2699
2837
2704
3085
3241
3355
3392
3423
3516
3487
3487
3503
3570
3610
3563
3576
2720
3223
3015
3593
3609
3543
3374
3603
3633
3433
3005
2960
2837
2655
2751
2670
2647
2688
2701
2685
2529
2620
2611
2495
2612
1981
2557
2615
2583
2559
2800
2723
2743
2794
2799
2735
2965
2945
3300
3361
3345
3415
3491
3612
2979
3529
3572
3631
2813
3519
3359
3567
3572
3613
3570
2701
3748
3569
3597
2860
3061
3011
2959
2776
2821
2789
2713
2641
2591
2133
2623
2682
2621
2521
2576
2463
2565
2007
2619
2629
2623
2689
2757
2623
2685
2759
2885
3001
3079
3405
3422
3578
3575
3455
3518
3529
3275
3516
3556
3495
3525
3055
3551
3676
3539
3530
3127
3580
3625
2588
3031
2977
2639
2821
2742
2767
2824
2661
2587
2459
2671
2593
2585
2241
2436
2539
2563
2605
2645
2680
2685
2275
2709
2707
2717
2780
2773
3151
3235
3333
3369
3437
3500
3493
3513
3509
3563
3520
3559
3507
3559
3543
3567
3481
3495
3562
3541
3515
3538
3453
3562
2855
3579
2875
3602
3597
3543
3579
3540
3369
3504
3424
3421
3447
3349
3473
3381
3293
3331
3306
3342
3464
3508
3317
3319
3466
3263
3327
3361
3285
3343
3333
3371
3305
3337
3323
3299
3323
3321
3341
3301
3303
3376
3345
3285
3397
3292
3394
3156
3319
3400
3369
3354
3408
3421
3357
3301
2679
3327
3426
3301
3396
3335
