2024
1906
1922
1946
1919
1745
1972
1956
1979
1909
1935
1907
1899
1979
1943
1591
1949
1906
1961
1946
1783
1951
1757
1894
1957
1887
1928
1971
1971
1981
2038
2087
2064
2065
2141
2208
2341
2303
2300
2383
2122
2119
2159
2071
2081
2101
1866
2021
1639
1944
2032
2045
2038
1663
1962
2006
2031
1775
1943
2031
2001
1925
1779
1967
2082
2207
2235
2278
2324
2337
2019
2277
2309
2231
2271
2231
2207
1884
2314
2080
2280
2204
2202
2173
2221
2266
2293
2339
2275
2111
2183
2070
2061
2031
2063
1575
2079
1855
2055
2013
1763
2041
2007
2001
1994
1973
2020
2127
2000
2001
2021
1981
1834
1895
2088
2181
1782
2233
2083
2233
2063
2192
2270
2209
2261
2235
2231
2189
2211
2168
2233
2221
2183
2202
2196
2307
2087
2310
2276
2247
1811
2101
2025
1829
1997
1679
2027
1540
2045
1994
1985
1699
2004
2005
1961
1953
1968
2029
1949
2001
1930
1959
1935
1963
2116
2160
2204
2175
2260
2303
2276
2229
2233
1692
2215
2205
1939
2209
2175
2175
2155
2178
2284
2166
2214
2246
1783
2281
2354
1863
2216
2127
2015
2064
2049
2009
2061
2075
2047
2081
2057
2055
2034
2039
1554
1639
2037
1908
2031
1977
1995
1824
1640
1927
2047
2156
1767
2272
2269
2259
2280
2199
1919
2085
2229
2260
2189
2181
2028
1827
2185
2149
2207
2175
2199
2285
2291
2360
2292
2253
2215
1735
1997
2029
2095
2095
2043
1600
2078
2084
2013
2015
2065
1511
1986
1979
2027
1968
2029
1981
1969
1989
1621
1415
1921
2137
2179
2245
2278
2420
2298
2244
2221
1863
2035
2171
2196
1736
2319
1915
1843
2175
2165
2196
2204
2276
2281
2303
2299
2225
2199
2081
2079
2014
2047
1618
2037
2055
1647
2038
2037
1957
2021
2015
2023
2028
1993
2079
1959
1994
1955
1887
1931
1899
2037
2053
2285
2262
2250
2263
2254
2265
2256
2215
2197
2171
2215
2163
2212
2165
2167
2155
2179
2135
2150
2262
2277
2415
2275
2233
2212
2236
1731
2061
2077
2071
1614
2015
2039
2047
1775
2047
1972
2063
1984
2005
1963
1945
1942
1994
1667
1981
1887
1935
1986
1697
2077
2204
2285
2193
2240
2231
2067
2189
2215
2239
2246
2113
2137
2139
2202
2142
2158
2003
2157
1919
2279
2352
2299
2223
2112
2108
2071
2042
2011
1600
1731
2061
1983
1936
1995
1973
2032
1981
1772
2005
2005
2003
1930
1897
1936
1906
1949
1924
2036
2223
2191
2177
2344
2285
2271
2079
2149
2167
2187
1965
2111
2157
2147
1823
2125
2144
2117
2193
2186
2251
1773
2323
2271
2227
2143
2078
2000
2063
1567
2080
2045
1665
2013
2021
1989
1581
1947
2001
2005
2056
2007
1957
1855
1941
1600
1913
1891
1909
1975
2180
2175
2245
1831
2278
2229
2271
2148
2159
2166
1664
2097
2186
2073
1967
2252
2119
1607
2151
2157
2303
2324
2195
2316
2223
1923
2097
2168
2039
2013
2119
2001
2014
1995
1941
1881
2000
1975
1987
1908
2019
1999
1995
2002
1543
1967
1956
1872
1885
2136
2123
2196
2197
1807
2319
2280
2273
2246
2135
2224
2179
2158
2131
2080
2130
2115
2121
2152
2125
2113
1767
2129
2089
1944
1943
2090
2109
2077
2096
2109
1802
1939
2095
1647
2117
2125
2100
1779
1726
2177
2079
2073
1970
2091
1572
2127
2071
1557
2051
2082
2066
2035
2089
2097
1572
2088
2043
2109
2015
2083
2023
2053
2038
1572
2085
1639
2108
2085
2191
2033
1717
2069
2097
1937
2117
1560
2045
2041
2091
2039
2026
2157
1746
1549
1935
