1447
1915
1899
1619
1919
1989
2003
1917
1543
1981
1957
1974
1967
1895
1898
1855
1890
1949
1941
1861
1901
1933
1447
1901
1913
1955
1973
1909
1945
1937
1853
1889
1949
2017
1967
2003
2021
2035
2004
2283
2057
2245
2236
2161
2143
2005
2037
1937
1963
2021
1905
2005
1975
1919
1939
1817
1905
1873
1919
1583
1909
1897
1756
1789
1857
1775
1741
1679
1887
2061
2083
2181
2233
2031
1934
2199
2221
2231
2195
2205
2193
2115
2211
2215
2098
2144
2154
2231
2249
2397
2309
2278
2291
2193
2116
2070
1887
2001
1911
1476
1935
1972
1961
1878
1843
1931
1911
1727
1823
1893
1818
1863
1831
1767
1750
1663
1859
1846
1805
2023
2083
2161
2251
2245
2263
2259
2227
2183
2175
2143
2199
2165
2027
2141
2188
2169
2253
2206
1985
2327
2293
2331
2229
2177
2107
2005
2027
1837
1957
2015
1949
2047
1936
1947
1893
1895
1873
1521
1943
1885
2000
1909
1773
1823
1752
1764
1813
1861
1855
2102
2131
2148
2173
2276
2217
2231
2245
2213
2099
2145
2320
2147
1745
2137
2255
2157
2237
1717
2300
2309
2292
2277
2249
2259
2133
1749
1989
1932
1981
1991
1993
1962
1430
1551
1904
1850
1831
1925
1833
1911
1639
1845
1861
1817
1727
1807
1786
1863
1843
2033
2163
2213
2213
2311
1703
2144
2191
2193
2175
2241
2204
2131
2127
2120
2153
1631
2221
2226
2292
2280
2295
2344
2328
2181
2057
2045
2036
1899
1907
1687
1663
1945
1929
1885
1879
1881
1833
1847
1815
1508
1524
1727
1727
1615
1751
1956
1844
1848
1893
2127
2065
2219
2230
2310
2173
2175
2215
2181
2122
2169
2195
2101
2164
2197
2176
2133
2219
2228
2209
2317
2353
2340
2247
1992
2089
1543
1492
1951
1959
2001
1973
2063
1993
1906
1888
1965
1917
1980
1852
1947
1933
1893
1781
1833
1765
1921
1901
1793
1741
1953
2145
2193
2256
1785
2196
2199
1904
2232
1954
2080
1751
1983
2142
2141
2130
2156
2185
2181
2230
1735
2303
1864
2272
2165
2135
2037
2007
2001
1973
1477
1525
1909
1879
1942
1957
1847
1898
1853
1939
1879
1478
1831
1767
1680
1815
1805
1808
1740
1779
2095
2129
2219
2219
2229
2225
2193
2205
2171
2134
2133
2121
2132
2116
2129
2187
2113
2230
2143
2248
2224
2339
2271
2295
2161
2153
1581
1824
1919
1975
2005
1927
1999
1905
1999
2010
1824
1849
1877
1907
1845
1872
1861
1472
1827
1799
1348
1765
1779
1965
2143
2135
2207
2207
2255
2255
2228
2217
1750
2087
2135
2175
2143
2105
2135
1612
2143
1860
2185
2063
2265
2277
2317
2243
2111
2101
2075
1993
2000
1919
1923
1921
1931
2020
1925
1853
1863
1871
1923
1902
1825
1803
1756
1789
1477
1841
1764
1802
1868
1914
2033
1783
2183
2223
1759
2173
2163
2205
2190
2173
2181
2175
2117
2196
1993
2149
2178
2165
2193
2351
2256
2327
2318
2063
1687
1852
2033
2002
1929
1943
1875
1864
1589
1885
1867
1837
1865
1927
1463
1875
1804
1851
1821
1620
1801
1815
1765
1847
1777
1524
2045
2095
2192
2255
2257
2240
2209
2177
2173
2173
2175
2158
2228
2141
2144
2161
1583
2150
2151
2121
2095
2065
1864
2143
1589
2061
2101
2126
2100
2071
2082
2133
2065
2067
2041
2069
2053
2043
1964
1939
2125
2114
1594
2031
2103
2040
2118
2095
2077
2085
2112
2061
2101
2061
2110
2065
2071
1736
2079
1874
2039
1705
2074
2079
2081
2033
1969
2096
1864
2040
2015
2068
1983
2077
2053
2091
2041
1719
2036
2006
2068
