3503
3341
3413
3372
3383
3463
3402
3361
3412
3380
3343
3383
3421
3427
3361
3439
3397
3326
3334
3383
3353
3352
3305
3389
3425
3366
3389
3351
2624
3415
3391
3261
3423
2771
3369
3413
3252
3389
3365
3248
3355
3397
3345
3359
3413
3426
2979
3291
3381
3471
3409
3489
3437
3407
3329
3381
3333
3393
2613
3319
3297
2639
3371
3377
3325
3275
3383
3435
3379
2888
3537
3510
3537
3497
2947
3451
3517
3647
3613
3644
3831
3676
3759
3761
3623
3277
3729
3768
3858
3680
3733
3577
3554
3677
3439
3716
3729
3639
3605
3455
2599
3381
2756
3421
3379
2963
3383
3253
3397
3363
2455
3382
3348
3556
3383
2597
3315
3545
3211
3525
3527
3216
3157
3549
3125
2815
3611
3748
3667
3581
3647
3749
3887
3653
3872
3707
3783
2956
3725
3702
3723
3753
3646
3686
3758
3577
3552
3575
3409
3351
3358
3395
3293
3377
2607
3268
3277
3361
3364
3057
3404
3461
3469
3267
3125
3487
3537
3445
3457
3515
3613
3389
3655
2901
3476
3711
3847
3753
3829
3679
3770
3735
3693
3661
2781
3645
3855
3789
3673
3484
3473
3639
3687
2693
3397
3393
3423
3339
3285
3326
3245
3277
3135
3349
3292
3314
3338
2943
3615
3392
3438
3622
3491
3536
3493
3485
3333
3523
3553
3719
3721
3757
3649
3667
3735
3155
3047
3673
3805
3149
3759
3690
3767
3781
3724
2727
3653
3645
3677
3537
3536
3469
3371
3533
2979
3225
3317
3287
3295
2516
3317
3472
3349
3295
3208
3087
3531
3507
3562
3558
3352
3565
3481
3573
3758
3681
3691
3683
3765
3781
3682
3686
3796
3756
3669
3079
3694
3823
3717
3766
3753
3794
3665
3215
3701
3601
3364
3397
3447
3423
3381
3405
3390
3311
3353
2895
3252
3347
3305
3275
3313
3025
2581
3543
3503
3485
2676
3516
3204
3703
3119
2695
3735
3717
3706
3743
3552
3673
3597
3697
3767
2805
3783
3791
3641
3818
3669
3171
3689
3749
3719
3287
3537
3348
3421
3551
3377
3397
3386
3340
3297
3239
3325
3374
3301
2828
3259
3432
3395
3037
3187
2732
3460
3550
3533
3567
3607
3027
3709
2815
3734
3733
3744
3583
3179
3617
3755
3717
3687
3667
3169
3672
3691
3769
3203
3715
3681
3615
3641
3448
3524
3255
3383
3399
2799
3309
3402
3403
3289
3349
3319
2943
3319
3335
3386
3415
3451
3376
3487
3523
3431
3459
3529
3639
3655
3615
3725
3575
3740
3687
3363
3676
3709
3689
3832
3837
3720
3764
3615
3749
3775
3673
3653
3441
3681
3207
2676
3436
3371
3380
3410
3319
3287
3349
3323
3295
3277
3337
3135
3375
2731
3197
3567
3449
3567
3499
3485
3476
3509
3092
3597
3765
3733
3651
3794
3617
3772
3737
3722
3701
3702
3783
3647
3299
3846
3783
3799
3751
3749
3659
3623
2695
3124
3453
2717
3429
3359
3375
3423
3335
2725
2551
3193
3407
3261
3299
3231
3476
3463
3439
3449
2652
3479
3531
3487
3489
3581
2796
3643
3797
3751
3735
3826
3625
3676
3695
3674
2805
3712
3725
3725
3696
3743
2832
3721
3743
3653
3693
3575
3537
3445
3509
3415
3364
3275
3551
3282
3282
2456
3140
3439
3261
3344
2532
3461
3450
3485
3423
3491
3416
3630
3494
3043
3611
3722
3243
3092
3186
3671
3697
3743
3734
3751
3633
3743
3681
3121
3516
3691
3843
3809
3743
3650
3671
3772
3655
3498
3470
3115
3453
3346
3395
3364
3149
3314
3120
3219
3237
3261
3339
3375
3477
2567
3501
3439
3460
2714
3397
3631
3551
3659
3629
3784
2791
3780
3847
3714
3671
3807
3471
3855
3668
3717
3863
3755
3689
3773
3705
2887
3615
3347
3567
2840
3461
3339
3460
3039
3345
3201
3320
3315
3294
3224
3272
3295
3341
3313
3463
3502
3516
3429
3391
3412
3423
3492
3501
3597
3571
3700
3647
3738
3036
3860
3649
3757
2831
3765
3713
3793
3752
3252
3308
3735
3345
3887
3659
2727
3661
3625
3555
3493
3345
3340
3294
3289
3300
2893
2835
2580
2567
3189
3301
3403
3334
3423
3457
3075
3323
3369
3503
3365
3501
2727
3675
3711
3777
3762
3820
3717
3749
3683
3711
3199
3695
3803
3803
3687
3461
3690
3784
3267
3868
3791
3652
3598
3537
3455
3475
3341
2917
3285
3363
3369
3263
3270
3041
2724
3366
3423
3325
3395
3341
2695
2565
3334
3345
3397
3415
3123
3660
3593
3716
3847
3756
3730
3733
3595
3692
3727
3782
3693
3647
2815
3715
3731
3719
3460
3751
3717
3713
3701
3580
2932
2924
3377
3380
3349
2947
2837
3314
3281
2803
3217
3158
2620
3333
2687
3364
3115
3423
3447
3433
3493
2644
3525
3488
3579
3685
3661
3784
3734
3669
3703
3825
3710
3642
3052
3845
3707
3802
3823
3551
3730
3683
3856
3661
3679
3215
2804
3487
2899
3405
3437
3323
3314
3293
2581
3307
3028
3249
3262
3217
2803
3351
3415
3461
2943
3415
3492
3473
3566
3595
3621
2743
3619
3760
3741
2807
3710
3715
3487
3852
3659
3730
3765
3327
3699
3157
3733
3735
3709
3736
3767
3561
3670
3547
3469
3489
3452
3515
3530
3349
3319
3265
3267
3161
3205
3245
3292
3209
3341
3263
3354
2932
3467
2916
3538
3495
3424
3545
3603
3617
3672
3772
3767
3020
3739
3327
3707
3749
3758
3748
3824
3706
3723
3372
3763
3728
2823
3684
3639
3632
3538
3037
3485
3475
3414
3360
3280
3297
3333
2723
2847
3315
3260
2988
3367
3368
3397
3429
3600
3492
3554
3544
3344
3583
3447
3605
3729
3657
3770
3737
3687
3709
3741
3799
3803
3473
3637
3715
3756
3283
3723
3759
3729
3697
3623
3687
3569
3551
3577
3463
3436
3299
3375
3361
2757
3221
3333
2663
3309
3303
3280
3294
3287
3391
3383
3460
3413
3479
3525
3452
3561
3517
3668
3685
3697
3620
3703
3675
3837
3704
3731
3706
3783
3199
3717
3691
3627
3909
3661
3652
3079
3745
3697
3620
3625
3533
3395
3413
3345
3258
3263
3287
3339
3289
3309
3237
3330
3253
3364
3289
2615
3281
3433
3379
2861
2927
2652
3431
3572
3667
3675
3835
3405
3877
2836
3887
3770
2804
2985
3715
3719
3742
3753
3784
3697
3228
3718
3721
3654
3700
3701
3559
3533
3473
3396
3380
3163
3241
3135
3334
3226
3237
2663
3194
3247
3366
3315
3341
3391
3411
3470
3385
3402
3475
2895
3577
3567
3637
3687
3699
3845
3499
3649
3756
3684
3694
3737
3753
3752
3709
3745
3754
3843
3750
3706
3708
3605
2853
3600
2791
2783
3397
3357
2903
3281
3317
3287
3282
2500
3293
3263
3245
3309
3401
3365
3385
3425
3439
2839
3425
3479
3651
3623
3741
3167
3741
2785
3608
3731
2861
3758
3753
3761
3491
3732
3671
3751
3395
3760
2944
3737
3629
3148
3183
3240
3545
3540
3433
3355
3319
3278
3309
3252
2460
3237
2517
3185
3249
3307
3367
3365
3476
3436
3519
3515
3084
3441
3532
3513
3613
3638
3677
3765
3689
3151
3766
3666
3767
3451
3383
2845
3671
3730
3665
3764
3748
3855
3729
3687
3677
3677
3506
3457
3431
3381
3325
3199
3043
3277
2895
3263
3309
3221
3302
3165
3245
3345
3315
3453
3460
3463
3453
2995
3525
3015
3637
3676
3745
3883
3749
3705
3794
3693
3733
3699
3823
3749
2895
3036
2995
3783
3683
3703
3701
3781
3639
3638
3519
3487
3339
2599
3295
3300
2831
3237
3274
2476
3239
3275
3247
3290
3237
3345
3433
3439
3443
3404
3399
3455
3436
3435
3493
3620
3627
3701
3759
3710
3677
3635
3922
3693
3771
3669
3730
3673
3609
3737
3757
3703
3731
3723
3697
3721
3656
3662
3493
3469
3501
3439
3433
3039
3255
2931
3205
3167
3218
3211
3349
3304
3216
3305
3317
3454
3465
3377
2564
3380
3525
3497
3657
3709
3725
3717
3533
3703
3694
3855
3749
3723
3759
3703
3735
3679
3743
3783
3686
3679
3700
3293
3637
3722
3639
3423
3413
3345
3311
3224
3259
3368
3294
3185
3215
2852
3281
3291
3293
3353
3377
3441
3479
3059
3359
3441
3438
3473
3433
2695
3620
3647
3719
3762
3215
3753
3741
3700
3756
3675
3738
3709
3733
2959
3754
3719
3765
3251
3698
3653
3613
3620
3477
3429
3463
3269
3062
3287
3253
3226
3249
3249
3275
3267
3238
3135
3372
3353
3341
3499
3459
3477
3421
3399
3502
2783
3423
3708
3709
3746
3757
3741
3667
3697
3677
3682
3774
3727
3721
3715
3155
3695
3723
3709
3051
3671
3726
3703
3422
3455
3403
3383
3391
3326
3303
3317
3273
3293
3225
2420
3223
3216
3291
3277
3289
3383
3409
2869
2600
3476
3119
3039
3613
3551
3690
3693
3722
3731
3725
3785
3187
3621
3673
3639
3387
3781
3687
3741
3754
3683
3687
3725
3755
3649
3639
3549
3541
3413
3393
3397
3335
3231
3343
3341
3183
3266
3275
3216
3207
3202
3292
3379
2679
3167
3481
2624
3473
3440
3545
3517
3577
3725
3689
3729
3703
3637
3697
3693
3752
3133
3427
3768
3870
3796
3717
3691
3639
3861
3755
3708
3666
3483
3629
3505
3489
3385
3100
3334
3165
3126
3375
3221
3060
3277
3197
3267
3323
3341
3306
3346
3482
3480
3027
3483
3483
3455
3559
3743
3059
3696
3651
3752
3470
3733
3903
3489
3665
3059
3703
3677
3738
3679
3475
3788
3765
3745
3718
2855
3661
3543
3345
3444
2605
3471
3288
3336
3219
3205
2731
3205
3276
3200
2424
3229
3217
2549
3366
3453
3461
3429
3471
3509
3535
3619
3645
3455
3703
3715
3698
3689
3681
3751
3729
3551
3643
3151
3775
3783
3451
3757
3754
3753
3703
3052
3551
3587
3569
3535
3420
2909
3343
3249
3199
3231
3209
3241
3210
3253
3217
3247
3403
3373
3375
3494
3545
3479
3653
3400
3638
3613
3664
3655
3702
3855
3716
3731
3815
3685
3695
3747
3788
3719
3792
3761
3809
2919
3783
3790
3865
2887
3672
3549
3575
3410
3364
3382
3293
3208
3404
3267
3211
3257
2461
3189
3216
3220
3319
3319
3305
3463
3230
2628
3493
3349
3579
3133
3629
3717
3659
3617
3665
3756
3777
2791
3632
3765
3730
3748
3667
3723
3284
3495
3803
3693
3802
3717
3621
3235
3519
3477
3475
3345
3309
2540
3318
3293
3285
3236
3189
3255
