3135
3069
3115
3031
3131
3138
3065
3112
3121
3091
3025
3212
3007
3076
2356
3058
2957
2413
3040
3140
3157
3007
3147
3053
2703
3145
3119
3149
2909
3175
2565
3355
3008
2785
2301
2040
1857
1751
1741
1860
2192
1941
1917
2388
3147
3127
3227
3289
3253
3375
2663
3123
2783
2261
1973
1860
1384
1745
1737
1937
1887
2045
2463
2999
3044
3101
3211
3323
3351
3239
3043
2689
2245
2007
1823
1511
1693
1808
2065
1548
1967
2638
3049
3147
3201
3241
3281
3402
3303
3021
2769
2397
2012
1967
1507
1571
1681
2191
1993
1943
2225
2962
3009
3173
3221
3188
3271
3315
3071
2813
2357
2141
1936
1767
1789
1781
2136
2032
1986
2436
3029
3123
3191
3203
3209
3316
3356
3083
2633
2333
1653
1903
1717
1779
1511
2122
1951
2021
2509
2301
2396
3195
3237
3275
3287
3345
2990
2655
1711
2053
1909
1837
1455
1495
2135
1959
2015
2442
3025
3116
2963
3147
3271
3332
3335
2487
2093
2453
2121
1875
1748
1820
1756
2124
1975
1949
2544
2477
3127
3101
3209
3289
2823
3186
3017
2725
2293
1903
1409
1569
1791
1925
2077
1708
1972
2849
2985
3067
3089
3140
2788
3303
3209
2756
2640
2319
2040
1919
1883
1791
2015
2005
1961
2184
3039
2957
3121
3181
2597
3107
3339
3304
3007
2636
2207
1887
1940
1373
1903
1909
1984
1974
2372
2735
3013
3049
3175
2473
3095
3277
3155
2837
2615
2229
1991
1737
1759
1791
2163
2139
2127
2381
2973
3029
2691
3099
3197
3240
3273
3013
2924
2501
2151
1856
1909
1552
1873
2231
2133
1611
2399
2938
3051
3141
3219
3225
3283
2650
2989
2835
2516
2269
1476
1759
1835
1945
2319
2113
2041
2473
2824
3104
3079
3103
3218
3288
3309
3149
2786
2319
2203
1817
1792
1877
1883
2199
2067
2045
2655
2935
3037
3143
3145
3099
3217
3253
3155
3015
2885
2521
2392
2295
1904
1892
1717
1879
1909
2199
2268
2038
2005
2397
2932
2396
3095
2831
3137
3192
3171
3202
3282
2501
2935
2661
2385
2149
2023
1663
2023
1955
1516
2103
2165
2077
1533
2033
2871
2935
3015
3068
3109
3092
3213
3187
3343
3253
2903
2773
2501
2303
2039
2004
2037
1987
2039
1877
2180
2161
2045
2199
2759
2833
2578
3156
3011
3136
3173
3197
3275
2663
3037
2861
2608
2333
2127
2039
2092
1795
2097
2060
2079
1960
2004
2199
2744
2399
2733
2595
3038
3013
3107
3159
3172
3195
3231
2977
2739
2437
2177
2143
2073
2093
1612
2129
1905
2079
2128
2066
2213
2785
2845
2416
3029
3031
3215
3091
2598
3241
3245
2939
2804
2613
1751
2163
2122
2057
2105
2140
2101
2098
2133
2029
2160
2823
2455
2837
2869
2928
3043
3127
3151
3149
2895
3061
2935
2635
2415
2256
2181
2196
2133
2189
1831
2047
2180
1788
2200
2281
2739
2980
2868
2890
2962
3045
3044
3167
2980
3214
2911
2757
2497
2463
2237
2181
2165
2125
2183
2085
1815
2145
1683
2183
2821
2795
2596
2873
2833
2780
3053
3035
2643
2407
3037
2879
2275
2461
2313
2237
2207
2111
2069
2198
2023
2222
2083
2085
2255
2829
2781
2789
2885
2975
2917
3024
2981
2625
3209
2759
2837
2577
2396
2293
2173
2179
2196
2228
2160
2093
2145
2191
1591
2677
2661
2729
2791
2847
2625
2727
2741
2706
2123
2759
2723
2022
2741
2661
2236
2695
2642
2725
2729
2711
2640
2701
2638
2768
2636
2609
2627
2703
2391
2175
2615
2653
2697
2655
2488
2541
2585
2601
2581
2641
2568
2557
2621
2595
2303
2585
2367
2597
2071
2605
2610
2625
2716
2615
2582
1895
2549
2630
2553
2563
2581
2582
2587
2607
2535
2399
2612
2637
2593
2589
2573
1986
2066
2195
2276
2504
2320
1948
2252
2192
1953
2075
2852
2864
3069
3263
3211
3037
3101
3053
3231
2999
2516
2641
2317
2013
2141
2193
1737
2504
2333
2255
2229
2209
2213
2368
2850
3127
3253
3217
3279
3125
3231
3140
3090
2635
3029
2858
2271
2117
2317
2208
2209
2143
2287
2173
2296
2288
2195
2569
2941
3093
3167
3250
3139
3136
3156
3093
2332
3085
2927
2709
2033
1983
2339
1967
2327
2295
2250
2143
1892
2084
2195
2625
3013
3124
3135
3255
3237
3252
3137
3293
2479
3125
2881
2436
2041
1967
2285
2167
2199
2137
2192
2154
1711
2189
2323
2815
3069
3337
3241
3276
2594
3187
3101
3068
2975
3144
2853
1799
2031
2215
2197
2151
2163
2192
2131
2033
2077
2143
2441
2935
2447
3245
3285
3375
3163
3197
3079
3097
3128
3037
2901
2101
1668
2183
2029
2133
2032
2081
2017
2041
1969
2268
2629
3047
3057
3293
3275
3244
3207
3197
3147
3183
3109
3026
2811
2055
2089
2294
2133
2188
2065
1995
2159
2003
2156
2309
2853
3106
3263
2895
2540
3253
3237
3221
3109
3109
3113
3005
2463
1972
1811
2104
1958
2159
1960
2003
1855
1741
2039
2485
2847
3284
3287
3185
3197
3169
3172
3243
3179
2663
3116
2965
2065
1957
2164
1683
1937
1716
1931
1909
1883
1977
1655
2699
2983
3125
3379
3135
2717
3249
3205
3099
3156
3019
2476
1949
2190
2048
1903
1869
1780
1797
2068
2505
2941
2485
3095
3261
3275
3186
3184
3151
2995
2419
1941
2203
1980
1909
1844
1748
1845
2001
2515
2989
3267
3300
3167
3219
3293
3269
3138
2997
2409
1954
2276
1955
1868
1741
1777
1724
2019
2621
3027
3207
3231
3300
2541
2859
2711
2696
3029
2293
1997
2058
1943
1829
1757
1740
1791
2151
2305
2687
3107
3313
3207
3187
2544
3202
3203
2661
2487
1533
1556
1879
1825
1757
1839
1799
2005
2337
2957
3223
3141
3267
3255
3035
3156
3233
3027
2220
1997
2029
1933
1747
1653
1539
1380
2088
2473
2505
3083
3266
3303
2628
3284
3229
3149
2935
2244
2115
1615
1892
1691
1681
1380
1861
2124
2494
3124
3135
3235
3279
3320
3303
3207
3165
3049
2168
1991
1823
1799
1769
1745
1507
1897
2089
2618
2404
3223
2687
3239
3319
3260
3279
3125
2861
2087
1660
1927
1805
1587
1733
1719
1911
2157
2628
3168
3263
3287
3298
3293
2543
3249
2867
2687
1756
2077
1953
1813
1645
1385
1775
1851
2165
2805
3088
2596
3231
3349
3211
3205
3027
3149
2431
2017
2059
1961
1792
1762
1367
1841
1893
2208
2927
3149
3325
3319
3281
3289
3291
3197
3196
2333
2073
2148
1940
1828
1631
1301
1677
1488
2063
2943
2807
3389
3305
3333
3280
3167
3229
2497
2125
2037
2025
1753
1767
1713
1620
1812
1867
2463
2471
3197
3029
3375
3313
3293
3305
3185
3039
2227
1809
1891
1756
1765
1681
1591
1823
2076
2505
3127
3280
3419
3357
3343
3359
3303
3199
2835
1979
1663
1941
1350
1764
1743
1703
1864
2079
2685
3247
3312
3217
3181
3316
3279
3216
3281
3281
3265
2526
3317
3255
3205
3311
2759
3247
3247
3199
3186
3266
3261
3303
3219
3167
3268
3244
3352
3270
3255
3265
3209
3300
3237
3167
2577
3255
3193
2497
3247
3244
3184
3249
3253
3197
3257
3165
3167
3247
3153
2567
2959
3197
3227
2787
3161
3229
3314
3247
3245
3214
2468
3237
2833
3224
3189
3193
