3501
2583
3525
2943
2636
3421
2631
3477
3424
3712
3544
3523
3385
3292
3407
3517
3529
3517
2724
3596
3267
3454
3511
3457
3412
3631
3493
3490
3485
3504
3411
3628
3521
3472
3525
3425
3518
3197
3492
3405
3531
3491
3231
2689
3493
3389
3487
3511
3516
3361
3407
3241
3465
3509
3509
2947
3513
3376
3516
3517
3498
3359
3410
3465
3530
2654
3587
3245
3503
3423
2723
2428
2276
2693
2465
1959
2388
2325
2333
2441
2315
2378
2412
2391
2444
2356
2515
2591
2788
3405
3511
3568
3695
3844
3737
3685
2727
3551
3026
3529
3570
3551
3484
3169
2675
1959
2781
2680
2505
2536
2392
2364
2353
2295
2299
2296
2325
1967
2453
2456
1989
2625
3476
3312
3524
3423
3677
3605
3617
3639
3524
3749
3613
3021
2988
3135
2751
2707
2263
2935
2709
2521
2501
2425
2435
2365
2325
2341
2399
2359
2397
2046
2336
2589
2591
3355
2839
3671
3651
2980
3703
3573
3605
3665
3614
3627
3070
3541
3398
3088
2805
2212
2948
2655
2671
2448
2463
2397
2331
2269
2255
2262
2371
2253
2452
2318
2403
2553
3132
3477
3593
3469
3379
2951
3465
3533
3648
3659
3535
3567
3421
3327
3053
2837
2809
3000
2711
2628
2051
2037
2303
2371
2331
2323
2253
2381
2391
2412
2449
2357
3113
3276
3568
3499
3623
3165
3655
3635
2802
3653
2778
3624
3023
3545
3397
3109
2807
2871
2947
2733
2575
2525
2457
2404
2447
2373
1935
2259
2396
2410
2429
2231
2671
2747
3165
3478
3498
3679
3659
3671
3638
3481
3645
3639
3541
3643
3526
3543
3037
2941
2853
3151
2968
2633
2533
2455
2451
2384
2327
1923
2297
2353
2011
2389
2457
2573
2766
3017
3631
3455
3629
3564
3501
3628
3553
2929
3505
3547
3530
2903
3023
3349
3174
2905
2573
2975
2176
2300
2575
2461
2212
2357
2323
2099
2325
2340
2423
2492
2613
2757
3221
3436
3581
3011
3607
3562
3293
3408
3613
3628
3569
3479
3251
3509
3487
3279
2925
2947
3033
2956
2135
2087
2359
2423
2433
2372
2333
1967
2369
2476
2373
2431
2388
3025
3447
3423
3517
3571
3499
3613
3519
3388
3490
2791
3608
3553
3507
3433
3135
3202
2925
3020
2949
2725
2585
2425
2437
2447
2351
2421
2051
2369
2421
2457
2551
2729
2885
3420
2983
3583
3501
3554
3491
2829
3495
3575
3555
3442
3511
3437
3447
3432
3317
2981
2957
3041
2909
2705
2301
2337
2399
2046
2433
2373
1863
2438
2411
2453
2605
2617
3177
3437
3323
3479
3482
3485
2911
3573
3583
3581
3573
3516
3542
3453
3429
3316
3227
2784
2943
3029
2804
2645
2519
2461
2355
2421
2336
2357
2453
2268
2083
2581
2138
3009
3281
2781
3581
3436
3575
3551
2902
3497
2806
3521
2910
3529
3472
3426
3395
3289
3028
2959
3047
2867
2769
2505
2502
2300
2221
2395
2118
2449
2461
2421
2469
2309
2819
3181
3540
3580
3533
3387
3418
3460
3501
3497
3539
3448
2999
2867
3460
3405
3408
3231
2901
2919
2916
2583
2701
2525
2509
2544
2377
2461
2437
2423
2373
2465
2527
2673
2955
3348
3433
3557
3529
3561
3471
3443
3443
3507
3559
3477
2804
3484
2943
3348
3289
3011
2901
2975
2900
2719
2591
2501
2437
2407
2421
2411
2433
2434
2465
2473
2732
2917
3312
3447
3525
3467
3513
3572
3443
3442
3391
3444
3541
3515
3443
2644
3432
3417
3325
3342
3396
3196
2973
2276
2949
2899
2796
2757
1959
2455
2485
2484
2437
2416
1958
2389
2387
2420
2261
2421
2453
2549
2556
2740
3029
3205
3411
3371
3451
2735
3467
3541
3560
3415
3343
3453
3465
3433
3325
3524
3440
3406
3252
3100
3306
3435
3341
3008
3029
2548
2941
2821
2761
2725
2765
2521
2533
2517
2133
2335
2437
2422
2163
2369
2407
2435
2497
2608
2637
2692
2887
3179
2767
3376
2692
3417
3513
3404
2701
3361
3465
2815
3397
3341
3421
3424
3409
3477
3469
3489
3011
3308
3325
3244
3037
2699
2949
2887
2869
2691
2669
1957
2471
2517
2469
1959
2405
2391
2391
2516
1941
2507
2277
2505
1974
2724
2551
3188
3307
3343
3365
2668
3495
3557
3469
3428
3231
3434
3377
2647
3381
3453
2915
3419
2724
3361
3387
3289
3275
3220
3060
2928
2741
2929
2893
2596
2167
2527
2495
2553
2484
2106
2509
1863
2471
2487
2575
2556
2525
2507
2557
2647
2529
3216
3199
3336
3355
3631
3364
3503
3507
3434
3427
3427
3399
3417
3297
3359
3466
3348
3422
3357
3413
3356
3068
3222
3139
2963
2929
2983
2909
2749
2643
2600
2621
2644
2429
2527
2541
2495
2511
2455
2393
2533
2431
2508
2549
2662
2804
3057
3080
3359
3341
3449
3579
3510
3511
3548
3487
3499
3455
3443
3471
3409
3508
2815
3373
3356
3364
3267
3335
3171
3122
2881
2917
2917
2933
2646
2748
2547
2507
2551
2099
2639
2495
1893
2533
2487
2513
2639
2534
2469
2605
2581
2731
3047
3292
3269
3414
3463
3580
3435
3473
3508
3397
3411
3313
3357
3371
3481
3405
2815
3319
2588
3373
3359
3239
3275
2759
3021
2875
2991
2961
2295
2685
2623
2395
2545
2519
2537
2480
2185
2461
2525
1941
2481
2481
1996
1962
2683
2730
2997
3219
2976
3151
3503
3430
2797
3473
3422
3493
3572
3490
3445
3473
3365
3317
2795
3257
3369
3292
2732
3344
3300
3179
3141
2935
2885
2925
2843
2719
2701
2596
2485
2503
2537
1951
2253
2485
2481
2612
2227
2568
2459
2581
2597
2765
2901
2551
3223
2687
3318
3367
3501
3527
3493
3449
3425
3445
3461
3428
3455
2631
2599
3293
3401
3381
3377
3263
3197
3191
3150
2857
2894
2825
2857
2770
2704
2595
2223
2629
2535
2573
2044
2547
2527
1860
2443
2263
1876
2367
2532
2719
2815
3063
3149
3234
3249
3329
3131
3483
3400
3507
3437
3381
3467
3333
3377
3208
3503
3295
2916
3410
3307
3338
3345
2931
3185
2965
2857
2884
2907
2884
2717
2635
2047
2567
2575
2573
2565
2519
2517
2071
2485
2531
2528
2521
2605
2269
2897
2952
3169
3306
3257
3429
3429
3317
3347
3359
3465
3051
3432
3335
3345
3382
3421
3311
3317
3381
3188
3341
3294
3311
3143
3236
2897
2813
2980
2815
2724
2643
2636
2565
2629
2085
2488
2223
2620
2576
2589
2135
2576
2551
2495
2069
2772
3013
3116
3193
2844
3303
3508
3235
3046
3439
3256
3396
3455
3467
3433
3447
3265
3395
3323
3347
3281
3397
3471
3173
3319
3179
2343
2828
2982
2900
2386
2663
2693
2655
2581
2356
2615
2578
2457
2519
2449
2585
2532
2608
2593
2613
2863
2535
3147
3203
3406
3365
3499
2983
3447
3444
3491
3480
3381
3373
3394
3437
3325
3431
3359
3391
3353
3259
3285
3197
3287
3047
2961
2199
2910
2991
2838
2645
2646
2586
2619
2583
2533
2545
2579
2520
2583
2551
2517
2351
2627
2647
2791
2815
3113
3150
3185
2517
3543
3272
3485
3416
3485
3249
3369
3355
3450
3381
3351
3340
3493
3463
3393
3351
3305
3301
3231
3100
2957
2903
2836
2851
2815
2705
2637
2681
2609
2649
2720
2567
2566
2493
2564
2563
2589
2493
2601
2735
2727
2851
3027
3193
3252
3274
3451
3349
3159
3479
3445
3503
3447
2887
3516
3423
3431
3377
3317
3400
3413
3303
3357
3369
3316
3228
3012
2975
2889
2148
2845
2753
2632
2705
2673
2677
2679
2591
2610
2533
2579
1957
2461
2565
2632
2703
2725
2890
2983
3197
3141
3165
3370
3381
3513
3445
3468
3511
2727
3445
2695
3135
3447
3374
3361
3425
3405
3285
2640
3319
3277
3239
3151
3018
2859
2869
2293
2859
2751
2769
2707
2673
2649
2721
2614
2669
2653
2641
2613
2620
1989
2593
2705
2536
2608
3045
3085
3173
3364
3417
3461
3551
2999
3431
3481
3453
3209
3305
3391
3348
3422
3419
3304
3378
3402
3391
3231
3200
3135
2980
2868
2796
2917
2853
2807
2775
2832
2667
2689
2287
2020
2649
2423
2672
2595
2581
2571
2589
2567
2725
2405
2943
2896
3188
3237
3435
3403
3477
3395
3486
3499
3349
3415
2885
3285
3401
3439
3325
3385
3341
3356
2995
3461
3333
3155
3060
2199
2885
2849
2919
2749
2036
2676
2857
2703
2651
2603
2663
2527
2645
2236
2541
2629
2552
2631
2629
2803
2949
2983
3117
3216
3437
3409
3510
3427
3433
3535
2831
3489
3385
2895
3439
3332
3435
3363
3340
3409
3394
3341
3323
2979
3117
3039
2938
2851
2533
2827
2791
2165
2773
2732
2725
2679
2657
2583
2583
2069
2692
2580
2613
2611
2151
2789
2861
2949
2979
3230
3319
3527
3411
3479
3439
3397
3496
3455
3473
3417
3395
2796
3224
3100
3263
3345
3318
3281
3317
3382
3368
3137
2268
2772
2901
2834
2823
2852
2727
2736
2756
2731
2715
2197
2599
2445
2583
2614
2641
2637
2654
2653
2812
2992
2819
3124
3140
3374
3398
3490
3474
3367
3500
2615
3281
3339
2535
2684
3551
3349
3351
3333
3291
3517
3359
3348
2684
3121
3045
2823
2829
2941
2821
2701
2823
2231
2705
2745
2727
2610
2581
2678
2643
2676
2703
2677
2635
2683
2620
2565
3017
3122
3207
3327
3486
3479
3567
3437
3445
3435
3227
3247
3288
2986
3417
3347
3415
3424
3135
3345
3261
3351
3209
2915
3123
2911
2805
2880
2792
2733
2775
2757
2351
2695
2759
2677
2647
2667
2685
2453
2689
2697
2661
2706
2719
2827
2891
3016
3223
3353
3466
2788
3407
3386
3389
3489
3395
3232
3396
3064
2600
2625
3425
3411
2583
2756
3285
3319
3302
3260
3057
2990
2841
2821
2885
2749
2825
2620
2403
2717
2788
2790
2717
2629
2545
2303
2677
2652
2653
2313
2759
2757
2917
2997
2641
3323
3399
3391
3615
3505
2745
3445
3028
3381
2624
2708
3347
2503
3345
2883
3352
3267
3319
3347
3333
3171
3154
2636
2687
2796
2182
2883
2801
2851
2531
2403
2803
2729
2719
2665
2831
2631
2640
2102
2681
2028
2681
2885
2853
3029
2755
3237
3327
2654
3498
3371
3389
3497
3174
3441
3423
3455
3323
3168
3335
3325
3420
2921
3377
3285
3297
3306
3234
2636
2949
2150
2890
2795
2921
2845
2855
2807
2464
2071
2737
2740
2665
2668
2641
2183
2668
2641
2767
2885
2909
3025
2971
3189
3399
3375
3445
3429
3371
3428
3443
3434
3383
3449
3441
3353
3419
3423
3323
3410
3397
3389
3414
3268
3180
3133
3014
2863
2875
2844
2859
2823
2839
2813
2839
2563
2708
2372
2747
2511
2644
2719
2591
2063
2023
2340
2980
3025
3110
3295
3396
3109
2789
3347
3413
2634
2935
3444
3500
3447
3373
3429
3394
3379
3295
3389
3375
3396
3249
3267
3300
3157
2981
2825
2843
2933
2833
2865
2975
2815
2801
2771
2847
2724
2705
2753
2693
2357
2693
2645
2689
2728
2928
3041
3098
3164
3313
3397
3384
3379
3425
3475
3447
3467
3151
3268
3436
3327
3375
3401
3415
3314
3533
3446
3251
3432
3291
3203
2985
2192
2796
2837
2751
2829
2927
2853
2715
2837
2852
2966
2801
2739
2692
2693
2723
2769
2713
2757
2303
3054
3101
2815
3195
3292
3428
3463
3288
3345
3471
3459
3435
3574
3408
3352
3031
3439
3372
3367
3309
3325
3319
3331
2829
3263
2615
2965
2845
2320
2875
2591
2911
2949
2781
2189
2866
2821
2834
2620
2339
2757
2687
2724
2773
2610
2567
2884
3017
3007
3299
3363
3353
3454
3449
3301
3399
3381
3453
3349
3327
3453
3259
3348
3301
3151
3421
3373
3335
3381
3234
3316
3044
2279
2895
2571
2853
2909
2914
2955
2996
2677
2492
2794
2834
2775
2704
2693
2725
2657
2735
2765
2885
2326
3037
3045
2437
3364
3385
3354
3576
2963
3401
3427
3468
3341
3453
3392
3447
3145
3207
3295
2679
3327
3343
3255
3306
3412
3191
2865
2897
2303
2883
2763
2932
2279
2989
2907
2898
2836
2813
2739
2693
2736
2755
2831
2647
2713
2797
2789
2979
2912
2715
3266
3188
3345
3599
3473
3461
3461
3462
3464
2863
3236
3401
2575
3233
3341
3341
2503
2516
3285
2829
3246
3250
3001
2959
2452
2869
2889
2898
2843
2849
2204
2868
2751
2721
2623
2371
2701
2695
2727
2765
2761
2813
2745
2941
2342
3194
3316
3231
3317
3364
3241
3421
3495
3327
3119
2837
3340
3067
3413
3353
3161
3405
3387
2976
3117
2687
3241
3167
3048
2937
2817
2910
2467
2833
2871
2865
2929
2959
2713
2807
2719
2758
2092
2760
2748
2775
2740
2677
2735
2821
2869
3044
3195
3252
3281
3342
2703
3060
3431
3373
3425
3391
3444
3216
3437
3436
3411
3285
3359
3395
3305
3243
3249
3237
3221
3003
2968
2873
2292
2875
2900
2951
2909
2333
2991
2877
2623
2839
2880
2303
2677
2680
2505
2708
2761
2919
3011
3031
3260
3319
3377
2693
3371
3364
3498
3409
3297
3381
2552
3427
2631
3351
2815
2583
3287
3528
3508
3327
2471
3207
3277
3032
3002
2419
2300
2861
2815
2847
2867
2849
2884
2579
2821
2765
2789
2789
2755
2679
2673
2071
2722
2787
2911
3017
2796
3169
3005
3327
3417
3532
3458
3260
3380
3003
3403
3365
3322
3315
2819
2703
3393
3406
3393
3253
2567
3341
3225
3221
3037
2841
2881
2856
2843
2431
2943
2893
2949
2903
2904
2821
2831
2823
2817
2691
2781
2779
2583
2927
2869
2957
3167
3253
3235
3311
3488
3477
3476
3423
3374
2927
3410
3402
3445
3319
3456
3312
3403
3267
3069
3351
3269
3231
2733
3185
3055
3087
2911
2884
2868
2908
2937
2915
2941
2937
2706
2865
2852
2833
2708
2729
2095
2896
2782
2725
2801
2215
3005
3195
2516
3372
3508
3467
3017
3549
3463
3349
3435
3427
2645
3445
3364
2519
3451
3393
3367
3275
3301
3369
3016
3253
3173
2951
2475
2751
3020
2886
2515
2977
2973
2891
2874
2181
2801
2429
2805
2801
2769
2732
2847
2755
2960
2854
2949
3141
3245
3355
3427
3479
3421
3063
3471
2689
3351
3229
3439
3382
3452
3385
3327
3345
3393
3255
3300
3303
3236
3184
2389
2979
2543
2777
2805
2423
2847
2893
2292
2939
2832
2311
2809
2839
2285
2763
2749
2723
2723
2746
2800
2813
2897
3029
2769
3348
3299
3436
3425
3383
3469
2959
3356
3459
3123
2725
3429
3365
3367
3349
3359
3349
3358
3263
3293
3242
3209
3019
2772
2815
2838
2815
2919
2847
2981
2300
2873
2263
2839
2799
2789
2773
2813
2263
2781
2636
2743
2871
2896
2309
3197
3293
2736
3398
3418
2636
2651
3355
3436
3387
3349
3495
3381
3315
3327
3313
3361
3404
3395
3298
3263
3218
2455
3069
2817
2697
2815
2909
2884
2849
2983
2837
2932
2901
2880
2373
2851
2863
2735
2789
2788
2765
2780
2893
2245
3061
3200
3318
3279
3327
3453
3363
3455
3423
3421
3396
3459
3405
3397
3437
3297
3345
3307
2920
3360
3349
3252
3284
3305
3251
2275
2894
2742
2819
2721
2947
2981
2999
2893
2860
2835
2879
2860
2779
2815
2779
2068
2643
2745
2456
2843
3000
3109
2458
3332
3309
3481
3464
3431
3470
2942
2847
3451
3451
3439
3327
2615
3433
2752
3323
2519
3337
3372
3357
3381
2588
2986
2777
2811
2812
2805
2919
2981
2939
2879
2845
2897
2815
2880
2837
2220
2100
2753
2809
2741
2782
2909
2995
3129
3269
3238
3339
3372
3429
3469
3220
3231
3521
3362
3459
3421
3415
2535
3216
3341
3405
3277
3129
3157
2565
3213
3238
2924
2807
2687
2831
2783
2756
2923
2477
2940
2949
2911
2829
2865
2845
2815
2781
2389
2695
2229
2765
2711
2863
3113
3215
3303
3267
2599
3417
3407
3377
3421
3466
3373
2876
2823
3391
3351
3381
2901
2964
2676
3439
3241
3060
3207
3306
2935
2819
2737
2813
2840
2845
2909
2887
2919
2939
2823
2785
2245
2801
2820
2927
2845
2709
2695
2795
2789
2909
2437
3185
3279
3295
3327
3339
3405
3363
2799
3397
3451
3464
3447
3465
3448
3403
3381
3167
3329
3287
3285
3263
2573
2963
3093
2852
2140
2721
2880
2855
2861
2991
2983
2933
2549
2911
2920
2387
2721
2799
2777
2401
2769
2749
2767
2372
2975
2811
2513
3235
3251
3459
3405
3476
3443
3354
3353
3356
3439
3439
3423
3379
3367
3425
3375
3357
3275
3259
3299
3368
3015
2183
2889
2771
2797
2229
2855
2897
2932
2983
3008
2923
2303
2399
2927
2819
2840
2718
2725
2711
2871
2859
2997
3003
3191
3285
3135
3439
3487
3347
3435
3379
3420
3379
3467
3364
3091
3263
3365
3437
3351
3285
3313
3270
3298
3205
3187
2907
2778
2713
2810
2575
2815
2949
2911
2969
2595
2839
2885
2429
2853
2132
2779
2787
2868
2745
2819
2888
2901
3125
3332
3231
3414
3149
3474
3631
2772
3428
3470
3405
3413
3440
3437
3427
2772
2853
3381
2612
3369
3319
3260
2455
3261
2263
2778
2683
2813
2805
2869
2852
2244
2301
2924
2837
2579
2373
2791
2240
2798
2288
2023
2719
2869
2911
2867
2279
3142
3350
3365
3395
3403
3437
3353
3404
3497
3355
3360
2663
3231
3409
2535
3319
3327
3409
3091
3407
3169
3331
3233
2837
2851
2609
2020
2623
2823
2923
2859
2867
2909
2981
2871
2861
2827
2801
2805
2843
2880
2833
2247
2761
65024
65024
65024
65024
65024
65024
65024
65024
65024
65024
65024
65024
65024
65024
65024
65024
65024
65024
65024
65024
65024
3024
2943
2789
2468
2769
2763
2311
2941
2953
2276
2875
2245
2857
2903
2845
2837
2791
2835
2791
2741
2301
3049
3001
2997
3143
3333
3013
3408
3421
3434
3556
3509
3399
3422
3285
3353
3349
3335
2997
2612
3361
3372
3317
3389
3375
3239
2675
2997
2726
2275
2524
2773
2790
2887
2949
2925
2935
2937
2869
2867
2788
2812
2856
2781
2837
2853
2783
2671
2860
3099
3180
3241
2613
3269
3104
3396
3490
3505
3371
3499
3317
3461
3378
3413
3439
3449
3253
2847
3193
3426
3445
3279
3251
2515
2942
2520
2687
2688
2852
2487
2999
2845
2989
2895
2887
2950
2853
2781
2813
2823
2829
2791
2823
2911
2869
3063
3067
3203
3263
3423
3193
2671
3433
3243
3381
3489
3468
3461
3453
3433
3088
3394
3409
3387
3429
3409
3410
3413
3387
2943
2915
2661
2797
2813
2847
2815
2961
2900
2388
2856
2943
2903
2876
2869
2749
2893
2813
2769
2775
2821
2885
3039
3170
3312
3283
3191
3501
3503
3525
3541
3436
3379
3365
3340
3421
3422
2791
3377
3373
3441
3327
3451
3438
3409
3293
2943
2901
2717
2055
2769
2749
2681
2813
2869
2965
2925
2924
2797
2869
2845
2199
2751
2829
2801
2119
2368
2847
2991
3119
3187
2639
3367
3487
3533
3556
3468
3666
3473
3616
3427
3427
3391
3271
3415
3518
3360
2580
3481
3447
3560
3167
2341
2975
2673
2717
2599
2948
2861
3023
2255
2967
2883
2915
2902
2849
2869
2676
2831
2616
2791
2812
2893
2869
2960
3188
3268
3309
2615
3524
2791
3563
3551
3447
3541
3513
3399
3415
3487
3469
3515
2782
3289
3415
3244
3447
3377
3439
3062
2931
2804
2541
2711
2864
2712
2643
2911
2941
2855
2957
2432
2812
2773
2547
2823
2805
65024
65024
65024
65024
65024
65024
65024
65024
65024
65024
65024
65024
65024
65024
65024
65024
65024
65024
65024
65024
65024
65024
2775
3408
3223
3019
2221
2653
2085
2823
2079
2757
2785
2840
2356
2787
2807
2101
2741
2736
2084
2657
2647
2731
2717
2835
2881
3057
3161
3329
3383
3466
3549
3559
3625
3474
3537
3647
3513
3546
3572
3570
3523
3487
3663
3515
3559
2906
3497
3367
3103
2991
2673
2522
2693
2323
2087
2677
2693
2215
2765
2724
2707
2583
2481
1950
2643
2613
2591
2661
2467
2734
2870
3146
3298
3413
2905
3213
3466
3423
3727
3387
3613
3617
3509
3597
3573
3423
3463
3545
3567
3445
3280
3413
3624
3476
3087
2909
2759
2597
2428
2677
2695
2571
2573
2525
2621
2601
2704
2545
2547
2481
2127
2637
2477
2521
2808
2769
2895
2949
3181
2668
3260
3076
3603
3571
3551
3139
3589
3607
3473
3594
3533
2805
3575
3503
3487
3352
3554
3389
3509
3294
3144
2837
2799
2631
2735
2701
2647
2469
2471
2491
2457
2341
2249
2417
2389
2429
2340
2092
2527
2517
2635
2715
2847
2949
2716
3283
3391
3534
3512
3690
3564
3638
3691
3661
3657
3580
3663
3573
3589
3469
3643
3549
3527
3578
3459
3209
2252
2108
2694
2602
2567
2653
2581
2409
2403
1845
2441
2399
2347
2524
2407
2425
2391
2455
2453
2381
1935
2705
2711
3015
3039
3283
3420
3577
3431
3605
3510
3615
3562
3603
3408
3685
3672
3659
3505
3546
3600
3523
3537
2647
3493
2639
2783
2860
2645
2583
2587
2553
2321
2538
2445
2333
2356
2382
2348
2388
2291
1759
2413
2389
2359
2451
2641
2604
2693
2595
3179
3340
3489
3555
3531
2967
3637
2877
3695
3601
3292
3600
3660
3655
3649
3575
3209
3551
3493
2985
3082
3026
2859
2799
2799
2799
2799
2799
2799
2799
2799
2381
2343
2357
2348
2309
2437
2393
2335
2439
2449
2437
2495
2087
2685
2495
3104
3447
3389
3553
3457
3650
2935
3611
3667
3571
3625
3524
3579
3621
3623
3593
3537
3539
3494
2580
2580
2580
2580
2580
2580
2580
2580
2580
2580
65024
65024
65024
65024
65024
65024
65024
65024
65024
65024
65024
65024
65024
65024
65024
65024
65024
65024
65024
65024
65024
3227
3109
3109
3109
3109
3109
3109
3109
3109
3109
3109
3109
3109
3109
3109
3109
3109
3109
3109
3109
3109
3109
3109
3109
3109
3109
3109
3109
3109
3109
3109
3109
3109
3109
3109
3109
3109
3109
3109
65024
65024
65024
65024
65024
65024
65024
65024
65024
65024
65024
65024
65024
65024
65024
65024
65024
65024
65024
65024
65024
65024
65024
65024
65024
65024
65024
65024
65024
65024
65024
65024
65024
65024
65024
65024
65024
65024
65024
65024
65024
65024
65024
65024
65024
65024
65024
65024
65024
65024
65024
65024
65024
65024
65024
65024
65024
65024
65024
65024
65024
65024
65024
65024
65024
65024
65024
65024
65024
65024
65024
65024
65024
65024
65024
65024
65024
65024
65024
65024
65024
65024
65024
65024
65024
65024
65024
65024
65024
65024
65024
65024
65024
65024
65024
65024
65024
65024
65024
65024
65024
65024
65024
65024
65024
65024
65024
65024
65024
65024
65024
65024
65024
65024
65024
65024
65024
65024
65024
65024
65024
65024
65024
65024
65024
65024
65024
65024
65024
65024
65024
65024
65024
65024
65024
65024
65024
65024
65024
65024
65024
65024
65024
65024
65024
65024
65024
65024
65024
65024
65024
65024
65024
65024
65024
65024
65024
65024
65024
65024
65024
65024
65024
65024
65024
65024
65024
65024
65024
65024
65024
65024
65024
65024
65024
65024
65024
65024
65024
65024
65024
65024
65024
65024
65024
65024
65024
2983
2854
2431
2431
2431
2431
2431
2431
2431
2431
2431
2431
2431
2431
2431
2431
2431
2431
2431
2431
2431
2431
2431
2431
2431
2431
2431
2431
2431
2431
2431
3607
3532
3532
3532
3532
3532
3571
3425
3520
2755
3516
3569
3567
3393
2727
3679
2652
3613
2956
3503
3199
3499
2660
3509
3573
3445
2804
3573
3546
3530
3564
3631
3583
3188
3555
3421
3566
3461
3467
3526
3580
3459
3543
3315
3569
2987
3559
3663
3400
2787
3034
2887
3263
3602
3563
3445
3653
3537
3474
2879
3557
3678
3534
3651
3429
3538
3417
3539
3512
2772
3489
3547
3456
3543
3284
3552
3549
3478
3545
3630
3439
3495
3457
3496
3527
3555
3003
3459
3195
3481
3554
3413
3567
3533
3567
3425
3485
2676
3348
3482
3389
3419
2881
3359
3538
3469
3451
3526
2728
3531
3532
3453
3567
2704
3529
3473
3527
3531
3522
3528
2710
3215
2919
3423
3493
3441
3147
2630
3433
3473
2697
3517
3511
3491
3487
3547
3508
3519
3307
3328
3225
3429
3441
3524
3413
3491
3429
3572
3447
3397
3502
3487
3427
3490
3473
3219
3197
3393
2997
3449
3449
3470
3369
3321
3412
3433
3461
3439
3533
3199
3445
2993
3449
3344
3488
3455
2815
3293
2552
3043
3087
3107
3149
2996
3037
3039
2989
3009
2975
3025
