3501
3380
3075
3447
3459
3193
3487
3317
3486
3329
3392
3435
3391
3505
3389
3429
3397
3340
3393
3383
3567
3191
3536
3388
3404
3495
3350
3509
3397
3652
3495
3429
3444
3495
3495
3545
3483
3179
3493
3474
3618
3607
3399
3409
2783
2597
2541
2431
2597
2227
2468
2399
2369
2341
1740
2293
2301
2429
2471
2431
1837
2425
2445
2869
3607
3479
3578
3541
3513
3494
3520
3615
3657
3525
3612
3529
3069
2853
2679
2689
2711
2371
2593
2461
1936
2341
2415
2207
2321
2297
2285
2327
2415
2372
2304
2467
2023
3679
3573
3611
3536
3441
3655
3625
3581
3621
3505
3167
3541
2759
2884
2255
2585
2815
2893
2597
2413
2391
2207
2349
2293
2313
2228
2697
2576
2457
1780
2236
2331
2295
2069
2283
2377
2388
2377
2396
2229
2701
3409
3309
3671
3652
3606
3559
3641
3522
3571
3541
3513
3543
3089
3143
2811
2860
2815
2986
2483
1925
2397
2363
2277
2301
2229
2240
2321
2341
2384
1895
2685
2679
2908
3611
3574
3691
3355
3655
3669
3531
3597
3290
3591
3595
3551
3579
3237
2919
2789
2900
2865
2756
2620
2481
2331
2240
2371
2259
2311
2233
2268
1927
2362
2495
2738
2871
3375
3453
3629
3601
3533
3658
3675
3617
3620
3255
3575
3619
3381
2866
3046
2893
2311
2960
2821
2683
2513
2389
2285
1767
2241
2261
2299
2343
2439
2391
2469
2401
2831
3368
3390
3593
3569
3526
3591
3521
3507
3631
3545
3518
3071
3603
3423
3314
2964
2885
2541
2877
2735
2603
2453
2359
2315
2352
2271
2324
2288
2345
2575
2519
2545
2703
3429
3501
3465
3493
3575
3517
3557
3559
3526
3579
3542
3465
3563
3405
3312
3089
2937
2861
2975
2809
2593
2527
2436
2409
2235
2307
2355
2303
2376
2439
2435
2381
2612
3256
3446
3538
3677
3513
3553
3597
2888
3532
3604
3571
3549
3541
2823
3463
3235
2927
2889
2999
2861
2774
2574
2413
2412
2404
2398
2395
2294
2309
2421
2509
2164
2181
2947
3373
3473
3575
3557
3460
3627
3570
3473
3504
2748
3461
3413
2695
3365
3369
3120
2905
2981
2263
2728
2735
2493
2421
2379
2345
2447
2377
2407
2433
2461
2211
2545
2581
3451
3423
3511
3603
3441
3607
2775
3445
3523
3382
3407
3529
3389
3461
3379
3164
2984
2933
2921
2760
2653
2493
2371
2445
2321
2281
1860
2349
2460
2407
2453
1975
2743
3061
3345
2727
3617
3499
3441
3551
3527
3445
3435
3509
3473
3391
3355
2875
3429
3285
2991
2985
2701
2785
2549
2421
2449
2335
2480
2423
2365
2431
1911
2387
2567
2605
2629
3135
3383
2756
3608
3578
3503
3455
3418
3435
3486
3378
2967
3489
3465
3387
3301
3035
2941
2829
2871
2609
2541
2255
2337
2461
2308
2449
2427
2405
2391
2535
2541
2869
3135
3429
3468
3543
3476
3391
3533
3511
3525
3470
3383
3349
3560
3397
3381
3428
3430
2949
2943
2952
2884
2693
2535
2445
2429
2375
1839
2335
2404
2485
2425
2501
2713
2851
3241
3400
3227
3557
3409
3509
3423
3473
3430
3087
3503
2735
3443
3389
3501
3280
3263
3429
3301
3069
2268
2843
2967
2893
2797
2709
2504
2385
2471
2410
2405
2421
2368
2373
2365
2363
1884
2407
2387
2501
2547
2579
3141
2635
3263
3369
3515
3569
3393
2663
3532
3431
3455
3325
3445
3459
2705
3359
3135
2766
3295
3387
2807
3369
3302
2907
2920
2903
2941
2905
2783
2681
2541
2463
2505
2402
2449
2353
2341
2239
2389
2452
2437
2471
2497
2541
2581
2745
2247
3259
3285
2795
3419
3477
3493
3394
3399
2733
3386
3467
3434
3489
3484
3387
3461
2963
3437
3567
3351
3377
3259
3239
2311
2903
2957
2865
2205
2682
2615
2436
2533
2471
2403
2465
2372
2382
2404
2443
2135
2389
2259
2521
2637
2753
3153
2437
3292
3482
2652
3501
3564
3415
3449
3344
2857
3391
3471
3389
3460
3453
3221
3344
3389
3445
3317
3131
3328
3225
2391
2903
2925
2911
2836
2749
2588
2542
2463
2512
2499
2169
2403
2543
2479
2511
2479
2443
2465
2493
2546
2402
3057
3125
3263
3239
3385
3477
2963
3402
3443
3421
3501
3437
3335
3390
3503
3428
3455
3443
3445
3361
2811
3329
3315
3214
3004
2931
2467
2502
2553
2793
2641
2475
2501
1975
2055
2453
2493
2323
2377
2356
2493
2013
2551
2591
2647
2176
2857
3188
3103
3333
3445
3405
2871
3411
3483
3449
3567
3445
3389
3519
3453
3487
3535
3325
3439
2767
3322
3301
3280
3202
3151
2438
2917
3064
2917
2845
2737
2549
2483
2489
2439
2453
2499
2475
1949
2483
2455
2445
2335
2255
2535
2693
2869
2981
3173
3278
3359
3442
3500
3369
3397
3391
3400
3359
3446
3477
3435
3485
3319
3260
3437
3411
3357
3344
3199
3285
3220
2981
2907
2549
2903
2847
2741
2599
2436
2533
2360
2478
2387
2456
2471
2304
2475
2463
2501
2332
2581
2613
2741
2391
3226
3323
2871
3477
2807
3457
3441
3497
3477
3428
3488
3349
3307
2980
3319
3279
2620
3375
3357
3349
3273
3295
3191
3001
2709
3007
2879
2897
2119
2415
2559
2551
2533
2521
2509
2431
2589
2477
2607
2493
2499
2564
2453
2103
2691
2909
3252
3323
3277
3258
3423
3475
3452
3479
3378
3425
3409
3011
3259
2567
3310
3447
2647
3373
3277
3349
3328
3191
3217
2439
2901
2815
2837
2871
2567
2583
2585
2573
2500
2471
2461
2517
2469
2431
2533
2517
2460
2485
2597
2666
2759
2865
3164
3262
3199
3148
3407
2932
3255
3413
3465
3231
3332
3417
3390
3350
3369
3399
3287
3287
3367
3152
3241
3220
3369
2661
2999
2483
2919
2837
2837
2672
2566
2535
2537
2588
2541
2537
2545
2509
2537
2481
2469
2491
2557
2605
2588
2853
3087
3141
3245
3329
3457
3447
3351
3478
3435
3465
3383
3305
3431
3341
3417
2615
3393
3415
2981
3355
3313
3261
3215
3205
3021
2964
2903
2787
2867
2087
2613
2491
2513
2633
2388
2471
2548
2500
2453
2397
2367
2519
2597
2513
2793
2924
2979
2471
3267
3196
2613
3429
3491
3499
3507
3473
3369
3480
3435
3410
3421
3333
3349
3401
3365
3357
3382
2695
3313
3169
3151
2530
2879
2919
2901
2797
2703
2460
2613
2596
2576
2517
2495
2469
2549
2393
2553
2588
1911
2597
2801
2815
3021
3103
3215
3271
3253
3518
3442
3388
2701
3370
3092
3451
2759
3389
3417
3301
3385
3389
3300
3364
3243
3365
2725
3247
3226
2977
2959
2957
2811
2775
2689
2669
2547
2535
2597
2537
2541
2524
2539
2525
2481
2509
2607
2593
2637
2800
2615
3099
3097
3181
3313
3427
3321
3493
3176
3359
3367
3450
3441
2757
3395
3038
3345
3204
3369
3411
3397
3251
3241
3255
3213
3040
2797
2881
2871
2783
2716
2119
2403
2617
2533
2539
2563
2548
2513
2501
2500
2549
2545
2572
2628
2797
2933
2996
3039
3112
3420
3599
3499
3419
3487
3375
3337
3503
3381
3361
2995
3369
2768
3397
3393
2999
3355
3245
3167
2632
2452
3169
2963
2937
2871
2923
2224
2659
2581
2125
2555
2463
2549
2571
2508
2516
2527
2537
2445
2549
2549
2676
2951
3004
3089
3097
3277
3458
3501
3170
3469
3341
3393
3355
3465
3345
3373
3381
3373
2727
3327
3488
3277
3303
3341
3337
3189
3116
2924
2911
2838
2852
2199
2599
2647
2629
2661
2319
2579
2583
2507
2527
2495
2549
2567
2501
2420
2641
2463
2953
3053
3091
3217
3285
3492
3418
2677
3345
3372
3449
3463
3413
3448
3351
3421
3353
3317
3305
2693
3300
3293
3265
3254
2961
3066
2953
2892
2896
2769
2581
2591
2728
2569
2624
2631
2545
2509
2518
2509
2503
2573
2551
2521
2642
2801
2919
3043
3093
3165
3356
3525
3397
3258
3421
3445
3495
3420
3417
2647
3447
3355
2598
3395
2591
3317
2843
3261
2605
3366
3177
3095
2907
2820
2724
2881
2721
2589
2683
2587
2600
2672
2540
2521
2491
2421
2572
2546
2461
2557
2576
2339
2381
2946
3047
3092
3275
3411
3368
3479
3383
2621
3369
3371
3447
3471
3419
3351
3413
3409
3389
2660
3367
3340
3400
3210
3245
3237
2612
2793
2317
2865
2709
2483
2625
2636
2663
2554
2533
2511
2179
2637
2579
2487
2463
2355
2645
2708
2785
2891
3019
3056
3261
3423
3508
3405
3429
3431
3379
3397
2621
3241
3135
3365
3305
3405
3341
3375
2756
3237
3149
3282
3239
3207
3013
2929
2637
2327
2797
2743
2703
2539
2685
2271
2668
2567
2396
2567
2589
2589
2575
2577
2566
2804
2713
2556
2489
3111
3209
3227
3492
3494
3395
3477
3487
3419
3373
3385
3327
3319
3310
3339
3399
3397
3241
3397
3237
3285
3068
3125
3035
2941
2895
2925
2775
2757
2741
2659
2748
2689
2679
2613
2583
2055
2590
2584
2475
2597
2535
2609
2685
2933
2279
3013
2995
3240
3409
3479
3208
3377
3419
3226
3341
3440
3403
3221
3319
3317
3306
3381
3369
2893
3169
3213
3167
3285
3215
2940
2833
2869
2799
2751
2055
2751
2696
2709
2613
2645
2640
2577
2562
2544
2645
2615
2415
2659
2661
2781
2901
2368
3167
3353
3325
3463
3484
3389
2899
3383
2927
3367
3407
3375
3347
3413
3525
2599
2743
3359
3339
3345
3323
3299
2957
2871
2845
2287
2843
2575
2731
2763
2741
2721
2379
2619
2071
2581
2589
2213
1959
2612
2703
2576
2699
2771
2928
3030
3212
3253
3388
2847
3418
3399
3380
3421
3381
3522
2735
3423
3393
3321
2704
3236
3257
3382
3358
2978
3273
3237
3255
3083
2865
2907
2815
2821
2711
2738
2745
2668
2681
2693
2612
2627
2625
2581
2641
2492
2569
2642
2700
2741
2205
2938
3117
3223
3293
3515
3317
2669
3387
3313
3444
3371
2711
3228
3397
3309
3391
3378
3399
3386
3383
3315
3335
2469
3253
3131
2868
2907
2571
2871
2830
2621
2751
2880
2743
2710
2515
2653
2673
2665
2647
2661
2687
1991
2625
2756
2823
2303
3087
3317
3223
3347
3453
3299
3337
3453
3452
3451
3321
3293
2805
3325
3351
3429
3231
3396
3333
3373
3295
3210
3163
3223
2981
2279
2989
2839
2788
2832
2759
2783
2788
2252
2681
2799
2553
2644
2669
2676
2581
2681
2527
2711
2689
2777
3025
3111
3346
3312
3439
3413
3458
3489
3327
3413
3371
3432
3364
3451
3445
3409
3341
3325
2639
3213
3293
3231
3252
3124
3125
2889
2927
2823
2757
2825
2789
2789
2813
2759
2607
2679
2689
2641
2677
2647
2495
2127
2693
2756
2256
2896
3007
2630
3351
2991
2732
2915
3435
3427
2899
3344
2629
3438
3355
3395
3386
3431
3333
3399
3343
2943
3327
3325
3202
3333
2941
2948
2871
2884
2719
2780
2913
2885
2907
2787
2247
2661
2587
2659
2660
2667
2731
2703
2731
2769
2839
2869
2303
3095
3187
3356
3451
3422
3364
3365
3335
3465
3327
3311
3403
2898
3419
3298
3383
3353
3440
3284
3325
2877
3197
2717
3111
3015
2745
2883
2862
2829
2917
2256
2853
2697
2812
2725
2727
2683
2613
2685
2152
2649
2723
2699
2711
2909
2983
3131
2687
3268
3399
3460
3303
3377
3498
3403
3465
2631
3325
3361
3377
2575
3431
3341
3263
2519
3269
2635
3317
3199
3148
3015
2929
2316
2863
2883
2837
2915
2901
2870
2862
2813
2756
2761
2717
2527
2757
2689
2693
2683
2651
2853
2957
3029
3256
3213
3045
3457
3313
3183
3357
3335
3430
3361
3385
3335
3412
3341
3327
3363
2671
3410
3063
3276
3341
3239
2503
3069
2925
2753
2909
2399
2488
2341
2869
2853
2804
2791
2757
2749
2685
2670
2727
2623
2709
2705
2797
2749
2905
2375
3109
3207
3338
3404
3443
3349
3458
2735
2882
3371
3337
2932
3384
3353
3411
3303
3341
3415
3401
3373
3222
3233
3277
2503
2921
2839
2760
2787
2828
2933
3357
2791
3337
3446
3339
3469
3415
2676
3396
3389
3335
3324
3207
3281
3243
3153
2703
2807
2803
2783
2859
2911
2840
2783
2765
2832
2761
2704
2788
2737
2660
2303
2677
2465
2068
2775
2851
2543
3099
3308
3245
3361
3415
2703
3380
3451
2775
3409
3429
2695
3340
3423
3319
3423
2580
3439
3383
3371
3309
3253
3297
3017
2957
2813
2479
2917
2805
2887
2769
2881
2807
2839
2591
2527
2757
2675
2647
2668
2635
2730
2655
2787
2829
2981
3111
3155
3335
2927
3375
3379
3580
3413
3497
3327
3460
3443
3332
3372
3399
3399
3386
3414
2899
2556
3091
3223
3298
3227
2971
2812
2836
2905
2164
2965
2900
2857
2797
2775
2757
2661
2712
2727
2719
2677
2675
2740
2704
2749
2805
2915
2620
3176
2739
3283
3346
3351
3485
3349
3377
3355
3349
3343
3442
3335
3415
3273
3331
3332
3393
3220
3281
3087
3327
3291
3193
2906
2897
2857
2853
2853
2930
2841
2869
2884
2825
2828
2653
2711
2693
2745
2199
2691
2609
2677
2819
2910
2327
3093
3223
3263
3305
3413
3479
3455
3307
3431
3445
3323
3345
3460
3430
2608
3344
3421
3380
3389
3263
3259
3303
3375
3185
2893
2927
2851
2889
2826
2451
2893
2895
2823
2577
2797
2565
2725
2645
2649
2768
2548
2671
2749
2806
2889
2471
3068
3215
3233
3317
3359
3135
3445
3431
3464
3435
3452
3411
3365
3415
3413
3303
3293
3267
3341
3299
3247
3324
3205
3239
2879
2815
2853
2248
2829
2783
2839
2696
2827
2754
2801
2719
2709
2671
2669
2621
2645
2724
2651
2769
2849
2877
3045
3139
3375
3377
3427
3409
2979
2880
3377
3419
3419
2717
3447
3386
3381
3301
3410
3281
3349
3273
3367
3135
2654
3301
3189
2719
2739
2838
2769
2795
2915
2916
2893
2865
2684
2708
2739
2095
2649
2781
2721
2495
2673
2324
2822
2868
2997
2676
3205
3351
3399
3450
2661
3458
3437
3156
3373
3357
3285
3436
3157
3297
3371
3373
3331
3353
3351
3255
3320
3201
2815
2699
2771
2773
2262
2781
2911
2777
2889
2815
2821
2739
2165
2588
2693
2655
2711
2157
2635
2629
2740
2801
2847
3213
3211
3167
3327
3437
3431
3345
2679
3402
3249
3373
3316
3061
3429
3377
2837
3388
3386
3371
3289
3351
3251
3243
3231
2977
2895
2805
2236
2964
2215
2549
2825
2779
2791
2795
2791
2687
2750
2707
2485
2666
2669
2631
2693
2868
2964
3015
3163
3369
3380
3348
3465
3477
3549
3393
3363
3315
3349
3425
3387
3451
3287
3364
3365
3420
3264
3335
3230
3321
3247
3191
2935
2743
2828
2779
2878
2788
2871
2855
2868
2741
2061
2691
2684
2643
2625
2577
2647
2693
2284
2772
2859
2948
3152
3135
3301
3445
3399
3357
3405
3381
2780
3237
3383
3091
3397
3477
3337
2613
2583
3383
3411
3307
3197
3245
3007
3225
2698
2709
2725
2801
2815
2830
2861
2765
2709
2725
2768
2717
2743
2739
3359
3285
3216
3389
2500
2755
3241
2815
2853
2703
2741
2793
2801
2877
2775
2578
2779
2733
2759
2640
2645
2655
2647
2701
2151
2693
2435
2815
2832
3287
3253
2519
2779
2707
2863
2857
2821
2891
2829
2804
2833
2747
2764
2699
2741
2757
2646
2649
2663
2445
2715
2775
2869
2943
3179
3231
3338
3407
3423
3477
3469
3454
3373
3420
3211
3357
2748
3389
3027
3405
3375
3407
2939
3251
3289
3327
3269
3324
2924
2573
2716
2849
2096
2572
2865
2791
2704
2805
2796
2764
2736
2820
2749
2665
2709
2677
2731
2807
2883
2975
3065
3228
3322
3300
3491
3413
3468
3315
3087
3447
3415
3359
3340
3341
3197
3290
3328
3412
3265
3252
3261
3220
2748
3135
2980
2711
2545
2841
2180
2343
2833
2801
2725
2836
2660
2687
2075
2732
2719
2751
2709
2705
2095
2773
2837
2917
3156
3263
2543
3333
3429
3389
3444
3349
3448
3404
3485
3455
3253
3437
3379
3423
3288
3355
3349
3359
3285
3423
3287
3133
2993
2773
2832
2833
2188
2829
2801
2839
2768
2322
2743
2756
2387
2733
2831
2101
2722
2199
2641
2771
2594
2855
3045
3193
3253
3349
3413
3441
3387
3469
3415
3325
2765
3377
2815
2761
2741
2655
2726
2673
2693
2549
2323
2739
2823
2929
2867
3036
3332
3371
3436
3180
3109
3475
3518
3346
3375
3109
3335
3415
3419
3367
3423
3401
3167
3365
2521
3217
3197
3197
3127
2664
2793
2807
2851
2754
2721
2247
2779
2785
2741
2691
2849
2662
2196
2159
2354
2741
2287
2480
2804
2785
3021
3172
3253
3252
3419
3343
3599
3413
3433
3348
2836
3263
3460
3391
2735
3383
2516
3313
3287
3367
3364
3365
3191
2911
2599
2869
2719
2794
2811
2323
2737
2837
2830
2616
2885
2777
2795
2699
2773
2761
2719
2218
2633
2709
2783
2815
2999
3098
2439
3293
3277
3419
3425
3347
3512
3495
3441
3504
2639
3378
3252
3216
3351
3376
3421
3285
3344
3265
3259
3197
3208
2950
2773
2797
2855
2791
2779
2745
2864
2772
2796
2709
2697
2783
2701
2737
2727
2663
2642
2727
2773
2311
2889
2627
2990
3323
3279
3362
3481
3325
3407
3359
3424
3312
3332
3359
3303
3145
3341
3127
3251
3341
3397
3007
3305
3245
3261
2997
2717
2710
2775
2826
2738
2877
2833
2849
2875
2807
2453
2558
2698
2745
2765
2623
2727
2215
2721
2806
2893
2979
3127
3322
3281
3425
3466
3379
3003
3177
3300
3313
2567
3231
2917
3295
3441
3399
3271
3389
3349
3309
3313
3230
3178
2439
2887
2769
2855
2725
2718
2900
2883
2775
2861
2780
2740
2547
2781
2757
2708
2743
2733
2757
2737
2838
2839
2979
3065
3245
3355
3030
3459
2612
3486
3443
3371
3564
3327
3281
3163
3431
3231
3351
3321
3439
3319
3350
3311
3147
3238
3223
2766
2623
2797
2712
2853
2255
2836
2922
2877
2858
2419
2740
2717
2788
2731
2733
2807
2677
2773
2932
2431
3015
3109
3291
3301
3144
3433
3333
3147
3454
3471
3404
3357
3349
3293
3306
3392
3439
3288
3119
3303
3357
3366
3355
2996
3407
2775
2739
2693
2788
2623
2782
2765
2833
2887
2476
2833
2825
2615
2257
2783
2701
2718
2749
2761
2801
2675
2967
3013
3199
3333
3376
3463
3497
3453
3401
3400
3414
3457
3236
3437
3426
3356
3452
3404
3007
2732
3377
3335
3380
3253
3293
2937
2748
2031
2723
2762
2859
2719
2779
2785
2834
2845
2749
2721
2789
2701
2761
2761
2707
2677
2793
2787
2852
3019
2415
3237
3337
3460
3481
3381
3431
3433
3399
3312
3263
3423
3393
3231
3249
3347
3409
3309
3331
3371
2871
3315
3313
3071
2805
2023
2659
2532
2736
2813
2797
2481
2751
2869
2681
2709
2763
2683
2729
2829
2673
2631
2721
2775
2847
3012
3089
3217
3272
3313
2831
3412
3423
3363
3469
3473
3220
2922
3469
2669
3419
3463
2652
3290
2810
3245
3369
2527
2799
3031
2813
2673
2692
2165
2415
2789
2761
2804
2869
2821
2684
2743
2781
2103
2737
2653
2208
2037
2701
2749
2829
2941
3084
3234
3354
3295
3187
3448
3525
3491
3437
2679
3479
3445
2807
3420
3441
2588
3415
3446
3445
3133
3365
3169
3318
3101
2843
2715
2693
2753
2829
2677
2159
2815
2923
2821
2828
2839
2479
2769
2725
2731
2725
2747
2727
2747
2807
2925
3144
3223
3294
3283
3453
3477
3288
3489
3482
3401
3412
2616
3175
3371
3356
3379
3389
3047
3357
3317
3347
3227
2901
2877
2966
2076
2703
2628
2711
2811
2739
2823
2759
2835
2741
2591
2724
2725
2739
2679
2679
2679
2701
2803
2883
2934
3036
2500
3315
3409
3500
3505
3386
3572
3564
3477
3515
3423
3435
3169
3357
3188
3290
3391
3427
3373
2947
3327
2545
3280
3020
2771
2681
2691
2751
2677
2731
2815
2865
2925
2884
2891
2845
2612
2739
2751
2716
2627
2823
2783
2805
2845
3025
3103
3356
3356
2639
2717
2919
3337
3513
3575
3401
3363
3081
3433
3456
3383
3378
3389
3392
3032
3425
3176
3366
3332
2989
2749
2689
2663
2805
2682
2822
2849
2881
2877
2900
2887
2813
2837
2705
2725
2633
2821
2739
2781
2805
2858
2948
3095
3289
3345
3497
3413
2692
3482
3091
3549
3459
3396
3385
2963
3512
3479
3594
2655
3441
3467
3351
3428
3372
3344
3090
2911
2287
2625
2741
2531
2753
2607
2887
2799
2775
2755
2799
2797
2692
2696
2640
2652
2753
2739
2911
2845
3015
3149
3367
3361
3518
3445
3465
3463
3436
3388
3397
3391
3516
3387
3525
3421
3495
3517
3503
3409
3410
3385
3401
3423
3099
2884
2671
2653
2716
2804
2675
2797
2868
2847
2391
2277
2739
2745
2785
2511
2303
2815
2773
2725
2853
2913
2941
3004
3301
3284
3359
3410
3580
3581
3583
3476
3483
3469
3453
3531
3527
3559
3443
3413
3257
3493
3435
3447
2727
3328
3189
2855
2725
2716
2642
2231
2647
2813
2741
2688
2733
2733
2638
2685
2644
2673
2751
2711
2711
2669
2753
2934
2981
3085
3147
2647
3012
3164
3561
3542
3493
3484
3552
3551
3441
3393
3560
3473
2943
3445
3495
3545
3501
3447
3409
3183
3206
2511
2647
2643
2597
2668
2615
2577
2583
2671
2625
2563
2604
2593
2045
2564
2525
2006
2647
2652
2640
2741
2829
3180
3268
3403
3421
3545
3533
3429
3521
3663
3459
3540
3470
3479
3559
3631
3099
3479
3543
3457
3415
3509
3460
3349
2548
2764
2701
1895
2644
2591
2359
2473
2483
2576
2519
2512
2519
2493
2525
2476
2452
2479
1871
2525
2223
1903
2604
2546
2575
2699
2735
2659
2975
3189
3365
3160
3505
3542
3541
3614
3277
3232
3561
3475
2972
3483
3551
3449
3634
3493
3534
3575
3613
2873
3055
3591
3475
3509
3543
3445
2799
3263
3379
3388
3197
3209
2611
2685
2116
2551
2503
2583
2663
2533
2437
2488
2401
2437
1959
1943
2381
2432
2381
2373
2407
2365
2417
2341
2337
2463
2239
2417
2412
2523
2508
2628
2363
2415
2721
2837
2961
3269
3276
3012
3498
3503
3575
3454
3583
3611
3545
3541
3523
3764
3517
3591
3667
2748
3644
2805
3029
3625
3517
3625
3538
3607
3555
3569
3522
3581
3389
3437
2959
2901
2744
2372
2540
2557
1863
2687
2589
2287
2475
2413
2348
2417
1791
2317
2479
2349
2289
2353
2111
2373
2365
2289
2448
2357
2524
2389
2413
2441
2493
2553
2577
2637
2697
2583
2445
3337
3444
3475
3383
2986
3509
3568
3543
3497
3417
3476
2956
3563
3643
3583
3532
3529
3391
3489
3595
3059
3615
3547
3445
3653
3583
2981
3587
3453
3423
3127
2933
2715
2655
2597
2513
2501
2645
2573
2521
2435
2373
2397
2313
2315
2168
2261
2258
2229
2288
2207
2295
2313
2237
2233
2053
1884
2420
2367
2449
2481
2589
1999
2613
2721
2851
3055
3374
3373
3451
3513
3477
3605
3463
3600
3489
3545
3637
3675
3549
2864
3535
3551
3307
3547
2845
3633
3527
3599
3530
3607
3501
3433
3497
2963
3455
3465
3233
2781
2601
2637
2515
2372
2404
2639
2277
2481
2389
2409
2368
2271
2137
2231
2212
1917
2257
1679
2268
2143
2269
2303
2289
2342
2275
2389
2341
2459
2461
2405
2501
2581
2601
2889
2833
2487
3305
3494
3494
3300
3461
3633
3343
3529
3261
3346
3689
3717
3645
2911
3565
3603
3727
3391
3664
3648
3661
3550
3539
3627
3632
3641
3220
3679
3519
3402
2793
2655
2579
2495
2529
2512
2671
2577
2504
2255
1848
2299
2295
2288
2317
2284
2270
1919
2185
2257
2197
2207
2201
2258
2239
2349
2257
2377
2401
2475
2357
2541
2223
2299
2703
2616
