3301
3195
3240
3267
3253
3301
3276
3290
3081
3244
2923
3289
3251
3217
3225
3200
3195
2665
3243
3285
3207
3271
2455
3227
3231
2863
3234
3285
2703
3237
3285
3348
3359
3287
3381
3287
2951
2716
2423
2273
1775
2200
2133
2471
2401
2292
2485
2889
3287
3444
2873
3425
3435
3428
3413
3005
2665
2373
2209
2145
2107
2141
2035
2345
2316
2591
2647
3338
3381
3349
3335
3371
3493
3255
2947
2588
2359
2244
2173
1645
2128
2369
2421
1911
2652
3386
3299
2582
3403
3338
3444
3377
3169
2865
2517
2301
1999
2149
2155
2165
2417
2311
2373
2865
3232
3366
3464
2733
3107
3427
3349
3009
2775
2445
2343
2151
2101
2055
2047
2369
2337
2612
2943
3218
3281
2796
2839
2581
2613
3441
3117
2687
2420
2271
1903
2185
2175
2235
2363
2289
2063
2851
3292
3357
3307
3245
3357
3301
3327
3009
2704
2368
2317
2151
2093
2165
2239
1860
2369
2769
3315
3233
3217
3357
3348
3426
3363
3253
2897
2637
1933
2273
2074
2165
2199
2431
2329
2389
2759
3255
3243
3335
3325
3281
3397
2589
3207
2864
2581
2373
2197
2179
2199
2217
2453
2127
2437
2823
3155
3301
3305
3333
3353
3379
3397
2803
2849
2563
2312
2211
2192
2181
2165
2423
2269
2480
2924
3203
3307
3327
3301
3325
3366
3437
3149
2843
2549
2327
2111
2189
1909
2245
2389
2271
2663
3170
3248
3325
3313
3349
3363
3319
3351
3101
2822
2487
1823
2141
2137
2167
2242
2317
2344
2581
2863
3205
3388
3019
3327
3342
3387
3283
2707
2789
2332
2277
2263
2201
2197
2177
1836
2361
2684
3154
3223
2904
3238
3249
2848
3372
3250
2965
2671
2395
2321
2120
2239
2263
2348
2444
1929
2753
3109
3205
3402
3169
2596
3338
3377
3231
3043
2543
2413
2290
2063
2207
2201
1924
2189
2369
2759
2919
3273
3259
3244
3285
3329
3335
2737
3157
2868
2275
2517
2397
2243
2225
2251
2243
2173
2249
1895
2369
2500
2693
3037
3137
3211
3047
3167
3293
2612
2829
3271
3273
3061
2852
2464
2405
2342
2239
2277
2293
2043
2246
2543
2333
2460
2660
3124
3181
3105
3169
3199
2723
3229
3245
3351
3357
3037
2882
2677
2484
2184
2285
1701
2321
2297
2311
2448
1767
1751
1959
2994
3039
3189
3251
3193
3253
3204
3259
3269
3261
3261
2294
2745
2055
2403
2333
2031
2285
1799
2281
2311
2369
2329
2506
2729
3103
3123
3236
3161
3243
3175
3294
2773
3241
3269
3101
2903
2615
2469
2371
2325
2292
2364
2365
2261
2504
2369
2343
2547
3143
3137
3095
3270
3145
3237
3039
2407
2583
3286
3258
3092
2725
2527
2131
2317
2336
2184
2273
2303
2293
2369
2415
2480
2013
3089
3093
3171
2823
3172
3153
3242
3279
3205
3301
3138
2965
2786
2501
2385
2359
2327
2167
2381
2317
2340
2439
2125
2629
2817
3008
3119
3157
3167
3159
3229
3133
3165
3297
3311
3029
2797
2597
2480
2421
2293
2412
2363
2239
2420
2307
2367
2477
2628
3124
3067
3007
3157
3125
2575
3173
3203
3186
3314
3245
2901
2717
1901
2396
2387
2133
2320
2383
2391
2169
2349
2311
2591
2791
3071
2945
3057
3158
3147
3191
3183
2703
3253
3239
3177
2813
2663
2535
2454
1987
2341
2413
1751
1764
2111
2329
1999
2647
3093
3045
2977
3051
3153
3191
2643
3101
3078
3103
3103
3029
3106
3085
3093
3031
2565
2567
2941
3069
3047
3028
2979
3067
2973
2549
3056
2983
2300
3011
2941
3007
2988
3038
2962
2879
2477
2703
3017
2997
3017
2957
3031
2815
3013
3013
2223
3005
2225
2949
2991
2947
2697
2567
3015
3019
2196
3005
2889
2961
2943
2941
3052
2945
2943
3005
2167
3039
2995
2927
2879
2151
2191
1888
2299
2369
2481
2545
2407
2384
2301
1891
2279
2524
2063
2705
3299
3508
3333
3219
3276
2371
3149
3141
3160
3031
2783
2419
2397
2493
2431
2672
2460
2297
2129
2288
2303
1980
2931
3102
3310
3283
3337
2803
2530
3255
2384
3064
3167
2319
2034
2399
2453
2527
2573
2431
2411
2325
2321
1939
2103
2481
2975
3230
3268
3347
3293
3237
2469
2687
3095
3216
3152
2925
2289
2381
2515
2427
1863
2264
2397
2321
2343
2253
2428
2775
3091
3249
3287
3302
3310
2663
3267
3243
3147
3234
2693
2991
2481
2315
2471
2460
1831
1932
2423
1780
2415
2279
2345
2657
2957
2815
3285
3259
3277
3327
3231
3227
3219
3261
3331
3015
2411
1847
2467
2375
1815
2452
2356
2358
2301
1857
2443
2655
3079
3284
3373
3359
3333
3267
3239
3245
3073
3221
3239
3018
2267
2361
2295
2413
65024
65024
65024
65024
65024
65024
65024
65024
65024
65024
65024
65024
65024
65024
65024
65024
65024
65024
65024
65024
65024
2313
2014
2258
1765
2320
2423
2807
3173
3263
3295
3087
2687
2775
3308
3309
3325
3186
2863
2717
2316
2437
2411
2335
2353
2309
1679
2221
2237
2263
2557
3047
3103
3301
3439
3351
3353
3371
3243
2508
3343
3257
3128
2685
2269
2308
2348
2293
2301
2244
2245
2108
2260
2277
2597
2824
3199
3429
3377
3367
3404
3285
3300
3253
3243
3245
2309
1927
2164
2221
2203
2225
2143
2212
2356
2921
2519
3333
3325
3433
3341
3359
3261
3244
2588
2353
1752
2357
2237
2165
1917
2085
2180
2295
2941
3215
3361
3401
3348
3349
3310
3267
3199
3157
2289
2327
2293
2242
2143
2260
2100
2212
2095
2837
3293
2952
3401
3351
3167
3267
2893
2487
2733
2377
2447
2245
2181
2161
1892
2174
2229
2071
2832
3248
3341
3365
2749
3415
2541
3291
3216
2801
2327
2315
2289
2197
2167
2158
2157
2225
2305
2973
2635
2991
3327
3355
3317
3343
3336
3262
2717
2301
2385
1999
2195
2164
2049
1664
2189
2255
2987
3405
3349
3411
3357
3349
3337
3143
3248
2645
2284
2373
2187
2092
1719
1790
1948
2265
2361
3081
3405
3402
3413
3357
3419
3319
3357
3241
2555
2422
1956
2199
2268
2065
1637
2085
2208
2333
2875
3261
3487
3451
3437
3393
3305
3363
3312
2831
2375
2335
2256
2151
2157
2113
1733
1852
2325
2833
3285
3447
3051
3357
3357
3405
3439
3241
2696
2271
2325
2275
2071
2045
2033
2134
2129
2297
2757
3179
3496
3365
3405
3195
3377
3405
3311
2915
2340
2372
2209
1712
2069
2023
1660
2217
2319
2897
2727
3499
3436
3447
2861
3365
3377
3308
3108
2385
2209
2259
2164
2045
1566
1871
1959
2258
2364
3153
3432
3473
3431
3030
3413
2695
3355
2991
2437
2295
2108
2145
2063
2011
2047
2129
2197
2609
3139
2916
3396
3364
3449
3455
3115
3298
2935
2333
2285
2356
2163
2084
2041
2092
2137
2221
2655
3188
3443
3470
3386
3495
3429
3430
3336
2687
2239
2231
2249
2057
2002
1956
2067
2113
2299
2897
3225
3551
3395
3431
3453
3357
3389
3375
3447
3364
3481
3353
3402
3363
3393
3412
3415
3401
3403
3409
3319
3439
3256
3425
3331
3377
3349
3413
3363
3407
3364
3379
3327
2923
3331
3395
3421
3267
3385
2709
3399
3351
2696
2805
3385
3305
3281
3312
3348
3028
2719
3357
2724
3339
3313
3321
3349
3413
3369
3002
3389
3341
2900
3167
