3485
3452
3495
3548
3576
3459
3527
3511
3537
2950
2580
2504
3508
2604
3501
3319
3443
3662
3469
3383
2936
3507
2977
3479
3655
3477
2655
3421
3501
3679
3511
3484
3631
3528
3465
3620
3472
3575
3509
3369
3559
3508
2563
3438
3499
3455
3528
3465
3503
3531
3482
3451
3499
2989
3492
3547
3615
3501
3485
3403
3655
3459
3383
3540
3484
3402
3419
3395
3415
3453
3403
3465
3399
3469
3515
3580
3566
2716
3629
3607
3571
3577
3671
3684
3741
3743
3743
2901
3745
3731
3784
3746
3767
3739
3765
3742
3740
3734
3795
3735
3735
2718
3620
3578
2757
3547
3580
3409
3481
3429
3450
3462
3374
3049
3349
3538
3233
3391
3341
3414
3632
3455
3559
2855
3605
3557
3449
3533
3615
3603
3691
3580
3743
3084
3799
3747
3742
3783
3723
3915
3766
3772
3722
3698
3709
3521
3705
3615
3774
3623
3815
3131
3486
3451
3480
3471
3509
3443
3440
3350
3397
3392
3386
3371
3471
3535
3404
3515
3431
3636
3611
3629
3582
3566
3541
3521
3525
3786
3719
3730
2887
3787
3726
3773
2958
3757
3746
3427
3711
3749
3734
3788
3810
3671
3583
3731
3487
3575
3555
3529
3515
3413
3379
3395
3341
3349
3370
3319
3365
2895
3231
3339
3413
3495
3569
3472
3581
3563
3527
3404
3533
3615
3607
3645
3717
3775
3775
3777
3767
3154
3687
3580
3755
3497
3727
3757
3727
3721
3747
3767
3754
3657
3700
3611
3628
3391
3463
3395
3321
3325
3496
3309
3325
3057
3359
3407
3349
3287
3357
3380
3457
3433
3531
3498
3558
3497
3477
3624
3321
3581
3623
3601
2727
3689
3749
3705
2987
3735
3762
3617
3759
3712
3750
3795
3788
3750
3736
3671
3679
3645
3571
3549
3525
3423
3325
3396
3325
2497
3231
3329
3397
2687
2455
3299
3303
3281
3357
3503
3505
2752
2604
3502
2788
3455
3531
3655
3625
3733
3687
3823
3764
3615
3701
3079
3685
3743
3735
2999
3721
3765
3789
3699
3743
3721
3661
3700
3647
2679
3581
3575
3390
3484
3415
3395
3311
3257
3255
3303
2780
3288
3252
3253
3343
2581
3562
3513
2974
3551
3473
3509
3621
2804
3675
3719
3673
3285
3483
3779
3502
3852
3733
3667
3196
3755
3700
3781
3724
3360
3142
3761
3699
3690
3792
3677
2863
3401
3391
3379
2750
3345
3313
3242
3342
3286
3153
3418
3284
3069
3327
3421
3481
3287
3603
3639
3517
3714
3288
3554
3743
2828
3660
3751
3640
3119
3698
3127
3720
3685
3749
3691
3699
3703
3757
3755
3781
3703
3717
3637
3717
2783
3513
3155
3459
3396
3428
2535
3296
3397
3263
3317
3233
3249
3313
2610
3260
3335
3466
3527
3457
3530
3481
3479
3549
3105
3513
3655
3048
3734
3718
3243
3717
3742
3048
3719
3311
3735
3773
3525
3707
3738
3791
3771
3775
3715
3822
3275
3621
3563
3037
3311
3415
3355
3148
3364
3437
2515
3321
2475
3352
3239
3279
3282
3316
3381
3481
3373
3424
3570
3538
3476
3565
3635
3807
3749
3713
3747
3776
3689
3781
3136
3708
3771
3733
3751
3287
3719
3781
2949
3645
3719
3775
3659
3663
3611
3624
2831
2851
3427
3355
3383
3350
3229
3285
3211
3245
3227
3335
2447
3292
3446
3600
3436
3495
3535
3320
3477
2943
3603
3611
3580
3688
3805
3777
3691
2844
3783
3774
3739
3699
3795
3697
3759
3767
3354
3815
3729
3710
3735
3705
3621
3567
3621
3469
3434
3351
3317
3308
3401
3269
3028
3128
3293
3217
3213
2480
3341
3501
2599
3476
3450
3509
3494
3529
3511
3579
3524
3685
3497
3745
2829
3762
3760
3660
3855
3725
3685
3766
3769
3693
3726
3723
2759
3803
3707
3625
3685
3645
3539
3375
3124
3333
3386
3301
3375
2615
3144
3241
3294
3237
3229
3294
2861
3404
2607
2661
3489
2661
3445
3535
2733
3557
3391
3694
3730
3797
3767
3745
3890
3746
3511
3700
3749
3735
3603
3811
3773
2773
3743
3679
3693
3710
3645
3605
3577
3451
3492
3428
3419
3059
3285
3307
3366
3325
3220
3249
2398
3262
3333
3349
3437
3216
3615
3028
3501
3371
3469
3557
3009
3563
3637
3670
3759
3583
3785
3771
3823
3691
3605
3737
3788
3753
3791
3748
3719
3748
3781
3844
3657
3627
3643
3603
3549
3567
3393
3353
3319
3366
3040
3281
3137
3309
3277
3269
3321
3158
2984
3168
3556
2829
3445
3497
3413
3301
3465
3626
3653
3139
3762
3711
3713
3680
3774
3697
3773
3778
3669
3687
3775
3773
3689
3750
3727
3704
3725
3653
3610
3581
3547
3413
3461
3349
2819
3319
3262
2479
3277
3244
3205
3055
3285
3359
3281
2631
3383
3405
3454
3441
3421
2596
3491
3559
3151
3703
3860
3759
3707
3647
3750
3737
3667
3694
3583
2864
3705
3781
3787
3095
3714
3764
3625
3664
3661
3199
3401
3511
3452
3371
3378
2973
3313
3331
3293
3225
2413
3191
2470
3311
3363
3447
3348
3397
3403
3429
2791
3449
3399
3495
3567
3637
3665
3199
3663
3661
3711
3710
3720
3185
3783
3693
3452
3745
3786
3785
3753
3769
3438
3643
3836
3549
3673
2711
3495
3385
3309
3335
3364
3312
2739
3287
3245
3231
3195
3199
3364
3317
3395
3385
3429
3283
3285
3535
3432
3417
3563
3630
3551
3734
3741
3685
3689
3729
3705
3641
3773
3563
3748
3711
3778
3713
3705
3667
3685
3427
3630
3705
3562
3595
3467
3473
3403
3339
3370
3341
2607
3300
3201
3229
3239
3241
3317
3303
3195
2567
3429
3463
3478
3467
3467
3573
3252
3550
3671
3681
3749
3339
3765
3769
3781
3015
3687
3767
3757
3519
3723
3742
3703
3088
3715
3699
3395
3683
3627
3685
3549
3443
2781
2663
3393
2799
3323
3369
3317
2995
3100
2493
3253
3216
3287
3313
3468
3396
3439
3601
3443
3509
3545
2959
3601
3613
3730
3674
3775
3787
3436
3727
3771
2839
3801
3109
3743
3597
3745
3770
3755
3779
3717
3740
3699
3725
3563
3404
2949
3409
3401
3423
3365
3355
3053
3315
3289
3367
3261
3325
3293
3260
3325
3408
3417
3455
3219
3543
3468
3543
2943
3231
3706
3687
3714
3188
3657
3717
3685
3733
3661
3475
3741
3725
2877
3756
3779
3727
3079
3823
3727
3686
3647
3663
3412
3511
3171
2645
3389
2752
3453
3407
3271
3358
3260
3287
3292
3246
3247
3351
3383
3473
3413
3489
3559
3563
3476
3529
3602
3682
3781
3713
3693
3689
3675
3732
3738
3668
3487
3731
3771
3816
3693
3707
3659
3780
3760
2927
3687
3613
3599
3492
3487
3415
3453
3326
3319
2742
3284
3253
3243
3167
3231
3199
3227
2543
3367
3357
3406
3513
3428
3663
3385
3515
3487
3579
3022
2823
3779
3685
3685
3749
3787
3715
3695
3721
3671
3739
3781
3725
3793
3048
3802
3745
3652
3692
3621
3581
3541
3561
2599
3327
3397
3349
2583
3319
3327
3103
3264
3217
3057
3227
3279
3355
3364
3433
3449
2759
3499
3537
3433
3505
3628
3707
3054
3860
3292
2855
3729
3771
3711
3396
3721
2855
3747
3771
3730
3709
2911
3331
3700
3720
3702
3659
3623
2885
2780
3405
3399
2863
3361
3309
2733
3177
3297
3295
3279
3301
3332
3318
3353
3431
3475
3501
3481
3340
3632
3514
3485
3633
3638
2951
3693
3686
3782
3715
3357
3747
3693
3678
3766
3744
3783
3779
3764
3739
3733
3733
3705
3107
3758
3618
3566
3529
3459
3365
3313
3289
3248
2773
3227
3230
2831
2500
2815
3305
3260
3365
3465
2959
3448
3431
3476
3523
3510
3469
3541
3615
3723
3740
3669
3277
3723
3152
3620
3784
3561
3757
3773
3775
3806
3783
3735
3823
3729
3637
3309
3667
3615
3493
3116
3396
3359
3407
3326
3280
3259
3321
3343
3275
3207
3285
3309
3271
3208
3345
3381
2855
3499
3471
3412
3433
3469
3547
3673
3737
3780
3750
3767
3439
3701
3685
3790
3763
3754
3785
3675
3787
2949
3413
3751
3548
3719
2863
3610
3635
3561
3409
3540
3429
3349
3290
3319
3231
2885
3416
3237
3215
3292
3331
3127
3357
3369
2725
3433
3027
3445
2925
3483
3530
3572
3786
3761
3758
3799
3616
3544
3331
3763
3765
3728
3738
3734
2952
3795
3821
3775
3739
2909
3702
3444
3756
3580
3557
3369
3401
3381
3265
2943
3230
3204
3253
3279
3201
3269
3325
3323
3285
3401
3293
3477
3348
3336
3445
3495
3596
3609
3762
3749
3726
3753
3830
3515
3685
3706
3788
3732
3690
3781
3722
3801
3717
3715
3745
3857
3613
3691
3483
3645
3453
3161
3412
3313
2573
3316
2503
3127
3229
3254
3229
3253
3259
2615
3047
3381
3386
3487
3474
3452
3425
3517
3477
3527
3091
3671
3743
3679
3757
3697
3701
3738
3794
2919
3703
3677
3802
3017
3700
3735
3727
3754
3712
3700
3111
3593
3556
3455
3606
3366
3115
3363
3307
3260
3253
3190
3277
2711
2981
3267
3333
3309
2767
3335
3381
3388
2748
2693
3550
3541
3557
3729
3701
3761
3790
3765
3709
3721
3755
3682
3734
3154
3765
3661
3721
3709
3575
3042
3787
3689
3689
3629
3608
3541
3487
3408
3140
3305
2613
3285
3327
3227
3271
3207
3262
3199
3309
3263
3383
3313
3413
3451
3439
3459
3415
3426
2845
3629
3413
3741
3429
3743
3331
3679
3471
3694
3730
3789
3701
2919
3855
3691
3749
3703
3110
3725
3683
3519
3554
2873
3514
3425
3443
2839
3243
3281
3222
3255
3253
2773
3185
3265
2511
3261
3219
3095
3359
3321
3459
3499
3566
3444
3521
3534
3553
3701
3651
3826
3263
3700
3730
2893
3062
3665
3803
3726
3693
3703
3735
3757
3735
2905
3521
2796
3591
3606
3531
3469
3187
3391
2909
3301
3253
3269
3229
3311
3251
3277
3259
3261
2767
3242
3310
3387
3501
3429
3497
3428
3485
3453
3511
3773
3823
3700
3766
3709
3021
3659
2855
3745
3721
3707
3744
3685
3733
3747
3665
3773
3714
3727
3199
3636
3675
3597
2910
3525
3123
3305
3359
3273
3269
2661
3311
3089
3284
3274
3275
3247
3287
3271
3349
3445
3469
3401
3525
3608
3463
3455
3573
3693
3714
3693
2927
3703
3751
3689
3700
3255
3759
3677
2951
3690
3701
3765
3121
3701
3823
3735
3841
3611
3597
3559
3431
3409
3386
3327
3372
3213
3265
3189
2540
3263
2787
3106
2692
3221
2591
3303
3327
2998
3405
3429
3467
3561
3613
3667
3730
3774
3732
3691
3753
3175
3722
3763
3757
3729
3754
3717
3667
3562
3729
3695
3695
3753
3781
3639
3636
2663
3483
3443
3386
3302
3287
3303
3303
2455
2437
3166
3223
3311
3435
3253
3167
3398
3288
3433
3499
3591
3573
3605
3028
3635
3613
3451
3761
3796
3751
3477
3720
3701
2934
3603
2917
3748
3685
3029
3737
3763
3699
3577
3854
3716
3425
3559
3530
2812
3357
3305
3347
3358
3297
3294
3231
3168
3185
3253
2796
3287
3156
3316
3393
3344
3421
3493
3600
3583
3597
3567
2799
3720
3701
3701
2933
3649
3159
3665
3785
3807
3772
2954
3721
3771
3782
3735
3844
3718
3323
