3210
3261
3323
3367
3373
3359
3337
3336
2599
3421
3351
3504
2879
3357
3341
3447
3388
3381
3547
3431
3347
3419
3343
3447
3348
3339
3437
3091
3351
3412
2519
2716
3357
2575
3359
3327
3441
2644
3411
3472
3324
3075
3379
3429
3387
3354
3411
3365
3395
3333
3152
3388
3409
3397
3335
3295
3421
3463
3349
3359
3263
2799
3407
3417
2899
3431
3439
3327
3485
2975
3629
3631
3188
3569
3581
3359
3545
3456
2375
3069
2771
2713
2616
2553
2429
2417
2099
2357
2419
2485
2650
2661
2761
2719
2733
2919
3088
2534
3345
3233
3461
3551
3744
3609
3453
3635
3646
3723
3148
3528
3268
3143
3081
2833
2660
2495
2503
2497
1813
2361
1859
2295
2320
2495
2576
2427
2557
2581
2722
2942
3151
3359
3475
3579
3543
3529
3331
3670
3503
3567
3605
3600
3693
2839
3289
3203
3005
2764
2583
2473
2466
2390
2341
2397
2371
2391
2417
2245
2760
2495
2693
2785
2800
3177
3371
2911
3615
2852
3296
3727
3617
3647
3639
3609
3594
3651
3535
3351
3311
3088
2837
2113
2063
1860
2332
2321
2397
2421
2372
2391
2653
2662
2679
2567
2701
2951
3257
2628
3493
3483
3511
3537
2823
3493
3509
3652
3545
3632
3568
3477
3251
3185
3098
2965
2801
2055
2667
2681
2588
2641
2579
2573
2134
2609
2595
2589
2489
2440
2952
3112
3261
3646
3559
3582
3315
3012
2743
3123
3565
3607
3650
3669
3445
3420
3191
3079
3017
2847
2397
2427
2607
2488
2476
2405
2369
2309
2576
2799
2881
2836
2418
2397
3108
3300
3533
3447
3461
3494
3553
3502
3485
3537
3555
3629
3722
3517
3493
3400
3167
2372
2937
2345
2718
2631
2548
2478
2507
2445
1959
1960
2633
2796
2629
2429
2777
2357
3205
3428
3517
3532
3483
2869
3529
3511
3457
3556
3593
3653
2836
3365
2639
3164
2999
3015
2897
2775
2645
2612
2519
2572
2355
2271
1999
2829
2815
2343
2475
2815
3007
2874
3365
3433
3397
3447
2679
3445
3361
3417
3267
3567
3579
3625
3409
3383
3295
2996
3061
2943
2783
2695
2685
2591
2589
2603
2660
2657
2566
2674
2782
2725
2775
2674
3168
3499
3415
3459
3467
3511
2887
3495
3301
3417
3631
3578
3543
3159
3351
3180
2915
3111
3004
2375
2885
2725
2448
2687
2677
2772
2733
2547
2645
2823
2757
2687
2901
3091
3247
3373
3472
3447
3345
2677
2759
2699
3413
3549
3509
3515
3601
3536
3397
3229
3165
2908
3019
2992
2847
2793
2805
2815
2821
2783
2841
2701
2777
2727
2717
2705
2933
2797
3431
3395
3429
3427
3447
3518
3349
3407
3466
3445
2988
3502
3411
3224
3377
3269
3172
3015
3007
3080
2833
2893
2881
2233
2819
2881
2855
2722
2948
2897
2865
2951
2909
2866
2896
2797
2814
2595
2507
2804
2284
3141
2800
3219
3389
3300
3345
3428
3356
3431
3356
3405
3515
3423
3453
3525
3359
3213
3190
2725
3028
2919
2919
2857
2861
2861
2911
2860
2835
2869
2781
2841
2793
2862
2276
3157
3345
3199
3427
3388
3380
3221
3418
3220
3382
3248
2893
3473
3435
3263
3249
3265
3191
3068
3013
2965
2931
2889
2828
2837
2925
2805
2807
2795
2773
2709
2775
2894
3105
3068
2985
3358
3375
3209
3365
3519
3379
3196
3377
3336
3353
2887
3305
3405
3123
3497
3345
3358
3287
2863
3089
2981
2957
2797
2957
2571
2878
2867
2128
2815
2841
2911
2869
2825
2769
2093
2326
2552
2780
2596
2719
2815
2964
2410
3277
3277
3359
3329
3345
2859
3327
3371
2805
3341
2501
3424
3391
3281
3312
3446
3317
3533
3485
3358
3289
3193
3167
2811
3069
2901
2891
2412
2912
2853
2837
2849
2813
2911
2823
2899
2801
2842
2705
2825
2575
2180
2765
2895
2855
2344
2875
3309
3327
3290
3307
2885
3181
3097
3209
3245
3357
3326
3301
3270
2959
3464
3301
3421
2727
3431
3239
3293
3207
3135
2989
2932
2987
2947
2533
2807
2579
2841
2917
2802
2963
2760
2975
2773
2829
2773
2862
2614
2151
2795
2956
2614
3079
3145
3197
3261
3334
2973
3365
3345
3059
3209
3225
3375
2719
3333
3404
2552
3401
3278
3392
3313
3346
3389
3157
2975
3010
3055
2925
2850
2851
2919
2893
2917
2869
2303
2431
2951
2947
2813
2853
2717
2705
2870
2707
2127
2864
3012
3028
3429
3297
3260
3221
3247
3273
3407
3301
3253
3249
3217
3337
3315
3353
2612
3396
3393
3378
3228
3239
3221
3208
3205
3013
2968
2945
2947
2901
2930
2885
3000
2897
2951
2346
2931
2881
2906
2815
2785
2828
2343
2270
2793
2901
3040
2943
3287
3169
3217
3234
3316
3327
3155
3241
3313
3295
3208
3325
3179
3327
3367
2845
3289
3449
3373
3269
3394
3183
3167
3051
2973
2962
2851
2773
2855
2815
2829
2836
2667
2846
2949
2832
2903
2191
2787
2783
2860
2772
2745
2773
2364
3025
3189
3261
3221
2643
3211
3281
2605
3263
3229
3205
3038
3333
3353
3415
3335
3306
3011
3345
3509
3447
3288
3213
2789
3045
2484
3037
2965
2873
2935
2997
2819
2839
2955
2899
2483
2858
2824
2882
2752
2804
2753
2827
2781
2801
2405
2968
3039
3263
3233
3279
3241
3179
3229
3195
3212
3253
3287
3367
3319
3223
3345
3325
2775
3341
3413
3359
2990
3277
3257
3145
2941
3043
3005
2796
2839
2820
2980
2931
2911
2372
2865
2893
2421
2723
2865
2836
2788
2803
2167
2857
2991
2948
2611
3291
3285
3296
3251
3007
2645
3155
3044
3167
3270
3285
3338
3280
3357
3394
2815
3347
2616
3345
3265
3305
3163
3071
3099
3061
2941
2901
2857
2279
2477
2743
2917
2953
2961
2967
2905
2884
2821
2823
2108
2836
2740
2375
2837
2783
2863
3308
3235
3303
3173
3255
3157
3221
3153
3260
3159
3199
3241
3230
3168
3277
3385
3445
2823
3473
3379
3240
3237
3205
3058
2565
2924
2960
2874
2921
2801
2959
2933
2897
2931
2983
2951
2747
2871
2869
2715
2747
2847
2319
2853
2902
3016
3141
3056
3159
3167
3135
3143
3125
2583
3221
3169
3211
3199
3205
3281
3108
3381
3383
3339
3455
3284
3377
3223
3208
3113
3031
2957
2278
2893
2911
2471
2837
2833
2819
2933
2984
2853
2255
2821
2869
2764
2836
2827
2603
2778
2709
2917
2917
3219
3245
3127
3221
3229
3147
3215
3169
3147
2972
3251
3231
3333
2556
2931
2773
3364
3353
3461
3454
2841
3011
3103
3244
3047
2896
2781
2835
2861
2871
2897
2800
3001
2917
2480
2245
2639
2887
2837
2820
2765
2797
2372
2435
2845
2825
3175
3212
3199
3181
3119
3279
3145
3167
3251
3249
3293
3277
2943
3317
3296
3324
3301
3383
3447
3253
3238
3279
3069
3081
2995
2947
2915
2901
2830
2805
2900
2881
2897
2951
2626
2499
2845
2843
2181
2591
2801
2229
2719
2769
2797
2735
3115
3105
3189
3097
3229
3189
3141
3249
3129
3165
3016
3253
3293
3347
3237
3414
3319
3413
3341
3391
3327
3301
3174
3068
3007
2997
2613
2897
2815
2824
2805
2877
2783
2711
2919
2919
2917
2908
2868
2829
2716
2451
2118
2737
2837
2823
2597
3145
2908
3252
3083
3253
3147
3157
3189
3096
2448
3311
3338
3277
3382
3293
2794
3314
3349
3341
3321
2613
2739
3175
3005
3025
2933
2931
2687
2867
2225
2815
2805
2864
2825
2898
2383
2913
2902
2801
2764
2774
2811
2737
2543
2861
2876
2960
3239
3279
3159
3211
3181
3023
3175
3295
3323
3339
3275
3285
3301
3437
3397
3320
3471
3379
3346
3335
3156
3125
3024
3076
2935
2911
2915
2732
2516
2845
2643
2839
2735
2859
2867
2797
2877
2835
2697
2812
2795
2813
2742
2893
2869
2800
3210
3213
2856
3080
3203
3208
3170
3199
3211
3324
3327
3285
3397
3022
3389
3372
3334
3413
3343
3341
2979
3201
3047
3021
2901
2871
2391
2781
2841
2435
2833
2873
2813
2867
2815
2807
2247
2810
2813
2090
2821
2783
2804
2850
2991
3013
3147
3297
3223
3141
3255
3287
3255
2740
3215
3316
3367
3360
2689
3347
3378
3374
3371
3400
3319
2850
3293
3167
2372
2919
2903
2973
2847
2492
2796
2789
2807
2952
2853
2829
2825
2919
2763
2844
2805
2709
2727
2847
2156
2124
2327
3000
3025
2420
3211
2445
3245
3167
3236
3286
3303
2487
2488
3385
3405
3394
2517
3397
3421
3341
3347
3311
3303
3303
3038
2579
3053
2704
2935
2777
2873
2813
2772
2853
2777
2833
2857
2865
2375
2825
2833
2772
2780
2737
2771
2777
2671
3053
3055
3128
3207
3157
3237
3232
3304
3277
3301
3225
3309
3313
3381
3482
3267
3319
3301
3123
3445
3287
3259
3173
2763
3113
2406
2479
2925
2902
2881
2909
2881
2871
2867
2911
2910
2204
2901
2905
2845
2287
2693
2812
2652
2119
2884
3137
3143
3069
3223
3216
3276
2965
3271
2423
3192
3295
3340
2500
3263
3402
3389
3275
2711
3337
3413
3295
3301
3301
3153
3057
2981
3021
2893
2869
2853
2748
2779
2853
2793
2845
2877
2853
2751
2847
2861
2806
2745
2813
2852
2801
2444
3126
3154
3145
2948
3167
3159
3181
3187
3179
3027
3259
3369
3253
3365
3383
3353
3364
3381
3357
3453
3349
3307
3238
3180
3037
3090
2993
2953
2747
2932
2811
2865
2936
2841
2805
2853
2911
2917
2991
2853
2804
2756
2719
2811
2221
2356
3029
3007
3143
3234
3237
3167
3197
3187
3368
3261
3198
3320
3364
3293
3359
2672
3259
3305
3307
3415
3401
3273
2861
3197
3158
2595
3031
2971
2953
2839
2909
2779
2812
2841
2799
2919
2877
2953
2837
2860
2783
2747
2092
2823
2841
2836
2436
3052
3133
3139
3221
3228
3153
3210
3261
3213
3281
2496
3407
3251
3361
2665
3281
3276
3375
3367
3321
3289
3289
2726
3098
3005
2647
2933
2965
2899
2855
2855
2736
2885
2879
2322
2991
2957
2451
2817
2799
2867
2775
2811
2807
2837
2901
3111
3136
3157
3105
3233
3252
3269
3262
3269
2868
3213
3251
3336
3271
3357
3397
3271
2549
3263
3341
3399
3235
3274
3213
3069
3093
2937
3005
2931
2885
2180
2841
2887
2853
2252
2877
2812
2869
2948
2947
2833
2801
2751
2869
2861
2876
3033
3103
3088
3207
3271
3223
3189
3212
2815
3166
2460
3303
3290
3299
3219
3419
3251
3471
3321
3396
3552
3327
3217
3340
3115
3037
2969
2955
2949
2897
2897
2828
2865
2863
2805
2755
2929
2935
2901
2901
2852
2813
2852
2813
2865
2957
2899
3007
3120
3105
3137
3155
3145
3343
3157
2481
3289
3269
3287
3261
3344
3271
3335
3055
3399
3325
3428
3243
3269
3293
3225
3101
3027
3042
2935
2837
2925
2836
2807
2831
2874
2929
2931
2917
2773
2813
2925
2769
2821
2753
2415
2199
2897
3095
3157
3103
3181
3161
3217
3217
3257
3229
2848
3275
2671
3317
3262
3289
3383
3266
3365
3369
3440
3333
3237
3281
2628
3087
2999
3025
2905
2960
2845
2871
2823
2876
2925
2989
2812
2882
2903
2859
2868
2801
2804
2789
2244
2862
2939
2949
3101
2493
3248
3195
3284
3248
3180
3348
2906
3233
3258
3246
3347
2979
3388
3368
3289
3341
3395
3439
3363
3280
3279
3188
3127
2968
3013
3081
2809
2901
2818
2881
2821
2643
2907
2748
2896
2413
2515
2865
2763
2786
2789
2850
2724
3012
2295
3103
2501
3113
3021
3127
3263
3227
3165
3000
3201
3327
3045
3263
2516
3359
3355
3403
3390
3347
3167
3307
2787
3213
2844
3025
3012
2284
2861
2901
2889
2805
2405
2889
2810
2871
2996
2955
2920
2794
2775
2777
2799
2810
2835
2961
3087
3133
3181
2971
3122
3183
3137
3210
3257
3197
2973
3353
3357
3351
3351
3373
3308
3371
3337
3317
3375
3228
3125
2612
3106
2947
2942
2994
2964
2921
2813
2796
2863
2826
2897
2595
2844
2885
2887
2823
2749
2751
2729
2779
2836
2925
3087
3123
3109
3151
3240
3095
3147
3239
3243
3271
3191
2583
3314
3317
3349
2896
3319
3279
3317
3327
3395
3294
3244
3253
3092
2437
2951
2897
2867
2884
2881
2303
2295
2827
2769
2805
2791
2873
2809
2228
2805
2117
2655
2781
2789
2966
3007
2907
2550
3071
3213
2911
3247
3189
3179
3285
3247
3248
3252
3349
2532
3024
3262
3349
3307
3321
3355
3257
3327
2900
3180
3149
2787
2971
2940
2877
2847
2813
2797
2741
2733
2832
2833
2399
2777
2803
2713
2685
2719
2815
2877
2895
2988
3084
3138
3135
3205
3211
3268
3253
3161
3064
3213
3293
3300
3167
3341
3292
3326
2799
3382
3365
3387
2819
3306
2471
3191
3017
3057
2949
2841
2923
2866
2660
2756
2761
2789
2794
2823
2773
2807
2655
2719
2727
2895
2805
2777
2903
2881
3047
2911
2977
3189
2543
3049
3267
3193
3249
3253
3233
3295
3305
3315
3465
3340
3103
3321
3408
3181
3429
3327
3191
3213
3250
2975
2901
2887
2863
2793
2745
2103
2303
2741
2715
2743
2717
2686
2633
2642
2637
2728
2687
2753
2829
2916
2953
3021
3106
3141
3233
3159
3228
3223
2589
3191
2663
3216
3229
3363
2765
2883
3277
2632
3359
3231
3361
2535
3337
3231
3165
3039
2941
2860
2901
2755
2829
2501
2775
2757
2485
2719
2696
2699
2193
2641
2641
2623
2895
2435
2681
2773
2992
3099
3061
3007
3237
3189
3138
3103
3154
3198
3239
3287
3169
3269
3347
3237
3167
3308
3389
2995
3416
3364
3167
3165
3103
2548
3025
2941
2885
2757
2771
2739
2612
2737
2827
2648
2731
2733
2636
2635
2673
2576
2087
2311
2799
2853
2897
2941
3099
2508
3159
3153
3141
3237
2819
3007
3190
3191
3197
3332
3381
3295
2775
3347
3268
2815
2550
3417
3404
3141
3023
2993
2963
2833
2837
2773
2591
2713
2773
2101
2691
2725
2665
2692
2727
2277
2663
2613
2724
2795
2826
2792
2921
2987
3067
3159
3149
3135
3219
3215
3266
3129
3270
3311
3301
3347
3339
3213
3327
2663
2965
3450
3319
2617
3308
2648
2611
2973
2997
2351
2791
2790
2658
2682
2810
2713
2748
2676
2687
2007
2674
2588
2621
2764
2676
2894
2773
2751
2844
2352
3079
3139
3138
2597
3157
3227
3145
2765
3165
3280
3233
2711
3327
3365
3377
2783
3333
3327
3317
3357
3133
3095
3109
3061
2837
2935
2743
2825
2761
2685
2655
2701
2635
2655
2630
2637
2637
2613
2397
2415
2691
2135
2837
2837
2891
2341
3017
3189
3171
3187
3145
3216
3269
3281
3193
3179
3283
3321
3271
3351
3287
3297
3419
3340
3453
3397
3379
3117
2938
3107
3051
2897
2916
2833
2733
2279
2507
2689
2125
2679
2573
2629
2643
2625
2211
2633
2719
2799
2805
2831
2869
2876
3099
3041
3153
3111
3123
3207
3223
3173
3175
3287
3268
3253
3231
3295
3373
3387
3369
3455
3358
3032
3462
3239
3161
2985
3057
3015
2871
2135
2802
2612
2712
2628
2615
2631
2597
2549
2617
2460
2603
2549
2576
2841
2805
2356
2908
2836
2970
3059
3125
3164
3191
3153
3217
3250
2884
3268
3393
3333
3012
3299
3431
3401
3393
3301
3390
3308
3313
3179
3173
3145
2341
3010
2939
2535
2672
2669
2655
2655
2660
2639
2537
2495
1961
2547
2591
2591
2031
2715
2826
2284
2975
2889
2327
3013
3116
3188
3114
3045
2471
3212
3181
3151
3239
3327
3237
3055
3380
3341
3301
3422
3479
3061
3408
3267
3241
3035
3029
3060
2909
2803
2769
2176
2705
2620
2655
2571
2540
2524
2703
2583
2367
2639
2685
2844
2853
2911
2845
2855
2961
3063
3060
3245
2775
3203
3175
3243
3221
3201
3213
3301
3344
3284
3358
3365
3435
3156
3375
3447
3474
3241
3255
3039
3047
2517
2925
2901
2327
2655
2723
2640
2583
2613
2509
2539
2531
2569
2555
2573
2645
2815
2342
2898
2893
3008
2885
2992
3039
3145
3164
3130
3211
3179
3151
3207
3254
3293
3359
3301
3403
3428
2685
3063
3450
3359
2839
2727
3275
3221
2502
3039
2979
2811
2621
2428
2683
2145
2591
2615
2591
2495
2299
2557
2157
2563
2589
2791
2935
2833
2947
2879
2869
2660
2526
3172
3128
3158
3277
3185
2933
3321
2543
3227
3283
3386
2599
3457
3389
3143
3190
3417
3381
3235
3209
3229
3055
2975
2519
2815
2674
2687
2655
2756
2585
2036
2639
2485
2593
2457
2501
2471
2504
2741
2933
2959
2908
2943
2874
2960
2385
3135
3243
3235
3310
3319
3331
3311
3395
3373
3419
3367
3423
3463
3443
3468
3453
2931
3149
3365
3251
2721
3188
3125
2816
2833
2677
2652
2640
2594
2605
2515
2540
2517
2495
2474
2581
2477
2637
2869
2949
2991
2941
2876
2857
2675
3173
3274
3171
3301
2947
3370
3402
3321
3361
3391
3484
3396
3379
3417
3484
3413
3309
3469
3403
3192
3307
2947
3140
3148
2943
2917
2707
2682
2665
2625
2580
2629
2092
2371
2519
2545
2608
2515
2597
2769
2847
2983
2949
2909
2901
2906
3209
3193
3155
3243
2589
3399
3319
3381
3445
3375
3469
3463
3381
3599
3449
3509
3505
2712
3533
3380
3245
3197
3229
3127
2945
2789
2689
2614
2573
2497
2545
2551
2544
1949
2423
2443
2429
2529
2248
2765
2357
2879
2979
2805
2958
2953
3207
3327
3273
3364
2679
3423
3427
3397
3394
3460
3423
3493
3441
3463
3479
3385
2716
3423
3511
3509
3285
3258
3231
3095
3008
2277
2724
2431
2597
2531
2582
2671
2513
2460
2443
2493
2416
2419
2548
2729
3020
2999
2948
2885
2916
2947
3165
3309
3337
3316
3366
3347
3371
3413
3332
3389
3516
3476
3501
3431
3354
3414
3481
3401
3548
3511
3313
3309
3209
3148
2953
2781
2639
2643
2615
1920
2501
2466
2461
2429
2429
2393
2179
2372
2597
2863
2973
2979
2967
2532
2935
2563
3143
2987
3373
2797
3365
3062
3401
3398
3273
3415
3277
3421
3581
3533
3445
3517
3479
3460
3160
3425
3309
3373
3375
3091
3105
2813
2751
2669
2615
2600
2295
2468
2487
2525
2397
2389
2477
2085
2517
2717
2900
2967
3011
2997
2901
3047
3006
3251
3292
3382
3419
3461
3365
3509
3449
3513
3506
3469
3499
3449
3485
3557
3452
3570
3519
3539
3343
3237
3103
3187
3053
2865
2699
2632
2535
2547
2553
2568
2013
2485
2385
2395
2461
2387
2489
2681
2853
2983
2967
2889
2795
2489
2971
3180
3361
3297
3332
3473
3355
3501
3419
3415
3487
3567
3519
3413
3563
3573
3545
3473
3603
3485
3201
2851
3181
3143
3048
2845
2299
2324
2497
2425
2353
2356
2455
2404
2375
2393
1847
2372
2493
2762
2985
2925
3020
2916
2923
3005
3139
3035
2565
3391
3479
3481
3503
3441
3437
3514
3514
3470
3517
2917
3536
3609
3435
2991
3655
3577
3381
3311
3301
3053
3049
2780
2653
2487
2469
2481
2421
2423
2373
2295
2431
2387
1997
2409
2628
2596
2899
3033
3028
2957
2777
2901
2741
3085
3421
3365
3081
3469
3460
2711
3411
3203
3619
2882
3626
3509
3663
3633
3511
3637
3577
3437
3245
2452
3243
3044
2991
2783
2653
2467
2495
2451
2344
2340
2289
2379
2340
2404
2405
2493
2585
2889
2544
3084
3057
2885
2751
3007
2519
3172
3468
3493
3475
2733
3510
3533
3492
3655
2760
3550
3596
2775
3628
3653
3551
3615
3455
3303
3245
3252
3175
3053
2760
2577
2431
2513
2425
2381
2335
1769
2320
2317
2303
2335
2212
2359
2772
2725
2999
3061
3017
2893
2902
3164
3163
3375
2865
3511
3545
3575
3027
3621
3605
3663
3469
3601
3677
3259
3132
3575
3700
2729
3305
3305
3305
3305
3127
2801
2781
2695
2625
2303
2343
2215
2345
2317
2333
2301
2199
2418
2519
2697
2753
2989
3104
2279
2812
2837
2725
3026
3137
