1905
1834
1938
1919
1931
1935
1937
2132
2148
2103
2089
1899
2022
2119
2006
1929
2121
1815
2095
1919
1887
1935
2031
1907
2119
2115
2069
1917
2017
1810
1943
1790
1744
2012
2095
1933
2065
1500
1892
1930
2031
2000
2055
1915
2125
1958
1923
1955
1909
1655
2191
2420
2517
2694
2783
2419
2701
2527
2515
2671
1945
2355
2569
2312
2138
2128
2386
2480
2481
2686
2522
2640
2707
2699
2737
2006
2603
2330
2421
2436
2309
2098
2014
2271
2351
2575
2450
2662
2725
2700
2498
2682
2791
2455
2433
2393
2540
2599
2208
2230
2039
2144
2303
2448
2479
2401
2669
2599
2680
2605
2695
2631
2444
2593
2502
2335
2445
2498
1895
2021
2107
2346
2490
2499
2671
2653
2837
2935
2681
2641
2634
2439
2369
2662
2523
2244
2107
2143
2173
2580
2553
2638
2507
2462
2706
2859
2854
2662
2455
2410
2539
2376
2598
2222
2261
2236
2131
2436
2473
2467
2671
2525
2650
2711
2077
2358
2613
2415
2615
2482
2648
2197
2000
1983
2212
2231
2443
2501
2640
2500
2832
2721
2807
2661
2641
2369
2363
2179
2519
2202
2148
2162
1879
2443
2315
2591
2618
2494
2658
2178
2578
2611
2292
2397
2363
2188
2567
2345
2045
2141
2017
2469
2449
2470
2457
2781
2651
2795
2712
2559
2344
2378
2517
2481
2298
2123
2165
2138
2384
2445
2474
2427
2642
2622
2927
2887
2427
2655
2406
2421
2449
2361
2537
2303
2127
2113
2251
2410
2607
2651
2642
2497
2591
2852
2513
2438
2101
2083
2342
2295
2256
2211
2072
2234
2338
2618
2564
2471
2482
2536
2835
2732
2673
2411
2379
2317
2335
2309
2478
1774
2115
2126
2461
2597
2527
2242
1988
2505
2143
2747
2442
2637
2385
2355
1903
2311
2286
2205
1959
2117
2282
2077
2527
1944
2667
2498
2415
2709
2434
2395
2340
1918
2375
2283
1836
2171
2162
2202
2241
2596
2408
1994
2479
2635
2591
2475
2501
2445
2501
2449
1824
2090
2224
2251
2199
2254
2434
2381
2366
2412
2612
2547
2706
2577
2458
2342
1886
2379
2407
2271
2447
2341
2109
2000
2259
2263
2318
2334
2328
2385
2450
2453
2623
2523
2083
2441
2226
2197
1864
2153
2065
2242
2119
2381
1775
2463
2338
2368
2087
2191
2537
2311
2257
2215
1955
2157
2162
2192
2019
2239
2281
2297
2491
2470
2509
2351
2525
2407
2355
2207
2441
2257
2184
2101
2207
2094
2197
2140
2098
1872
1853
1835
1837
1791
1430
1963
1810
1994
1799
1743
1771
1765
2056
1735
1747
1727
2003
1795
1806
1733
1939
1827
1992
2253
2144
2254
2235
2263
2391
2341
2291
2431
2534
2277
2259
2404
2155
2279
2157
2043
2243
2141
2227
2225
2195
2384
2218
2417
1927
2459
2455
2374
1924
2326
2383
2317
2180
2168
1972
2215
2336
2471
2261
2275
2266
2279
2445
2430
2519
2432
2158
2436
2321
2264
1995
2118
2147
2480
2618
2401
2357
2364
2096
2320
2533
2603
1982
2415
2469
2230
2059
2069
2114
2065
2039
2345
2619
2429
1908
1988
2415
2362
2359
2559
2706
2404
2294
2238
2269
2266
1743
1810
2148
2382
1924
2668
2411
2508
2390
2366
1892
2720
2594
2607
2332
2266
2235
2134
2091
2069
2199
2290
2541
2418
2660
2629
2379
2383
2382
2593
2263
2515
2051
2269
2314
2161
2122
1839
2093
1799
2443
2551
2658
2453
1960
1968
2606
2825
2570
2391
2483
2349
2338
2402
2243
1831
1579
2310
2038
2476
2419
2651
2455
2481
2360
2641
2643
2529
2454
2504
2271
2255
2055
2099
2164
2251
2434
2447
2461
2454
2675
2627
2597
2537
2659
2658
2371
2289
2438
2219
2019
1793
2066
2335
2345
2471
2384
2385
2555
2422
2437
2760
2663
2447
2569
2245
2311
2442
2152
1935
1871
2351
1943
2485
2476
2371
2663
2645
2615
2877
2690
2561
2236
2322
2277
2051
1984
2065
2205
2243
2023
2582
2575
2646
1895
2507
2005
2777
2204
2820
2504
2393
2294
2337
2204
1837
1939
2289
2554
2159
2543
2746
2299
2519
2737
2879
2181
2556
2531
2329
2302
2192
1970
1851
2054
1961
2334
2347
2439
2625
2545
2496
2711
2734
2829
2024
2368
2351
2301
2220
1960
1980
1929
2127
2409
2492
2469
2561
2435
2554
2793
2863
2255
2635
2405
2347
2239
2404
2180
2083
2071
1991
2262
1870
2333
2614
2630
1973
2750
2767
2592
2570
2461
2527
2437
2305
1983
2067
2245
2004
2334
2063
2363
2515
2103
2486
2735
2795
2181
2103
2550
2490
2555
2455
2154
1972
1962
2357
2628
2327
2711
2597
2026
2707
2527
2748
2762
2666
2537
2640
2509
2299
2302
2015
1883
1773
2210
2238
2265
1894
1933
2464
2442
2368
2803
2491
2583
2519
2617
1828
2372
2297
2292
2281
2031
2453
2356
2290
2245
2242
2266
2354
2237
2177
1799
2379
2289
2209
2307
2335
2030
2381
2183
2199
2393
2215
2287
2264
2194
2264
2216
2213
1887
2200
2329
2197
2317
2189
2311
2195
2183
2226
1919
2177
2175
2188
2143
1987
2199
2173
2301
2343
1807
2094
1852
2179
2291
2198
2195
2234
2319
2368
2322
2261
2165
2341
1799
2133
2193
2197
2155
2111
2151
2309
2284
2161
1799
2150
2188
2330
2154
1928
2161
2329
2155
2203
2265
2203
2154
2149
2143
2275
1899
2152
2317
2048
2309
2207
2317
2210
2148
1711
1626
2250
1636
2148
2191
2314
2246
1640
2199
2134
1704
2125
2276
2244
2135
2299
2383
2135
2295
2131
2293
2103
2137
2267
2137
2125
1713
2221
2117
2248
2306
2200
2139
2258
2127
2268
1903
2093
2273
2131
2135
2131
2152
2125
2090
2117
2135
2207
2285
2261
2322
1831
1667
2112
2281
1965
2129
2119
2286
1791
2103
2034
2251
2238
2114
2116
2079
2107
2110
2089
2209
2150
2132
2056
1742
2267
2110
2311
2110
2275
2117
1830
2061
2099
2171
2114
2099
1831
2099
2112
2251
2109
1935
2065
2284
2091
2069
2196
2277
2267
2177
1671
2195
2141
1783
2295
2184
1644
