3236
3245
3241
3244
3227
3160
3201
3174
3159
3137
2590
3155
3167
3317
3217
3108
2562
3276
3025
2911
3207
2753
3219
3167
3157
3175
3291
3419
3145
2777
2599
2505
1856
2380
2245
2333
2407
2373
2676
3202
3327
3332
2589
3309
2567
3440
3345
2429
2415
2437
1941
2221
2197
2165
2303
2341
1905
2773
3375
3293
3285
3408
3371
3332
3411
3141
3021
2693
2429
2309
2135
2198
1999
2301
2299
2077
2816
3157
3294
3347
3289
2959
3313
3457
3053
2723
2687
2417
2277
2181
2101
2129
2167
2373
2383
2712
3236
3231
3448
3321
3269
3404
3357
3290
3092
2754
2457
2271
2232
2221
2211
2261
2373
1815
2860
3165
2485
3236
3201
3217
2946
2918
3276
3027
2655
2471
2217
2193
2181
2208
2258
2067
2538
2773
3175
3185
3360
3325
3283
3283
2740
3235
2999
2649
2482
2285
2181
2221
2220
2269
2369
2417
2783
3181
3263
3239
2580
3325
3369
3313
3311
2951
2640
1836
2301
2303
2027
2229
2303
2309
1833
2776
2809
3196
3295
3229
3315
3385
3289
3143
3037
2672
2401
2289
2277
2245
2193
2357
1743
2419
2852
3041
3229
3220
3240
3292
3299
3359
3071
2690
2635
2467
2247
2348
2193
2324
2339
2381
2397
2641
3060
3172
3201
3281
3251
3314
3299
3199
3014
2689
2505
2508
2267
2221
1729
1869
2337
1815
2725
3118
3228
3257
2439
3289
3233
3303
3284
3053
2794
2515
2327
2347
1967
2341
2256
2393
2407
2715
3296
3189
2629
3267
3197
3317
3287
2899
3001
2741
2545
2389
2396
2349
2399
2364
2371
2369
2672
3027
2343
3209
3217
2901
3245
3039
3230
2933
2655
2497
2327
2373
2253
2200
2280
2375
2381
2685
3143
3197
2503
3204
3019
3287
3326
3261
2981
2620
2478
2365
2356
2224
1870
2289
2397
2315
2627
3111
3175
3163
3191
3036
3180
3185
3285
3301
3092
2692
2645
2499
1935
1729
2359
2051
2444
2259
2103
2573
2296
2471
2727
3127
2391
3137
3187
3129
3181
3216
3249
3251
3110
3022
2709
1956
2467
2367
2365
2479
2397
2359
2327
2423
1687
2388
2649
3031
3215
3177
3097
3156
3221
3005
3220
3275
2579
2847
2863
2705
2532
1812
2449
2413
2423
2369
2317
1820
2097
2405
2567
3039
3069
2333
3136
3188
3089
3218
3223
3335
3289
3231
3015
2741
2615
2541
2415
2264
2291
2348
2349
2269
2437
2397
2501
2136
3005
2355
3279
3095
3125
3217
3117
3192
3251
3265
2987
2751
2732
2525
2489
2413
2173
2373
2479
2388
2019
2343
1891
2529
3057
2924
3065
3087
2711
3129
3132
3296
3221
3207
3149
2899
2419
2700
2577
2463
1791
2511
2371
2279
2348
2397
2397
2397
2397
2397
2397
2397
2397
2397
2397
3088
3185
3266
3197
3197
2885
2731
2731
2731
2731
2731
2731
2731
2731
2731
2731
2731
2731
2731
2731
2731
2731
2731
2731
2731
2731
2731
2731
2731
2731
2731
2731
2731
2731
2731
2731
2731
2731
2731
2731
2731
2731
2731
2731
2731
2731
2731
2731
2731
2731
2731
2731
2731
2731
2731
2731
2731
2731
2731
2731
2731
2731
2731
2731
2731
2731
2731
2731
2731
2731
2731
2731
2731
2731
2731
2731
2731
2731
2731
2731
2731
2731
2731
2731
2731
2731
2731
2731
2731
2731
2731
2731
2731
2731
2731
2731
2731
2731
2731
2731
2731
2731
2731
2731
2731
2731
2731
2731
2731
2731
2731
2731
2731
2731
2731
2731
2731
2731
2731
2731
2731
2731
2731
2731
2731
2731
2731
2731
2731
2731
65024
65024
65024
65024
65024
65024
65024
65024
65024
65024
65024
65024
65024
65024
65024
65024
65024
65024
65024
65024
65024
2864
2875
3023
2830
2865
2753
2829
2853
2803
2183
2815
2794
2087
2940
2267
2608
2333
2385
2241
2517
2485
2385
2391
1993
2060
2599
2741
2889
2295
3150
3177
3269
3101
3137
3233
3165
3190
3095
3055
2591
2269
2439
2463
2127
2541
2469
2506
2461
2429
2625
2863
2236
3009
2943
3289
3415
3285
3193
3320
3213
2975
3127
3092
2508
2359
2485
2507
2575
2100
2481
2463
2607
2064
2565
2865
3028
3164
3315
3287
3281
2920
3254
3153
3105
3116
2803
2119
2271
2502
2503
2637
2581
1975
2509
2493
2463
2460
2295
2853
3127
3189
2804
3435
3281
3203
3159
2933
3043
3062
2388
2834
2413
2469
2367
1861
2516
1879
1832
2367
2410
2403
2755
2989
3163
2853
3301
3199
3285
3295
3216
3195
3169
3071
3029
2477
2288
2369
2315
2364
1735
2284
2383
2419
2469
2626
2845
2303
3133
3294
3295
3270
3341
2788
2723
3187
3181
2659
2809
1900
1703
2361
2429
2519
2539
2131
2521
2425
2501
2831
2891
2997
3228
2582
3402
3303
2629
2756
3205
3193
3091
3087
2677
2389
2367
2421
2513
2583
2455
2476
2417
2479
2429
2781
2925
3181
3252
3344
3317
3407
3359
3175
3210
2721
3142
3092
2431
2331
2449
2340
2414
2407
2035
2391
2343
2359
2589
2865
3010
3171
3309
3326
3302
3260
3167
3239
3253
2333
3248
2996
2397
2359
2325
2389
2355
2387
2455
2379
2365
2477
2735
2893
3146
3182
3252
3294
3153
3301
2701
3262
3225
3269
2581
1983
2455
2380
2387
2369
2315
2001
2463
2895
3042
3233
3331
3246
3124
3267
3187
3181
3220
2529
2271
2395
2280
2391
2271
2303
2271
2148
2889
3102
3263
2519
2604
3323
3250
3297
3089
3167
2546
2373
2471
2439
2401
1767
2403
2325
2696
2897
3117
3265
3316
3310
3348
3281
3273
3259
3125
2517
2291
2461
2353
2429
2359
2355
2239
2461
2907
3053
3324
3357
3251
3299
3247
2893
3231
3121
2399
2211
1831
2389
1999
2321
2415
2269
2504
2885
3133
3289
3381
3337
2591
3280
3262
3212
3157
2490
2282
2287
2340
2377
2285
2269
2309
2509
2860
3047
2599
3351
3295
3349
2743
3207
2951
3167
2367
2253
2377
2164
2209
2221
2195
2257
2399
2499
3060
3193
3325
3287
3289
3326
3317
3274
3177
2461
2247
2404
2329
2279
2253
2245
2260
2530
2941
3255
3335
3337
3319
3309
2979
3119
3182
3148
2385
2397
2115
2237
2271
2231
2228
2285
2041
2972
3148
3300
3323
3293
3357
3345
3103
3291
3177
2320
2417
2327
2207
2229
1907
2204
2277
2461
2985
3186
3303
3367
3422
3297
2599
3362
2583
3133
2369
1812
2259
2192
2169
2268
2237
2231
2139
2965
3244
3390
3492
3387
3379
3364
3229
3277
2797
2337
2321
2217
2129
2183
2153
2152
2149
2391
2967
3183
3397
3401
3333
2711
3344
3323
3253
2877
2443
2452
2301
2143
2213
2164
2129
2169
2397
2981
3185
3217
3432
3423
3468
3314
3369
3212
3021
2453
2327
2199
2132
2180
2157
2153
2195
2463
2975
3287
3439
3419
3347
3386
3317
3254
3321
2790
1911
2299
2287
2123
2191
2101
2069
2220
2421
3066
3439
3397
3381
3391
3341
2998
3264
3407
3130
3317
3345
3367
3314
3383
3397
3250
3356
3363
3362
2836
3219
2815
3313
3257
3306
3339
3355
3364
2688
3294
3252
3318
3353
3308
3349
3231
3277
3237
3293
3303
3290
3349
2705
3281
3348
3265
3349
3327
3327
3340
3372
3285
3345
3284
2941
3308
3327
3285
65024
65024
65024
65024
65024
65024
65024
