2111
2192
2293
2285
2269
2326
2281
2247
2312
2321
2303
2277
2343
2249
2293
2279
2267
2289
1865
2320
2243
2276
2293
2408
2323
2331
2214
2334
2207
2370
2348
2347
2365
2354
2361
2337
2235
2085
1915
2278
2108
1938
1711
1887
1863
1892
1749
1828
1685
1683
1733
1683
1649
1535
1655
1657
1589
1643
1379
1557
1581
1440
1569
1605
1621
1671
1759
1695
1367
1786
1779
2127
1779
2200
2303
2329
2335
2307
2434
2381
2345
2412
2357
2511
2383
2448
2401
2353
2343
2085
2377
2389
2397
2353
2384
2321
2395
1863
2396
2353
2333
2258
2194
1564
1973
1927
1999
1813
1776
1379
1567
1397
1508
1629
1869
1669
1379
1591
1614
1556
1671
1606
1408
1549
1541
1199
1613
1628
1220
1685
1640
1729
1813
1914
2141
2125
2195
2116
2357
2052
2325
2339
2377
2476
2349
2370
2385
1831
2056
2511
2362
2357
2371
2363
2357
2479
2349
1879
2401
2308
2303
2367
2381
2288
2220
2093
1978
2140
1879
1697
1279
1799
1747
1715
1620
1263
1611
1808
1597
1591
1537
1458
1553
1480
1159
1598
1593
1600
1253
1517
1511
1603
1595
1635
1717
1801
1843
2087
1747
2293
2297
2257
2341
2320
2369
2297
2330
2389
2205
2368
2333
2391
2373
2331
2359
2389
2245
2390
1790
2377
2386
2375
2357
2335
2436
2511
1892
2211
2028
1951
1819
1828
1787
1487
1703
1745
1635
1688
1607
1567
1687
1619
1702
1407
1552
1625
1621
1541
1764
1695
1621
1605
1513
1439
1685
1641
1661
1295
1853
2031
2081
1694
2271
2288
2318
2294
1981
2327
2347
2321
2327
2385
2380
2337
2395
2365
1892
2365
1776
2239
2176
2387
2321
2349
2321
2381
2376
2333
2284
2269
2153
1887
1710
1879
1791
1790
1770
1745
1601
1695
1623
1567
1204
1651
1708
1636
1603
1585
1601
1623
1312
1559
1295
1614
1565
1679
1279
1625
1676
1681
1637
1900
1989
2141
2175
2237
2207
2311
2298
2339
2271
2349
2283
2342
2298
2479
2324
2204
2323
2321
2147
2357
2299
2476
2393
2191
2311
2352
2479
2496
2286
2279
2275
2103
2027
1921
1820
1575
1415
1724
1365
1805
1191
1625
1666
1572
1611
1603
1593
1395
1535
1278
1525
1554
1428
1503
1605
1573
1716
1611
1590
1599
1651
1631
2064
1980
2185
2177
1684
2287
2374
2295
2287
2201
2303
2303
2359
2349
2341
2343
1847
2325
2335
2384
2356
2383
2351
2427
2124
2303
2209
2342
2338
1884
2231
2207
2033
1965
1797
1823
1757
1720
1706
1521
1604
1213
1594
1471
1671
1559
1640
1559
1664
1603
1221
1605
1533
1543
1180
1540
1559
1481
1633
1698
1693
1677
1741
1970
2071
2150
2203
2287
2209
1916
2293
2303
2500
2333
2283
2131
2356
2136
2341
2359
2341
2370
2219
2325
2372
2383
2325
2380
2365
2337
2285
2353
2336
2175
2184
2039
2127
1791
1871
1791
1407
1537
1278
1623
1512
1587
1581
1616
1487
1627
1641
1589
1487
1601
1567
1679
1607
1471
1549
1236
1607
1471
1565
1718
1743
1850
1841
2069
2272
2271
2293
2277
2279
1718
2293
2147
2288
2331
1975
2338
2299
2305
2293
1923
2365
2343
1751
2233
2252
2381
2181
2342
2327
2327
2297
2325
2096
2165
2224
1981
1859
1755
1815
1777
1916
1428
1569
1660
1661
1631
1565
1588
1597
1615
1159
1637
1535
1593
1603
1521
1192
1541
1300
1585
1553
1569
1751
1684
1791
1969
2009
2154
2236
2231
2287
2237
2282
2325
2329
2331
2288
2479
2460
2356
2287
2345
2357
2318
2333
2257
2421
2355
2327
2378
2326
2313
2303
2369
2331
2237
2143
1484
1933
1831
1287
1749
1709
1687
1631
1319
1804
1666
1633
1659
1589
1573
1668
1559
1127
1620
1408
1616
1613
1505
1505
1593
1456
1659
1677
1681
1657
1837
2027
2093
2165
2267
2289
2309
2293
2209
2200
2275
2285
2388
2399
2312
2309
2063
2299
2349
2432
2322
2271
2344
2311
2339
2342
2311
2321
2325
2338
1876
2175
2255
2013
1884
1856
1763
1787
1695
1673
1255
1695
1641
1212
1639
1636
1624
1743
1559
1533
1636
1572
1567
1489
1521
1743
1238
1527
1582
1611
1663
1711
1936
1840
1540
2115
2169
2170
2281
2273
2322
2271
2277
2258
2181
2314
2279
2339
1939
2195
2345
2355
2340
2330
2351
2249
2358
2343
2361
2315
2303
2343
2347
2217
2256
2141
1652
1887
1860
1999
1771
1325
1718
1638
1263
1675
1423
1669
1669
1585
1646
1601
1637
1623
1557
1555
1597
1616
1411
1581
1569
1533
1216
1238
1706
1753
2064
1979
1715
2155
2223
1713
2128
2161
2301
2257
2276
2255
2336
2310
2338
2323
2197
1736
2028
2349
2207
2341
2351
2289
2375
2343
2321
2332
2447
2303
2239
2277
2132
1444
1913
1788
1840
1773
1699
1726
1651
1681
1629
1733
1644
1653
1610
1804
1423
1665
1615
1603
1775
1236
1644
1772
1565
1613
1572
1671
1331
1689
1664
2061
2026
2043
2141
2233
2259
2277
2380
2225
2278
2327
2288
2196
2314
2307
2215
2180
2327
2239
2341
1919
2303
1876
2301
2307
2350
2271
2299
1863
2337
1859
2177
2038
2007
1940
1827
1805
1777
1508
1631
1636
1689
1689
1689
1669
1671
1686
1593
1534
1645
1661
1573
1676
1700
1607
1623
1768
1276
1582
1669
1677
1640
1759
1997
1832
1951
2215
2233
2380
2249
2239
2302
2269
2288
1743
2284
2331
2303
2291
2323
1703
2346
2320
2257
1935
2303
2116
2375
2313
2327
2275
2299
2313
2207
1907
2001
1958
1879
1823
1764
1763
1751
1641
1703
1759
1724
1637
1576
1752
1734
1743
1367
1671
1693
1655
1675
1287
1616
1581
1579
1631
1597
1605
1695
1677
1755
1953
2037
1847
2164
2253
2234
2281
1989
2263
2293
2335
2315
2287
1972
2293
2312
2325
2290
2311
2322
2408
2277
2408
2346
2331
2287
2287
2303
1971
2303
2198
2113
1983
1933
1863
1727
1617
1344
1279
1673
1697
1640
1367
1387
1585
1705
1645
1335
1807
1645
1617
1596
1223
1220
1596
1675
1671
1571
1645
1596
1607
1698
1551
1981
2151
2141
2228
2295
2319
2259
2258
2323
1991
2269
2275
2323
1780
2309
2327
2340
2317
2293
2337
2309
2333
2289
2336
2323
2322
2240
2324
2303
2291
2169
2095
2039
1921
1811
1811
1782
1725
1751
1739
1659
1839
1719
1701
1709
1617
1599
1659
1519
1687
1599
1600
1856
1684
1661
1529
1588
1570
1635
1703
1525
1731
1889
1885
2079
2033
2192
2258
2225
2246
2239
2291
2298
2399
2277
2357
2294
2289
2317
2324
1830
2433
2463
2188
1831
2327
2346
2312
2288
2239
1716
2207
2399
1711
2087
1965
1599
1762
1912
1407
1960
1709
1689
1318
1731
1685
1729
1671
1647
1701
1260
1577
1673
1631
1757
1701
1327
1663
1800
1637
1593
1573
1679
1654
1701
1820
1936
2079
2135
2079
2235
2236
2225
2452
2313
2099
2271
2279
2265
2303
1799
2329
2239
2198
2337
1735
2334
2358
2208
2155
2301
2309
2156
2225
1999
2374
1663
2038
1841
1792
1679
1797
1719
1719
1252
1655
1741
1745
1528
1631
1699
1239
1587
1812
1705
1553
1271
1612
1639
1667
1279
1512
1254
1503
1760
1712
1223
1781
1819
2023
2127
2154
2250
2223
1935
2287
2279
2303
2415
2295
2299
1704
2278
2383
2323
2271
2323
2436
2287
2334
2343
2335
2456
2293
2408
2269
2307
2292
2343
2119
1959
1383
1844
1769
1731
1764
1737
1713
1677
1661
1619
1659
1705
1641
1601
1673
1239
1679
1593
1653
1667
1652
1590
1657
1577
1639
1581
1681
1663
1711
1694
1835
2043
2114
2252
2229
2277
2257
2327
2289
2271
2291
2031
2314
2193
2297
2281
2299
2304
2271
2336
2318
2318
2288
2341
2291
2321
2281
2298
2208
2241
2044
2043
1939
1792
1555
1742
1756
1744
1669
1236
1661
1663
1223
1701
1680
1601
1599
1669
1680
1735
1416
1631
1639
1599
1581
1637
1421
1591
1616
1684
1442
1661
1729
1823
2037
2117
2155
2245
2271
2226
2230
2368
2271
2289
2301
2271
2313
2291
2173
2063
2309
2300
2300
2300
2309
2257
2313
1877
2109
2298
2394
2338
2311
2064
2095
1885
1849
1781
1779
1788
1660
1613
1645
1436
1605
1618
1512
1665
1231
1552
1589
1589
1570
1471
1611
1439
1597
1549
1724
1531
1617
1664
1676
1884
1756
1840
2019
2053
2049
2319
2111
2273
2249
2416
2251
2299
1703
1776
2319
2297
2321
2268
2277
1863
1831
2310
2323
1916
2331
2273
1896
2334
2233
2297
2314
2287
2012
1807
1972
1893
1374
1791
1717
1652
1631
1604
1609
1599
1615
1567
1159
1623
1441
1558
1535
1607
1609
1596
1507
1631
1533
1547
1413
1602
1647
1617
1666
1763
1966
1973
2102
2097
1827
2261
1819
2225
2277
2283
2280
2290
2299
2293
2271
2263
2057
2291
2306
2271
1732
2301
2320
2292
2285
2399
1875
2327
2269
2311
1812
2085
2001
1922
1651
1764
1856
1715
1629
1633
1471
1175
1553
1619
1308
1618
1601
1605
1551
1556
1473
1596
1553
1557
1571
1509
1514
1343
1601
1633
1639
1716
1844
1949
1855
2105
2141
2238
2242
2191
2304
2269
2279
1831
2161
2245
2302
2145
2286
2281
2299
2275
2279
1711
2279
2375
1944
2257
2207
2290
2291
2269
2271
2203
1983
1969
1727
1967
1745
1818
1677
1397
1616
1616
1475
1347
1543
1541
1577
1471
1587
1605
1503
1505
1572
1505
1565
1555
1555
1509
1497
1548
1487
1628
1679
1322
1663
2071
1871
2153
2221
2257
2128
2075
2287
2260
2284
2100
2245
1736
2328
2293
2335
2315
2289
2281
2067
1780
2391
2319
1919
2307
2012
2298
2283
2394
2186
2221
1937
1869
1821
1749
1663
1745
1685
1617
1667
1553
1589
1629
1607
1527
1543
1588
1542
1499
1525
1522
1578
1553
1556
1552
1533
1581
1197
1685
1691
1279
1901
1983
1524
2000
2171
2233
2237
1767
2274
2111
2280
2271
2291
2303
2256
2283
2297
2274
2281
2325
2225
2315
2265
2303
2441
2111
2316
2311
2302
2303
2294
2149
1929
1947
1825
1407
1782
1279
1659
1692
1620
1668
1605
1439
1621
1639
1556
1561
1537
1555
1460
1543
1535
1525
1491
1525
1567
1485
1191
1639
1780
1681
1771
1909
2001
2054
2085
2129
2081
2055
1860
2192
2279
2209
2259
2277
2167
2239
2299
2288
2257
2309
2399
2297
2099
2343
2303
2271
2305
2064
2377
2321
2311
65024
65024
65024
65024
65024
65024
65024
65024
65024
65024
65024
65024
65024
65024
65024
65024
65024
65024
65024
65024
65024
1679
1555
1505
1152
1601
1546
1374
1681
1763
1705
1767
1897
2054
2103
2211
2161
2340
2311
2261
2283
2341
2360
2351
2337
2179
2369
2341
2375
1900
2307
2272
2365
2332
2233
1935
2345
2343
2263
2447
2333
2375
2213
2239
2039
1969
1919
1815
1903
1772
1791
1407
1557
1681
1744
1678
1616
1226
1279
1652
1639
1206
1578
1517
1569
1583
1621
1605
1510
1204
1603
1553
1599
1846
1993
2079
2113
1575
2243
2215
2329
2365
2277
2342
2323
1735
2356
2349
2323
2346
2345
2386
2438
2362
2372
2383
2271
2251
2377
2367
2338
2386
2365
2327
2374
2225
2115
2002
1967
1857
1833
1783
1695
1758
1713
1671
1690
1726
1611
1653
1679
1631
1555
1622
1199
1176
1625
1616
1190
1543
1579
1207
1555
1573
1765
1687
1935
2000
2091
2117
2123
2248
2211
1775
2327
2325
2337
2318
1940
2343
2335
2303
2345
2313
2352
2384
2324
2115
2335
2163
2358
2380
2387
2382
2337
2064
2343
2276
2202
2036
1945
1959
1861
1337
1831
1785
1451
1547
1725
1678
1505
1587
1159
1539
1167
1634
1567
1315
1643
1447
1617
1563
1471
1638
1595
1692
1706
1763
1340
1881
1965
1989
1993
2194
2183
2273
2339
2281
1743
2338
2287
2354
2321
1775
2361
2394
2363
2373
2391
2370
2373
2359
2341
2285
2382
2367
2389
2401
2403
2392
2228
2174
2032
1937
1921
1901
1776
1825
1765
1776
1751
1733
1685
1593
1635
1247
1806
